frame_indices,x_coords,y_coords,contrasts,masses_kDa,fit_errors,diffblur_errors,neareast_neighbour_distances,selections
5.000000000000000000e+00,2.173429991373678050e+01,1.431620964059432666e+01,-8.845855820800689259e-03,2.377345083042147849e+02,3.036828400611525369e-01,0.000000000000000000e+00,9.078275053065651079e+00,1.000000000000000000e+00
5.000000000000000000e+00,8.139715485656658700e+01,1.993702683488529814e+01,-7.748724013243747481e-03,2.092992550136229397e+02,4.308943301252592395e-01,0.000000000000000000e+00,3.900276049944561674e+00,1.000000000000000000e+00
5.000000000000000000e+00,1.362902955538993695e+02,3.609998207048806762e+01,-8.126353086566374950e-03,2.190865734341246309e+02,1.990533292453436909e-01,0.000000000000000000e+00,1.323504789975543083e+01,1.000000000000000000e+00
5.000000000000000000e+00,6.380541944537676358e+01,4.157284972071907703e+01,-7.078585121367957089e-02,1.843083515308728920e+03,1.336508139124903405e-02,0.000000000000000000e+00,9.962178789764026376e+00,1.000000000000000000e+00
5.000000000000000000e+00,4.613374222734349672e+01,4.881059756357535662e+01,-3.250218932594654830e-02,8.508548558433369635e+02,1.552356450947223188e-02,0.000000000000000000e+00,8.768283177765622938e+00,1.000000000000000000e+00
5.000000000000000000e+00,2.964926047266203923e+01,5.082043547891303348e+01,-1.067666739504271288e-02,2.851851340926000375e+02,1.954648194514234660e-01,0.000000000000000000e+00,1.660655253706664780e+01,1.000000000000000000e+00
6.000000000000000000e+00,1.412874875490612965e+02,2.384459284483267894e+01,-1.090666619755438320e-02,2.911461992635345837e+02,1.399570615908792837e-01,0.000000000000000000e+00,1.323504789975543083e+01,1.000000000000000000e+00
7.000000000000000000e+00,5.460114830255073315e+01,1.002317583294647640e+01,-9.853082775478966618e-03,2.638396247360905704e+02,1.986399441305632951e-01,0.000000000000000000e+00,8.406529441593876939e+00,1.000000000000000000e+00
7.000000000000000000e+00,1.582157836302336307e+01,7.427465066809980421e+00,-6.273490561363369300e-02,1.634420640174467735e+03,1.752769745095794640e-02,0.000000000000000000e+00,6.125109599869309029e+00,1.000000000000000000e+00
7.000000000000000000e+00,8.627135389640076824e+01,4.827110058226199385e+01,-6.467098816296406455e-03,1.760823371849864429e+02,9.511862037723894936e-02,0.000000000000000000e+00,1.289577311943469873e+01,1.000000000000000000e+00
8.000000000000000000e+00,1.004278502085910105e+02,3.085244376832505964e+01,-3.278085575185180067e-02,8.580772792109034981e+02,9.812456298716520919e-03,0.000000000000000000e+00,4.931584008208285574e+00,1.000000000000000000e+00
9.000000000000000000e+00,8.616496672194367434e+00,4.730382233614439969e+01,-1.123061154570012196e-02,2.995421531164676026e+02,2.383698116814862988e-01,0.000000000000000000e+00,1.577151071420655981e+01,1.000000000000000000e+00
9.000000000000000000e+00,4.490077690821152601e+01,1.591083818335013333e+01,-9.581136755090211357e-03,2.567913795591122721e+02,1.829311433081921567e-01,0.000000000000000000e+00,1.134732449260507892e+01,1.000000000000000000e+00
9.000000000000000000e+00,7.328118659039516558e+01,3.849797683674256632e+01,-3.750258666562845261e-02,9.804542020003636935e+02,1.320843588277820224e-02,0.000000000000000000e+00,9.054617255416024690e+00,1.000000000000000000e+00
9.000000000000000000e+00,8.496157558925214914e+01,2.248495029505200193e+01,-7.009817389041442942e-03,1.901484138179097556e+02,2.496036152826713872e-01,0.000000000000000000e+00,4.381439160648763931e+00,1.000000000000000000e+00
1.000000000000000000e+01,7.908541563804649854e+01,2.307836652541978140e+01,-9.522659509690707333e-03,2.552757774471165249e+02,2.309150350552224840e-01,0.000000000000000000e+00,3.900276049944561674e+00,1.000000000000000000e+00
1.000000000000000000e+01,5.802540762470386682e+01,3.080854319219817583e+01,-1.488839399638693627e-02,3.943438622190115552e+02,6.404529965740235475e-02,0.000000000000000000e+00,6.296209997326276842e+00,1.000000000000000000e+00
1.000000000000000000e+01,1.443230779279926992e+02,4.862827794157833239e+01,-6.865990716396332127e-02,1.787983702215241010e+03,7.753848626386394827e-03,0.000000000000000000e+00,9.121810164240773844e+00,1.000000000000000000e+00
1.000000000000000000e+01,5.421690811856883840e+01,4.541277192643344307e+01,-5.134670020203212400e-03,1.415487013468677446e+02,3.190981776833965444e-01,0.000000000000000000e+00,4.351959641771482090e+00,1.000000000000000000e+00
1.000000000000000000e+01,7.339565304227268427e+01,4.755187053357114024e+01,4.212915773770282458e-03,-1.176588502929973004e+02,3.371693713389665170e-01,0.000000000000000000e+00,8.146082728904209702e+00,1.000000000000000000e+00
1.100000000000000000e+01,1.012943777116347519e+02,9.154978425739161096e+00,-6.924352057764417145e-02,1.803109683549020474e+03,1.782432376560416643e-02,0.000000000000000000e+00,1.701120301005053292e+01,1.000000000000000000e+00
1.100000000000000000e+01,7.686699466478121678e+01,1.225252899186437539e+01,-9.113866259967913497e-03,2.446807518364416296e+02,9.700591737106156742e-02,0.000000000000000000e+00,6.538787939779956204e+00,1.000000000000000000e+00
1.100000000000000000e+01,1.136882910085307401e+02,3.998473246868225317e+01,-7.420573888130859407e-03,2.007943225518593238e+02,2.176648847148731081e-01,0.000000000000000000e+00,6.623705354466333795e+00,1.000000000000000000e+00
1.100000000000000000e+01,2.500738995465888692e+01,4.746196711470091856e+01,-1.959478442371184043e-02,5.163231932014967924e+02,3.679852921668547161e-02,0.000000000000000000e+00,5.089868130337856122e+00,1.000000000000000000e+00
1.100000000000000000e+01,6.537378360579243974e+01,2.511190803041721153e+01,-7.448221925588379908e-03,2.015108991224019519e+02,1.062737058062230844e-01,0.000000000000000000e+00,5.860742316008589192e+00,1.000000000000000000e+00
1.100000000000000000e+01,7.706863553674901368e+01,2.838160361525633846e+01,-8.490862014633084737e-03,2.285338464280042388e+02,3.023261077317379586e-01,0.000000000000000000e+00,5.673775251806120856e+00,1.000000000000000000e+00
1.100000000000000000e+01,8.599999250987272603e+01,3.087967995420665801e+01,9.611971042995208492e-03,-2.575905367620795232e+02,2.473730206605297965e-01,0.000000000000000000e+00,8.458711234657556588e+00,1.000000000000000000e+00
1.100000000000000000e+01,3.168017120652447360e+01,3.747392788525721841e+01,-9.338451128152855732e-03,2.505014996883277831e+02,1.713818087797951417e-01,0.000000000000000000e+00,8.986072402903429790e+00,1.000000000000000000e+00
1.100000000000000000e+01,1.079453306816413090e+02,4.328501719981682783e+01,-8.632728939255734923e-03,2.322107263684237921e+02,2.552865502996853886e-01,0.000000000000000000e+00,6.623705354466333795e+00,1.000000000000000000e+00
1.100000000000000000e+01,6.527418615706987737e+01,4.691906767429689040e+01,-4.512852582191150680e-03,1.254325553846496177e+02,3.452391013499077621e-01,0.000000000000000000e+00,5.541487362753904300e+00,1.000000000000000000e+00
1.200000000000000000e+01,6.295431415751644266e+01,1.096888057112833792e+01,-8.057467558539187572e-03,2.173012114347573913e+02,1.802682671990916141e-01,0.000000000000000000e+00,8.406529441593876939e+00,1.000000000000000000e+00
1.200000000000000000e+01,1.361448797024273745e+02,1.841019187664817025e+01,-8.598079693608521104e-03,2.313126938170748303e+02,8.545880337398203963e-02,0.000000000000000000e+00,6.695174415440284577e+00,1.000000000000000000e+00
1.200000000000000000e+01,7.498291416310880209e+01,5.991060443302494321e+00,-7.240718055320954569e-03,1.961328533222612691e+02,2.688687915753850133e-01,0.000000000000000000e+00,6.538787939779956204e+00,1.000000000000000000e+00
1.200000000000000000e+01,2.950618009351646975e+01,2.552230060799356792e+01,-3.696230021545326982e-02,9.664511606571214770e+02,1.582987256510246521e-01,0.000000000000000000e+00,7.178850472096123703e+00,1.000000000000000000e+00
1.200000000000000000e+01,1.397095494649451268e+02,3.446774664495683282e+01,-6.995365961257364422e-03,1.897738644642035695e+02,3.403339217581095033e-01,0.000000000000000000e+00,1.489312900239392512e+01,1.000000000000000000e+00
1.200000000000000000e+01,1.269383693633058954e+02,4.330883553977779599e+01,-7.928987667739509707e-03,2.139712940880243650e+02,1.825667197151219501e-01,0.000000000000000000e+00,5.216629993490574435e+00,1.000000000000000000e+00
1.200000000000000000e+01,3.338785713494601026e+01,4.935763398608521868e+01,-7.875569264214253573e-03,2.125868060765045016e+02,1.964527471824687455e-01,0.000000000000000000e+00,8.592193145357798656e+00,1.000000000000000000e+00
1.300000000000000000e+01,5.385947105273952218e+01,5.272296364738286911e+01,-8.269470008947165177e-03,2.227958505784357612e+02,9.903906721323829654e-02,0.000000000000000000e+00,6.031768131396908039e+00,1.000000000000000000e+00
1.300000000000000000e+01,3.657952959201195853e+01,2.429607837167245066e+01,-6.955507186168342904e-02,1.811184410408314079e+03,2.194893038033196575e-02,0.000000000000000000e+00,7.178850472096123703e+00,1.000000000000000000e+00
1.300000000000000000e+01,1.433854766728900927e+02,1.499509781321522262e+01,-7.474617922487829420e-03,2.021950255441532818e+02,2.390047719268779680e-01,0.000000000000000000e+00,7.582037858255702645e+00,1.000000000000000000e+00
1.300000000000000000e+01,1.300459307207722404e+01,2.092836314272438969e+01,-5.030791841546184036e-03,1.388564064911973048e+02,2.814676825738005039e-01,0.000000000000000000e+00,5.704992520480652196e+00,1.000000000000000000e+00
1.300000000000000000e+01,5.182683587764415023e+01,2.970402129246761191e+01,-4.479829524075147271e-03,1.245766700521028696e+02,3.552044138248258154e-01,0.000000000000000000e+00,6.296209997326276842e+00,1.000000000000000000e+00
1.300000000000000000e+01,1.112071947152245599e+02,5.063028955869021530e+01,-7.716584293103301469e-03,2.084662638665360532e+02,2.006551101591920183e-01,0.000000000000000000e+00,6.432665019059855993e+00,1.000000000000000000e+00
1.400000000000000000e+01,8.838970995494554472e+01,4.880400745468460855e+01,-3.752933521717905646e-02,9.811474658664360504e+02,2.269657754506571035e-02,0.000000000000000000e+00,1.152149726360329041e+01,1.000000000000000000e+00
1.400000000000000000e+01,5.855490324808668134e+01,4.506441725101306162e+01,8.749505395874110705e-03,-2.352373163364199513e+02,2.332115389414978202e-01,0.000000000000000000e+00,4.334365307971662418e+00,1.000000000000000000e+00
1.400000000000000000e+01,1.213471190104478268e+02,4.574934071936034030e+01,-9.271464401084356793e-03,2.487653504506696152e+02,1.424344256549574528e-01,0.000000000000000000e+00,3.594701970144722925e+00,1.000000000000000000e+00
1.400000000000000000e+01,5.972243665964676751e+01,2.355930434983941879e+01,-4.503165755986022860e-03,1.251814940674701404e+02,3.841710960872032343e-01,0.000000000000000000e+00,5.860742316008589192e+00,1.000000000000000000e+00
1.400000000000000000e+01,4.219817417358800782e+01,4.748056561360085226e+01,-8.697851137569097973e-03,2.338985511048190347e+02,2.531157543298727663e-01,0.000000000000000000e+00,5.573066527537774206e+00,1.000000000000000000e+00
1.400000000000000000e+01,1.352855808361366883e+02,4.986564085808279856e+01,-3.315210251872911101e-02,8.676991822281684108e+02,1.040788116039974565e-01,0.000000000000000000e+00,8.315535519998466185e+00,1.000000000000000000e+00
1.500000000000000000e+01,6.364427970203270490e+01,4.162270220924546749e+01,7.100388314333473325e-03,-1.924958138146129727e+02,2.780891314602397246e-01,0.000000000000000000e+00,5.541487362753904300e+00,1.000000000000000000e+00
1.600000000000000000e+01,4.791125982784984672e+01,4.405675853500811456e+01,-9.698943502051700361e-03,2.598446723960503846e+02,1.926568637976642240e-01,0.000000000000000000e+00,6.660465644709396393e+00,1.000000000000000000e+00
1.600000000000000000e+01,4.566274188894564645e+01,5.184586526724016409e+01,-9.219886721961995449e-03,2.474285699837437278e+02,2.021686578931348732e-01,0.000000000000000000e+00,5.573066527537774206e+00,1.000000000000000000e+00
1.600000000000000000e+01,1.365439617778070556e+02,1.172692217161031358e+01,-1.125488994997897972e-02,3.001713961758753726e+02,6.726268983571259685e-02,0.000000000000000000e+00,6.695174415440284577e+00,1.000000000000000000e+00
1.600000000000000000e+01,6.146615025229767326e+01,2.968382761660516422e+01,-7.216679357193250821e-03,1.955098229212382250e+02,1.464107957769984480e-01,0.000000000000000000e+00,3.505433916793097904e+00,1.000000000000000000e+00
1.600000000000000000e+01,2.418980565124318716e+01,4.243819228982697211e+01,-8.472642312373176651e-03,2.280616316539259003e+02,1.020800325047758195e-01,0.000000000000000000e+00,5.089868130337856122e+00,1.000000000000000000e+00
1.700000000000000000e+01,7.023386867586397386e+01,3.305917344927163981e+01,-6.605651841896351822e-03,1.796733281215132934e+02,1.289623053044073320e-01,0.000000000000000000e+00,6.218801608316812057e+00,1.000000000000000000e+00
1.700000000000000000e+01,1.171829360021006892e+02,1.221159606415433885e+01,3.883728813531860287e-03,-1.091270453358670949e+02,2.708277001467604972e-01,0.000000000000000000e+00,1.252138486117964788e+01,1.000000000000000000e+00
1.700000000000000000e+01,9.866226686904710164e+00,1.616416372507199739e+01,-8.520264484638995217e-03,2.292958940472860263e+02,3.195718925306472169e-01,0.000000000000000000e+00,5.704992520480652196e+00,1.000000000000000000e+00
1.700000000000000000e+01,5.455387545169624985e+01,4.673130032893406849e+01,-9.956679044847012786e-03,2.665246131204856397e+02,1.470764080853623756e-01,0.000000000000000000e+00,4.334365307971662418e+00,1.000000000000000000e+00
1.700000000000000000e+01,1.270790607836584343e+02,4.852356797905257224e+01,-9.154450195199803977e-03,2.457325985424609485e+02,2.445680044028212263e-01,0.000000000000000000e+00,5.216629993490574435e+00,1.000000000000000000e+00
1.800000000000000000e+01,1.295927545183182588e+02,1.054381813039863935e+01,-8.792594661863916902e-03,2.363540957279993222e+02,1.647533793524000867e-01,0.000000000000000000e+00,7.051171359192821342e+00,1.000000000000000000e+00
1.800000000000000000e+01,1.408283615801962299e+02,2.278702109946626919e+01,-4.067192476632727760e-02,1.062596503441403001e+03,1.882100223410765327e-02,0.000000000000000000e+00,6.970970438814564574e+00,1.000000000000000000e+00
1.800000000000000000e+01,7.771242977883073877e+01,4.447496746457549932e+01,-1.008080637133521584e-01,2.621193502542743317e+03,1.941121070184992359e-02,0.000000000000000000e+00,3.723368622397339678e+00,1.000000000000000000e+00
1.800000000000000000e+01,3.158517034109324229e+01,4.530733910422087973e+01,-8.585926620517329161e-03,2.309977127826842036e+02,1.451740127228503541e-01,0.000000000000000000e+00,4.907853993041504381e+00,1.000000000000000000e+00
1.800000000000000000e+01,1.058295505138848398e+02,4.710039974578760535e+01,-8.400229745988611538e-03,2.261848565459723943e+02,1.512846913235260660e-01,0.000000000000000000e+00,6.432665019059855993e+00,1.000000000000000000e+00
1.800000000000000000e+01,3.810236748742017454e+01,4.309147995010312826e+01,-8.610817195244632738e-03,2.316428219592154392e+02,1.554367403071644782e-01,0.000000000000000000e+00,4.896273398075871697e+00,1.000000000000000000e+00
1.900000000000000000e+01,3.955254400911076829e+01,1.222314265936940281e+01,-9.700773055990491098e-03,2.598920904266826142e+02,2.434661150313280897e-01,0.000000000000000000e+00,6.770418296002971736e+00,1.000000000000000000e+00
1.900000000000000000e+01,2.289049878414404660e+01,3.194333068425973465e+01,-7.924329271435657726e-03,2.138505586595958050e+02,2.786539582387689284e-01,0.000000000000000000e+00,8.210934088688416566e+00,1.000000000000000000e+00
1.900000000000000000e+01,8.623218324483819686e+01,3.691771847542465679e+01,9.739102126955211450e-03,-2.608854959899593382e+02,4.103364301591272412e-01,0.000000000000000000e+00,8.541754112990204817e+00,1.000000000000000000e+00
1.900000000000000000e+01,7.314542972451060621e+01,9.614641763715059852e+00,-3.555254784535880064e-02,9.299134671507121084e+02,3.726254501354775428e-02,0.000000000000000000e+00,1.148222862234991837e+01,1.000000000000000000e+00
1.900000000000000000e+01,7.877863889294543398e+00,2.199785878706502018e+01,-1.029120842728485467e-02,2.751948819589648565e+02,2.583364934172126537e-01,0.000000000000000000e+00,6.163244656124069465e+00,1.000000000000000000e+00
1.900000000000000000e+01,1.435694449414364442e+02,3.531413722899131358e+01,-6.271631225444170010e-03,1.710162453829796334e+02,2.483637312328541569e-01,0.000000000000000000e+00,1.282350094614861646e+01,1.000000000000000000e+00
1.900000000000000000e+01,1.190234777535703614e+02,4.300660967831762349e+01,4.073049880016436051e-03,-1.140338326896322343e+02,3.826852540758935994e-01,0.000000000000000000e+00,3.594701970144722925e+00,1.000000000000000000e+00
2.000000000000000000e+01,1.055232855532660494e+02,2.170853260514886074e+01,-3.722057189349671502e-02,9.731449968328358864e+02,9.901700299699278673e-03,0.000000000000000000e+00,9.953707639458350798e+00,1.000000000000000000e+00
2.000000000000000000e+01,9.276737165686937203e+01,3.141745705017962464e+01,-5.092352374123337855e-02,1.328295493733321564e+03,7.493948382825244003e-03,0.000000000000000000e+00,8.541754112990204817e+00,1.000000000000000000e+00
2.000000000000000000e+01,5.816902601770424752e+01,3.087422197422792891e+01,8.106892836449473144e-03,-2.185822063768933106e+02,2.482100891405839560e-01,0.000000000000000000e+00,3.505433916793097904e+00,1.000000000000000000e+00
2.000000000000000000e+01,5.694306577242736722e+01,6.064991086729216718e+00,-7.198864338408262481e-03,1.950480966564097400e+02,2.107171654555841656e-01,0.000000000000000000e+00,1.046249351878178224e+01,1.000000000000000000e+00
2.000000000000000000e+01,1.240685900170823004e+02,4.292606477655456132e+01,-4.323708609147649748e-03,1.205303579049710549e+02,3.789666180554084329e-01,0.000000000000000000e+00,5.045755169708353804e+00,1.000000000000000000e+00
2.100000000000000000e+01,5.910689770896341599e+01,3.794905276043033382e+01,-1.142341812819781810e-02,3.045392774106065872e+02,1.675445641746451386e-01,0.000000000000000000e+00,5.618885765052438863e+00,1.000000000000000000e+00
2.100000000000000000e+01,1.342615893472676305e+02,2.044780514114509273e+01,-8.563886677466782046e-03,2.304264857351810747e+02,2.782592967915660243e-01,0.000000000000000000e+00,3.358665789779401667e+00,1.000000000000000000e+00
2.100000000000000000e+01,7.580028845172782326e+01,3.028636542806360410e+01,-5.639552109983712175e-03,1.546341392185126722e+02,2.224695102423047688e-01,0.000000000000000000e+00,6.218801608316812057e+00,1.000000000000000000e+00
2.100000000000000000e+01,6.469570377636287617e+01,3.852967654715278201e+01,-8.380758754815999939e-03,2.256802111041043304e+02,2.785984823274175737e-01,0.000000000000000000e+00,5.618885765052438863e+00,1.000000000000000000e+00
2.100000000000000000e+01,1.246195950544049680e+02,2.351478278402036892e+01,4.225759167978951868e-03,-1.179917229386711597e+02,3.641098989188708002e-01,0.000000000000000000e+00,6.856162553471614629e+00,1.000000000000000000e+00
2.100000000000000000e+01,6.391585064355584933e+01,2.604199093136281817e+01,-6.878226875591163247e-03,1.867378759455916963e+02,2.203619883429835946e-01,0.000000000000000000e+00,4.389078086444512472e+00,1.000000000000000000e+00
2.100000000000000000e+01,1.261446534838427880e+02,3.077982060566613853e+01,-8.304341350024170912e-03,2.236996393568463475e+02,1.530614178270149894e-01,0.000000000000000000e+00,6.692712541695615691e+00,1.000000000000000000e+00
2.200000000000000000e+01,9.643317545081629305e+01,1.765314185983806894e+01,-8.135723315643937290e-03,2.193294292472330369e+02,2.852791716166870328e-01,0.000000000000000000e+00,6.314394968704303501e+00,1.000000000000000000e+00
2.200000000000000000e+01,1.092929729797130420e+02,3.093854571577693235e+01,-8.211467504890634581e-03,2.212925527221748325e+02,2.039451941695246129e-01,0.000000000000000000e+00,3.435889881920390909e+00,1.000000000000000000e+00
2.300000000000000000e+01,4.655274385430563910e+01,4.838214388079455475e+00,-8.175857590819245874e-03,2.203696217495226790e+02,1.818710635329452430e-01,0.000000000000000000e+00,7.796186438805700725e+00,1.000000000000000000e+00
2.300000000000000000e+01,1.361039752951657889e+01,2.608524998306570097e+01,-1.501511929676373550e-02,3.976283044252444370e+02,7.888075610208056254e-02,0.000000000000000000e+00,7.040504862964103161e+00,1.000000000000000000e+00
2.300000000000000000e+01,1.130964625068361471e+02,3.757629754887030771e+01,-8.297396498455487240e-03,2.235196440162128226e+02,1.502990030915176689e-01,0.000000000000000000e+00,6.592139648447865596e+00,1.000000000000000000e+00
2.300000000000000000e+01,3.372794081383690212e+01,4.089196080580166637e+01,-7.984102860043371455e-03,2.153997591480337235e+02,1.981757645924747679e-01,0.000000000000000000e+00,4.098642420735216341e+00,1.000000000000000000e+00
2.300000000000000000e+01,1.142723881017280121e+02,4.972275441997355472e+01,-7.747991490083835572e-03,2.092802696178392239e+02,9.717048172724329635e-02,0.000000000000000000e+00,8.226752279649367949e+00,1.000000000000000000e+00
2.300000000000000000e+01,2.132762330136696605e+01,2.388250821790310496e+01,-7.888324983734575080e-03,2.129174063862993478e+02,1.701736585674206159e-01,0.000000000000000000e+00,7.858011426070895311e+00,1.000000000000000000e+00
2.300000000000000000e+01,1.200864326509393010e+02,3.904786463218515280e+01,-7.646024200827034219e-03,2.066375008298039688e+02,2.498164989898403743e-01,0.000000000000000000e+00,4.098967608327613199e+00,1.000000000000000000e+00
2.400000000000000000e+01,1.168032970244327231e+02,1.670851909789803003e+01,-8.107559022760179451e-03,2.185994724668500169e+02,2.050456011698787995e-01,0.000000000000000000e+00,7.739761241960646743e+00,1.000000000000000000e+00
2.400000000000000000e+01,7.174063508346915796e+01,2.101061149658171701e+01,-8.559659771250052382e-03,2.303169335846733645e+02,1.015552788658731220e-01,0.000000000000000000e+00,9.000840549199287111e+00,1.000000000000000000e+00
2.400000000000000000e+01,3.940794919250818396e+01,3.076744263841476723e+01,-6.206575833134828774e-02,1.617077808320137819e+03,9.181918903005681365e-03,0.000000000000000000e+00,8.193756957158047527e+00,1.000000000000000000e+00
2.400000000000000000e+01,2.845615671260841850e+01,4.470882907359505509e+01,-6.782722287042186604e-03,1.842626062039813917e+02,1.804057505737669542e-01,0.000000000000000000e+00,6.508470710055743069e+00,1.000000000000000000e+00
2.400000000000000000e+01,1.362586860050291904e+01,4.043727523067152418e+01,-6.342698445332080152e-03,1.728581520565914502e+02,3.539239307147334923e-01,0.000000000000000000e+00,4.891852172709715951e+00,1.000000000000000000e+00
2.500000000000000000e+01,1.406415019523729200e+02,3.244288622841167324e+01,-9.666036760255448251e-03,2.589918017277319109e+02,1.732319515747088312e-01,0.000000000000000000e+00,6.534475968766424003e+00,1.000000000000000000e+00
2.500000000000000000e+01,1.069283605967399922e+02,4.943394641883132934e+00,-4.910018804051932174e-03,1.357262339010229368e+02,2.248138382101425581e-01,0.000000000000000000e+00,1.004843491275171097e+01,1.000000000000000000e+00
2.600000000000000000e+01,1.093284226229840357e+02,1.470099406315416779e+01,-1.001017289227116788e-02,2.679110564726124153e+02,1.156895146765650750e-01,0.000000000000000000e+00,5.410110693188583397e+00,1.000000000000000000e+00
2.600000000000000000e+01,1.309234840174009946e+02,2.081886941340860275e+01,-7.431260427256385082e-03,2.010712942381609025e+02,1.599642020931089093e-01,0.000000000000000000e+00,3.358665789779401667e+00,1.000000000000000000e+00
2.600000000000000000e+01,9.444531383979369821e+01,3.479459005161348273e+01,-3.161852159909499249e-02,8.279521239521723146e+02,1.760200088419583420e-02,0.000000000000000000e+00,1.128943932269769768e+01,1.000000000000000000e+00
2.600000000000000000e+01,1.312780188529752650e+02,4.702785632417145223e+01,-8.989300877281086732e-03,2.414522899656416826e+02,1.664650363900106456e-01,0.000000000000000000e+00,1.095017550535161099e+01,1.000000000000000000e+00
2.600000000000000000e+01,1.521964207795709889e+01,1.893873345091247629e+01,-8.434509998877428444e-03,2.270733256132667179e+02,3.346781942757750539e-01,0.000000000000000000e+00,6.029780014649100295e+00,1.000000000000000000e+00
2.600000000000000000e+01,8.210534464351447070e+01,3.288509535116730120e+01,-1.081891951322905970e-02,2.888719974064613325e+02,7.847405213076519281e-02,0.000000000000000000e+00,6.819613683693651396e+00,1.000000000000000000e+00
2.600000000000000000e+01,1.301589118276158672e+02,3.613501725146898025e+01,-6.005437371657303645e-03,1.641170837647567851e+02,3.195333573935881244e-01,0.000000000000000000e+00,6.692712541695615691e+00,1.000000000000000000e+00
2.700000000000000000e+01,7.399136967509437568e+01,3.763336595955999542e+01,-9.437338765825113371e-03,2.530644506529710895e+02,2.019270941655653129e-01,0.000000000000000000e+00,4.589681960333803268e+00,1.000000000000000000e+00
2.700000000000000000e+01,6.643293996086717357e+01,5.192695048590263696e+01,-8.432082485724004886e-03,2.270104097895631412e+02,1.086468625846251923e-01,0.000000000000000000e+00,1.319704577984795968e+01,1.000000000000000000e+00
2.700000000000000000e+01,4.218746610766677918e+01,1.857021033928582199e+01,-7.149211325845169357e-03,1.937611993309038212e+02,1.348044483458361587e-01,0.000000000000000000e+00,6.862913733435532571e+00,1.000000000000000000e+00
2.700000000000000000e+01,1.076041032484353650e+02,3.393071187283722878e+01,-7.124340522431523229e-03,1.931166025835154301e+02,1.627433731331947575e-01,0.000000000000000000e+00,3.435889881920390909e+00,1.000000000000000000e+00
2.700000000000000000e+01,7.192494456671833802e+01,3.000956480274430405e+01,-7.047870580710425409e-03,1.911346691941278948e+02,2.464578289398667854e-01,0.000000000000000000e+00,4.652834157435002282e+00,1.000000000000000000e+00
2.800000000000000000e+01,9.661282160349680126e+00,3.428996518747937472e+01,-6.704844130268429458e-03,1.822441749649879910e+02,1.572446631571670084e-01,0.000000000000000000e+00,7.314872959155066745e+00,1.000000000000000000e+00
2.800000000000000000e+01,7.526749273021218301e+01,6.957355774725817454e+00,-6.876011111877105252e-03,1.866804482035397541e+02,3.687789209918311828e-01,0.000000000000000000e+00,4.958406804075081276e+00,1.000000000000000000e+00
2.800000000000000000e+01,2.967215986126858240e+01,1.057754290182282553e+01,-8.688927153117956617e-03,2.336672609749716685e+02,2.063199833889439727e-01,0.000000000000000000e+00,8.938894625325190191e+00,1.000000000000000000e+00
2.800000000000000000e+01,8.778571680367309682e+01,2.134494338720498163e+01,4.688993614258485897e-03,-1.299977451159126076e+02,2.924433397096412035e-01,0.000000000000000000e+00,8.061983886781455055e+00,1.000000000000000000e+00
2.800000000000000000e+01,3.385803183957312257e+01,3.679538345170799118e+01,-6.506576698150380415e-03,1.771055174101532828e+02,4.287594686132796262e-01,0.000000000000000000e+00,4.098642420735216341e+00,1.000000000000000000e+00
2.800000000000000000e+01,1.409577208575459508e+02,3.896970641824355397e+01,-3.155174609856545992e-02,8.262214492437326498e+02,1.827471696924920508e-02,0.000000000000000000e+00,6.534475968766424003e+00,1.000000000000000000e+00
2.800000000000000000e+01,3.878855312280808221e+01,4.542425453337751406e+01,-5.764871873719507739e-02,1.502597817138402888e+03,3.457800271468758346e-02,0.000000000000000000e+00,6.793488306807776489e+00,1.000000000000000000e+00
2.900000000000000000e+01,4.210855291783148857e+01,9.224173108664425413e+00,-6.199191320653395232e-02,1.615163904435565883e+03,1.529086568562854076e-02,0.000000000000000000e+00,9.346370376124159662e+00,1.000000000000000000e+00
2.900000000000000000e+01,1.088438503931016896e+02,2.520123844943428892e+01,-6.424248658165266669e-03,1.749717549453610275e+02,2.252567032607455388e-01,0.000000000000000000e+00,4.531235956562214895e+00,1.000000000000000000e+00
2.900000000000000000e+01,6.965205704540984755e+01,3.912854033028532541e+01,-7.696607797529285075e-03,2.079485168578421508e+02,3.602424718843741935e-01,0.000000000000000000e+00,4.589681960333803268e+00,1.000000000000000000e+00
2.900000000000000000e+01,1.633639449807686006e+01,4.450953099845254002e+01,-8.785782512906159178e-03,2.361775397483687300e+02,1.256042270520603132e-01,0.000000000000000000e+00,4.891852172709715951e+00,1.000000000000000000e+00
2.900000000000000000e+01,3.105710954777771704e+01,5.220751697058000929e+01,9.538114056678077476e-03,-2.556763254533362897e+02,4.263738061481674446e-01,0.000000000000000000e+00,7.073709312504386837e+00,1.000000000000000000e+00
3.000000000000000000e+01,9.063969163732615186e+01,4.542326258739889511e+01,-9.443939986992352584e-03,2.532355398462883898e+02,1.998692461651828678e-01,0.000000000000000000e+00,6.760761492320417787e+00,1.000000000000000000e+00
3.000000000000000000e+01,2.781460759567893604e+01,2.004466663241365509e+01,-8.899636054359658099e-03,2.391283741576547186e+02,9.081758354826174884e-02,0.000000000000000000e+00,7.347590845493451539e+00,1.000000000000000000e+00
3.000000000000000000e+01,1.230126459313155323e+02,1.997820164968443990e+01,-7.914740668663995671e-03,2.136020430786628026e+02,9.758625436099810369e-02,0.000000000000000000e+00,7.955380664256443524e+00,1.000000000000000000e+00
3.000000000000000000e+01,1.724223748837126990e+01,2.461916959885333966e+01,-3.469473388589890822e-02,9.076808082801582032e+02,5.983678306983586381e-02,0.000000000000000000e+00,6.029780014649100295e+00,1.000000000000000000e+00
3.000000000000000000e+01,6.735330767312605360e+01,3.087501370923143540e+01,-7.254445890342972082e-03,1.964886487365349126e+02,1.918149573660703489e-01,0.000000000000000000e+00,4.652834157435002282e+00,1.000000000000000000e+00
3.100000000000000000e+01,9.834621906029455829e+01,1.740957313066994772e+01,-7.636359394101810763e-03,2.063870102093120806e+02,1.220359910754271748e-01,0.000000000000000000e+00,6.743219506985641765e+00,1.000000000000000000e+00
3.100000000000000000e+01,4.484352624306540491e+01,5.115265684765385856e+01,-8.692622165469485879e-03,2.337630276015555637e+02,3.599883449634363464e-01,0.000000000000000000e+00,8.335303987332752129e+00,1.000000000000000000e+00
3.100000000000000000e+01,1.147259171470472268e+02,1.507025085085253657e+01,-6.163967458589361161e-03,1.682258363731881445e+02,1.754226596605499289e-01,0.000000000000000000e+00,5.410110693188583397e+00,1.000000000000000000e+00
3.100000000000000000e+01,1.128287410026012196e+02,2.735826096307775046e+01,4.365638811019586368e-03,-1.216170968934332848e+02,2.540786772747765099e-01,0.000000000000000000e+00,4.531235956562214895e+00,1.000000000000000000e+00
3.100000000000000000e+01,1.316087425290760393e+02,2.901246151345974411e+01,-4.071342618852087127e-03,1.139895842198430387e+02,3.127358645591242770e-01,0.000000000000000000e+00,7.268618115153993031e+00,1.000000000000000000e+00
3.200000000000000000e+01,9.067563447032526369e+01,2.887116156572568570e+01,-5.169265659369202612e-03,1.424453445356432155e+02,2.009291964770768546e-01,0.000000000000000000e+00,3.418268534206203135e+00,1.000000000000000000e+00
3.200000000000000000e+01,9.464623831815998756e+00,4.408137188951946683e+01,-8.243285919237329853e-03,2.221172163268769850e+02,1.070664976347094344e-01,0.000000000000000000e+00,5.987675631351998540e+00,1.000000000000000000e+00
3.200000000000000000e+01,2.227247511791172840e+01,5.480331085500576016e+00,-7.978616800525882569e-03,2.152575725020240327e+02,2.029384368082759460e-01,0.000000000000000000e+00,7.267242723576978314e+00,1.000000000000000000e+00
3.200000000000000000e+01,1.415564272675037785e+02,2.860119541701344303e+01,-7.317479711959917234e-03,1.981223473233465029e+02,3.945389145639961459e-01,0.000000000000000000e+00,9.956182574522944861e+00,1.000000000000000000e+00
3.300000000000000000e+01,7.877800043311063405e+01,1.045908873178989040e+01,-9.519776443391934906e-03,2.552010546837306606e+02,1.757071782808807825e-01,0.000000000000000000e+00,4.958406804075081276e+00,1.000000000000000000e+00
3.300000000000000000e+01,1.430569010097955243e+02,4.843849812133084498e+01,1.129630575490409884e-02,-3.012448031222129430e+02,2.775306308074746431e-01,0.000000000000000000e+00,9.698689273713910097e+00,1.000000000000000000e+00
3.300000000000000000e+01,1.301378191276891130e+02,4.567015829663116477e+01,-8.734873895192857979e-03,2.348580998876512922e+02,1.985256999548962176e-01,0.000000000000000000e+00,3.014567547132478431e+00,1.000000000000000000e+00
3.400000000000000000e+01,7.668256071098039683e+01,5.133280669651255579e+01,-9.076585265987672721e-03,2.437145101328912062e+02,1.396224156530699867e-01,0.000000000000000000e+00,9.116777372419841541e+00,1.000000000000000000e+00
3.400000000000000000e+01,7.793668659119867925e+01,1.647901173497928440e+01,-8.560647701579941066e-03,2.303425385748580823e+02,2.743763485297295857e-01,0.000000000000000000e+00,6.078427588194291076e+00,1.000000000000000000e+00
3.400000000000000000e+01,3.135580412132755157e+01,2.648260251276485278e+01,-1.047830750335824491e-02,2.800440801883274844e+02,1.343925540141778230e-01,0.000000000000000000e+00,7.347590845493451539e+00,1.000000000000000000e+00
3.400000000000000000e+01,2.537715330145903181e+01,4.799142156396067804e+01,-1.952184035337365189e-02,5.144326426752734278e+02,9.918107536572984273e-02,0.000000000000000000e+00,5.099658908408038371e+00,1.000000000000000000e+00
3.400000000000000000e+01,1.042044598655560321e+02,1.407010850487121445e+01,-4.590446895126838733e-03,1.274436300130927719e+02,2.401220540776428658e-01,0.000000000000000000e+00,6.743219506985641765e+00,1.000000000000000000e+00
3.400000000000000000e+01,7.574959817685797248e+01,4.226389217667114906e+01,-7.395047105420645382e-03,2.001327242579632184e+02,1.689634587892880901e-01,0.000000000000000000e+00,6.856415904124885330e+00,1.000000000000000000e+00
3.400000000000000000e+01,8.388006827658945497e+01,4.554731087245483678e+01,-7.237033579757198333e-03,1.960373597861366477e+02,1.831046968976285383e-01,0.000000000000000000e+00,6.760761492320417787e+00,1.000000000000000000e+00
3.400000000000000000e+01,1.314252435954269345e+02,5.238130834262772595e+01,-1.031933908589839459e-02,2.759239670127364548e+02,1.899849716202052230e-01,0.000000000000000000e+00,5.763097823667126640e+00,1.000000000000000000e+00
3.500000000000000000e+01,1.079757061392903594e+01,2.647164366662460822e+01,-9.631893171710863288e-03,2.581068747008900459e+02,2.052705328096918747e-01,0.000000000000000000e+00,5.659641930704094825e+00,1.000000000000000000e+00
3.500000000000000000e+01,5.860039709401567620e+01,4.625455953478871152e+01,-8.388997655809487045e-03,2.258937453713384400e+02,1.062139942706215034e-01,0.000000000000000000e+00,3.725308154178785802e+00,1.000000000000000000e+00
3.500000000000000000e+01,1.131173001789477723e+02,4.828478774567290088e+01,-7.404548179734665031e-03,2.003789712929967379e+02,3.375974091865310278e-01,0.000000000000000000e+00,1.351492248952741093e+01,1.000000000000000000e+00
3.600000000000000000e+01,5.714935072207241973e+01,5.705159120853878107e+00,-6.910632166542841903e-03,1.875777501063984687e+02,2.694882082756440145e-01,0.000000000000000000e+00,5.496590900356897791e+00,1.000000000000000000e+00
3.600000000000000000e+01,5.222049071773449214e+01,8.138027917876064166e+00,-6.009326526756643243e-03,1.642178821461129701e+02,4.566738274892606642e-01,0.000000000000000000e+00,5.496590900356897791e+00,1.000000000000000000e+00
3.600000000000000000e+01,1.200277993014622666e+02,7.609943919362042841e+00,-1.103866125409310069e-02,2.945672220065924307e+02,2.193290140343333583e-01,0.000000000000000000e+00,8.761446805253550352e+00,1.000000000000000000e+00
3.600000000000000000e+01,3.634910282099623657e+01,3.499687842862344667e+01,5.632536681055179753e-03,-1.544523146673047620e+02,2.939231658428733684e-01,0.000000000000000000e+00,7.891976358653347567e+00,1.000000000000000000e+00
3.700000000000000000e+01,1.530101965835423528e+01,7.532555629450033763e+00,-8.501086398731753924e-03,2.287988400683156556e+02,1.427474589543411554e-01,0.000000000000000000e+00,6.112121715209071660e+00,1.000000000000000000e+00
3.700000000000000000e+01,1.261058545934051267e+02,2.393274327601455553e+01,-8.417266272308260647e-03,2.266264059913118558e+02,2.215494202178697192e-01,0.000000000000000000e+00,6.416435784943637088e+00,1.000000000000000000e+00
3.700000000000000000e+01,8.907478361798675337e+01,2.585092377367829641e+01,-8.933596424448337833e-03,2.400085525634418673e+02,2.027453875053484289e-01,0.000000000000000000e+00,3.418268534206203135e+00,1.000000000000000000e+00
3.700000000000000000e+01,2.858725075242648472e+01,3.356966319917036401e+01,7.519089049451073078e-03,-2.033476197453311443e+02,2.350488603025971956e-01,0.000000000000000000e+00,6.969766165896716714e+00,1.000000000000000000e+00
3.700000000000000000e+01,3.101021721785611263e+01,1.355277495208463989e+01,-8.066300573025975834e-03,2.175301438223896469e+02,1.847071573115411924e-01,0.000000000000000000e+00,5.867791573698998953e+00,1.000000000000000000e+00
3.700000000000000000e+01,1.344631878768230138e+02,2.040131126342952683e+01,-2.517051165923960693e-02,6.608338300542661727e+02,3.915139501714537396e-02,0.000000000000000000e+00,7.791882390011889647e+00,1.000000000000000000e+00
3.700000000000000000e+01,1.012878868823548686e+02,4.174887840141752093e+01,-4.429701571031082093e-03,1.232774633096414192e+02,1.973410675224428479e-01,0.000000000000000000e+00,6.686706327892343538e+00,1.000000000000000000e+00
3.700000000000000000e+01,7.576048640838799031e+00,4.976340877907870208e+01,5.415239061896610744e-03,-1.488204363481668793e+02,2.019317958630219012e-01,0.000000000000000000e+00,5.987675631351998540e+00,1.000000000000000000e+00
3.800000000000000000e+01,8.370742833706928820e+01,7.605216175339235996e+00,-2.877460919826912988e-02,7.542441438382682009e+02,4.275640692391680098e-02,0.000000000000000000e+00,5.695950142758309909e+00,1.000000000000000000e+00
3.800000000000000000e+01,1.211529766080933967e+01,1.626404495681850904e+01,-9.541249633098729602e-03,2.557575927259822208e+02,1.731643220524973215e-01,0.000000000000000000e+00,4.753442553531074921e+00,1.000000000000000000e+00
3.800000000000000000e+01,2.990410558827333887e+01,4.564339601575806427e+01,-2.810365586470213797e-02,7.368545030907008595e+02,1.522721220553713284e-02,0.000000000000000000e+00,5.099658908408038371e+00,1.000000000000000000e+00
3.800000000000000000e+01,5.104402538183481397e+01,2.585149335298618922e+01,-8.604456162549803389e-03,2.314779579249933761e+02,9.798328539889022970e-02,0.000000000000000000e+00,6.139736168826760654e+00,1.000000000000000000e+00
3.800000000000000000e+01,1.212666096372789610e+02,3.596530392312109115e+01,-2.981464728178693027e-02,7.811996528600549254e+02,2.140049358417983605e-02,0.000000000000000000e+00,9.974918505376100697e+00,1.000000000000000000e+00
3.800000000000000000e+01,1.329257281290755088e+02,4.681697166253384523e+01,-9.314443985960388361e-03,2.498792871480258384e+02,1.083633985278140699e-01,0.000000000000000000e+00,3.014567547132478431e+00,1.000000000000000000e+00
3.900000000000000000e+01,1.113054685323708952e+02,8.436924013348335194e+00,-1.114508449383538359e-02,2.973254792708821128e+02,6.289399695070019281e-02,0.000000000000000000e+00,7.733726420973233928e+00,1.000000000000000000e+00
3.900000000000000000e+01,4.743049885259932097e+01,1.086010611146304683e+01,-1.433673320692589737e-02,3.800460229158716743e+02,1.135014338287421154e-01,0.000000000000000000e+00,5.509422089481153861e+00,1.000000000000000000e+00
3.900000000000000000e+01,1.122097192605387193e+02,3.178538336255961383e+01,-9.236567763840394796e-03,2.478609060510203221e+02,1.205968725831162436e-01,0.000000000000000000e+00,8.316032210712680950e+00,1.000000000000000000e+00
3.900000000000000000e+01,9.448991586385945141e+01,5.062378288567510509e+01,-4.515354288859249957e-03,1.254973941417398606e+02,1.450732832501187008e-01,0.000000000000000000e+00,1.117928171095974221e+01,1.000000000000000000e+00
3.900000000000000000e+01,6.829406522283149172e+01,7.075338511103730355e+00,-1.397232307719847855e-02,3.706013105585382732e+02,1.902859349920895671e-01,0.000000000000000000e+00,1.122862649057733186e+01,1.000000000000000000e+00
3.900000000000000000e+01,1.073397404567228364e+01,2.081235905986644141e+01,-6.711854450550017170e-03,1.824258671112571051e+02,4.036396687285157547e-01,0.000000000000000000e+00,4.753442553531074921e+00,1.000000000000000000e+00
3.900000000000000000e+01,1.052825349465635298e+02,3.638652552617800495e+01,-3.189797163577840801e-03,9.114185695933124975e+01,4.634098980919918453e-01,0.000000000000000000e+00,6.686706327892343538e+00,1.000000000000000000e+00
4.000000000000000000e+01,1.362014648771231009e+02,5.603876754039879948e+00,-1.195506667253420745e-02,3.183184431550060367e+02,9.715216551529270994e-02,0.000000000000000000e+00,1.243868255319900307e+01,1.000000000000000000e+00
4.000000000000000000e+01,9.249825920878535612e+01,3.036452155414928455e+01,-6.804309982654742871e-03,1.848221119884961468e+02,2.976809767543571184e-01,0.000000000000000000e+00,3.285982309332787121e+00,1.000000000000000000e+00
4.000000000000000000e+01,5.487994613709359726e+01,4.644473187959346916e+01,-3.010968863336952600e-02,7.888464784334847764e+02,2.198303630273190645e-02,0.000000000000000000e+00,3.235083578907813173e+00,1.000000000000000000e+00
4.100000000000000000e+01,8.919783154392882807e+01,1.696720066523526782e+01,-8.080287153393837796e-03,2.178926453492708788e+02,3.327287805496065287e-01,0.000000000000000000e+00,7.076731580844383807e+00,1.000000000000000000e+00
4.100000000000000000e+01,8.454240340811418264e+01,2.229703356501605072e+01,-9.441128306697965655e-03,2.531626672517720635e+02,3.388173501750719740e-01,0.000000000000000000e+00,5.759566475184561440e+00,1.000000000000000000e+00
4.100000000000000000e+01,2.176985086885876797e+01,3.501904211263968136e+01,6.460876190456389320e-03,-1.759210603532742425e+02,2.867090894928644440e-01,0.000000000000000000e+00,6.969766165896716714e+00,1.000000000000000000e+00
4.100000000000000000e+01,9.427113916807181226e+01,9.073879296622484603e+00,-8.234334884229284682e-03,2.218852251058463025e+02,8.496529019966103657e-02,0.000000000000000000e+00,8.073639911549417292e+00,1.000000000000000000e+00
4.100000000000000000e+01,6.618026450777296787e+00,3.526500367228364752e+01,5.725365142855600234e-03,-1.568582250653897177e+02,3.367007676640850766e-01,0.000000000000000000e+00,4.251153612011061789e+00,1.000000000000000000e+00
4.100000000000000000e+01,1.398673152471287722e+02,4.732821705135390999e+01,-8.745739775832083243e-03,2.351397197131576888e+02,2.707090905906857081e-01,0.000000000000000000e+00,6.960388176324133092e+00,1.000000000000000000e+00
4.200000000000000000e+01,1.382541243098227710e+02,3.622663283559008107e+01,-7.780753403591800232e-03,2.101293866541576847e+02,1.975443370902195683e-01,0.000000000000000000e+00,4.522410628658375842e+00,1.000000000000000000e+00
4.200000000000000000e+01,1.022299280463401061e+02,7.716919086256457838e+00,-6.941492218153133206e-03,1.883775750481740374e+02,9.204958258775197688e-02,0.000000000000000000e+00,8.073639911549417292e+00,1.000000000000000000e+00
4.200000000000000000e+01,1.989656010076442882e+01,1.156232484166338281e+01,-7.868337250165578778e-03,2.123993681133912901e+02,1.080533027204190200e-01,0.000000000000000000e+00,6.112121715209071660e+00,1.000000000000000000e+00
4.200000000000000000e+01,1.081641014457208740e+02,1.561418369227425451e+01,-5.350523774881806548e-03,1.471431578613303941e+02,3.988898976782426775e-01,0.000000000000000000e+00,4.472011914493197793e+00,1.000000000000000000e+00
4.200000000000000000e+01,1.313958636079578923e+02,2.756405885143012924e+01,7.608957252929763465e-03,-2.056768067318768658e+02,1.292669128372292420e-01,0.000000000000000000e+00,6.416435784943637088e+00,1.000000000000000000e+00
4.200000000000000000e+01,1.465575605039890661e+01,4.753008628894388465e+01,-9.108829153452766697e-03,2.445502010688644816e+02,1.008057842697723805e-01,0.000000000000000000e+00,7.423610061817786487e+00,1.000000000000000000e+00
4.300000000000000000e+01,3.316813777351358539e+01,1.317106831457913607e+01,6.372241222912342073e-03,-1.736238361408702247e+02,8.389349651352395743e-02,0.000000000000000000e+00,1.199820286055174634e+01,1.000000000000000000e+00
4.300000000000000000e+01,1.016325257667136306e+01,3.291901161151429278e+01,-5.950119989778665519e-03,1.626833783938459703e+02,3.356725533089233160e-01,0.000000000000000000e+00,4.251153612011061789e+00,1.000000000000000000e+00
4.300000000000000000e+01,2.679024278659733582e+01,4.988874170590302981e+01,-7.703330674540204495e-03,2.081227591041522658e+02,3.118780957273333820e-01,0.000000000000000000e+00,5.264893311026725975e+00,1.000000000000000000e+00
4.300000000000000000e+01,1.298852671446016416e+02,1.631958810993912579e+01,-1.096007028155746021e-02,2.925303161444051057e+02,2.803077794172368353e-01,0.000000000000000000e+00,9.453886793517552789e+00,1.000000000000000000e+00
4.300000000000000000e+01,9.567768908107314019e+01,3.119452482188509279e+01,4.851669591787466547e-03,-1.342139501274431836e+02,3.664506025345085627e-01,0.000000000000000000e+00,3.285982309332787121e+00,1.000000000000000000e+00
4.300000000000000000e+01,6.487794634979934472e+01,3.460519460713476292e+01,4.365505919980715299e-03,-1.216136526487907332e+02,1.791876269788883480e-01,0.000000000000000000e+00,7.140486715447418753e+00,1.000000000000000000e+00
4.300000000000000000e+01,3.310576940158145476e+01,5.255682168400456789e+01,-1.370552478448088841e-02,3.636864832071961473e+02,1.311089987995086581e-01,0.000000000000000000e+00,6.433976212670508232e+00,1.000000000000000000e+00
4.400000000000000000e+01,2.743236730185993011e+01,2.796642150314965036e+01,-7.605568314493486859e-03,2.055889728707509789e+02,2.665848278286070405e-01,0.000000000000000000e+00,9.044531486783146335e+00,1.000000000000000000e+00
4.400000000000000000e+01,5.187182991992469283e+01,5.954476841063333303e+00,-8.538658352199354068e-03,2.297726228044597576e+02,9.567946417671069348e-02,0.000000000000000000e+00,6.617448162863986738e+00,1.000000000000000000e+00
4.400000000000000000e+01,1.126139201850547522e+02,1.605915981572603002e+01,4.089764969868639466e-03,-1.144670512058110603e+02,2.919812777960898442e-01,0.000000000000000000e+00,4.472011914493197793e+00,1.000000000000000000e+00
4.400000000000000000e+01,5.854558941742035216e+01,1.656190674041876321e+01,4.015238134477003284e-03,-1.125354788762963807e+02,1.763673215094082591e-01,0.000000000000000000e+00,1.249222833110783881e+01,1.000000000000000000e+00
4.500000000000000000e+01,1.413805091943275194e+01,3.498668582247696435e+01,5.426187474160129413e-03,-1.491041952125974319e+02,2.361859161199939550e-01,0.000000000000000000e+00,4.480435080245978696e+00,1.000000000000000000e+00
4.500000000000000000e+01,8.063150207633968591e+01,4.084549303564482159e+01,-7.426733147375418759e-03,2.009539570602156857e+02,2.055689451784498134e-01,0.000000000000000000e+00,4.200516959015360818e+00,1.000000000000000000e+00
4.500000000000000000e+01,5.873974173944477428e+01,3.095704511802347270e+01,4.372003855125677040e-03,-1.217820648946486557e+02,3.902617435824611292e-01,0.000000000000000000e+00,3.650122412688868501e+00,1.000000000000000000e+00
4.500000000000000000e+01,4.049090157118877897e+01,3.438333946535566810e+01,-8.003860090831567756e-03,2.159118232937574930e+02,2.957580525770231450e-01,0.000000000000000000e+00,3.608191413080067633e+00,1.000000000000000000e+00
4.500000000000000000e+01,1.426623402554228903e+02,3.723649919861000512e+01,-7.771267994234681668e-03,2.098835456204944592e+02,2.061230163278856553e-01,0.000000000000000000e+00,4.522410628658375842e+00,1.000000000000000000e+00
4.500000000000000000e+01,1.334592808677899143e+02,5.167775501382833880e+01,-7.646820766372566455e-03,2.066581460639442582e+02,3.768121797762202796e-01,0.000000000000000000e+00,7.056836082102530661e+00,1.000000000000000000e+00
4.600000000000000000e+01,3.634841790392420791e+01,2.539402481321583238e+01,-3.471971432487596515e-02,9.083282465412040665e+02,2.448830207701679917e-02,0.000000000000000000e+00,7.872583384068147616e+00,1.000000000000000000e+00
4.600000000000000000e+01,1.144767542292481863e+02,2.637410162665943147e+01,-7.876168658558056410e-03,2.126023410649804362e+02,1.118738436240106493e-01,0.000000000000000000e+00,3.740751350645827866e+00,1.000000000000000000e+00
4.600000000000000000e+01,1.372740556039229887e+02,2.221719615117459412e+01,-6.577323569177090379e-03,1.789391213429760228e+02,3.111879113998748947e-01,0.000000000000000000e+00,5.644150198732132750e+00,1.000000000000000000e+00
4.600000000000000000e+01,9.084764936511498945e+01,2.445187693868751566e+01,-7.782802185523988656e-03,2.101824865941810003e+02,2.345848336931729561e-01,0.000000000000000000e+00,6.663293220572755082e+00,1.000000000000000000e+00
4.700000000000000000e+01,3.181759501940398138e+01,3.966725071278561643e+01,-3.975321242973420439e-03,1.115009204826199181e+02,2.489533404539177042e-01,0.000000000000000000e+00,5.627060078339072291e+00,1.000000000000000000e+00
4.800000000000000000e+01,1.439519468994112685e+02,1.681753137628725270e+01,-1.998422462013717954e-02,5.264166300616961962e+02,1.391359044630664510e-01,0.000000000000000000e+00,8.587817641025996096e+00,1.000000000000000000e+00
4.800000000000000000e+01,2.274092272695523320e+01,1.910655972269179514e+01,-8.651677794730860960e-03,2.327018391967008597e+02,1.329389459396972395e-01,0.000000000000000000e+00,1.002530812335563759e+01,1.000000000000000000e+00
4.800000000000000000e+01,5.515048001879643635e+01,3.162081761542159342e+01,-8.002282318523885538e-03,2.158709308915002794e+02,7.294824546509237617e-02,0.000000000000000000e+00,3.650122412688868501e+00,1.000000000000000000e+00
4.800000000000000000e+01,3.837327903390771411e+01,4.886231330283123242e+01,4.647778928150796650e-03,-1.289295507287914688e+02,3.594367325624309162e-01,0.000000000000000000e+00,6.433976212670508232e+00,1.000000000000000000e+00
4.800000000000000000e+01,1.104495231434068501e+02,7.279051801092075280e+00,-7.093174526503916687e-03,1.923088482351765265e+02,2.240266355130614562e-01,0.000000000000000000e+00,9.042948153259178667e+00,1.000000000000000000e+00
4.800000000000000000e+01,7.583295470487435352e+01,1.328420616455775871e+01,-7.941361731872480234e-03,2.142920027261583300e+02,2.823265728691303211e-01,0.000000000000000000e+00,5.970515056997470538e+00,1.000000000000000000e+00
4.800000000000000000e+01,1.239893934444706360e+02,2.870368130528203920e+01,-6.828610176713169853e-03,1.854519197912619290e+02,2.391828691759687597e-01,0.000000000000000000e+00,3.815162146700266987e+00,1.000000000000000000e+00
4.800000000000000000e+01,8.175580628836881658e+01,4.489274923729418276e+01,3.455967438251824047e-03,-9.804040745859595063e+01,4.356135676694776748e-01,0.000000000000000000e+00,4.200516959015360818e+00,1.000000000000000000e+00
4.900000000000000000e+01,9.428774617818505988e+01,1.477785515679712525e+01,-6.310946981966286673e-02,1.644128523948018938e+03,1.254179187048154454e-02,0.000000000000000000e+00,8.276636535901186420e+00,1.000000000000000000e+00
4.900000000000000000e+01,7.230915481995654659e+01,2.219844194650483260e+01,7.728122622592118081e-03,-2.087653120932895661e+02,1.285703227876845434e-01,0.000000000000000000e+00,9.585445488087254162e+00,1.000000000000000000e+00
4.900000000000000000e+01,6.763848587508603316e+01,3.279233528390596319e+01,-1.186289418505232472e-02,3.159295341744091843e+02,9.715728657609923324e-02,0.000000000000000000e+00,5.975619251147892719e+00,1.000000000000000000e+00
4.900000000000000000e+01,1.397311425562487308e+01,4.387056436515278790e+01,-3.691467983388003332e-02,9.652169446745905361e+02,4.855661993568261003e-02,0.000000000000000000e+00,7.602897198492559738e+00,1.000000000000000000e+00
4.900000000000000000e+01,1.422729975219318703e+02,5.390034833275493042e+00,-8.882919235464074859e-03,2.386951108284587804e+02,1.979853044254638039e-01,0.000000000000000000e+00,1.155017524770443416e+01,1.000000000000000000e+00
4.900000000000000000e+01,4.436203955575689406e+01,4.011895469669610748e+01,-3.379124592753583040e-02,8.842643794025181023e+02,4.699881590682475352e-02,0.000000000000000000e+00,6.716325479356862971e+00,1.000000000000000000e+00
5.000000000000000000e+01,2.869958433703646605e+01,9.143899145031291198e+00,1.006406694417698831e-02,-2.693078722482946432e+02,8.547925860248273278e-02,0.000000000000000000e+00,3.511356886633317131e+00,1.000000000000000000e+00
5.000000000000000000e+01,8.505907637418812328e+01,9.535920932418722629e+00,-2.996606974302151033e-02,7.851241913789755245e+02,4.581150127498156976e-02,0.000000000000000000e+00,4.296036692431569826e+00,1.000000000000000000e+00
5.000000000000000000e+01,1.185226837513066442e+02,1.938781106608795568e+01,-7.362991614015377759e-03,1.993019161351972741e+02,2.084773683958065504e-01,0.000000000000000000e+00,5.996720654117135396e+00,1.000000000000000000e+00
5.000000000000000000e+01,1.276483297961611498e+02,4.767378409325452537e+01,-1.580968442479779856e-02,4.182216921256986097e+02,8.550140434060993222e-02,0.000000000000000000e+00,7.056836082102530661e+00,1.000000000000000000e+00
5.000000000000000000e+01,7.473556577931923073e+01,4.923201770862728921e+01,-8.367922867909667606e-03,2.253475330312629978e+02,1.555305539269137283e-01,0.000000000000000000e+00,8.253061714976226426e+00,1.000000000000000000e+00
5.000000000000000000e+01,5.943925662535301413e+00,9.175413520757645713e+00,-1.679188122386353690e-02,4.436780817502362879e+02,9.657330094003835352e-02,0.000000000000000000e+00,8.897208483664876155e+00,1.000000000000000000e+00
5.000000000000000000e+01,8.369496934100632757e+01,3.454033324320088383e+01,-6.642755047966466923e-03,1.806349619518605323e+02,2.911060921357134790e-01,0.000000000000000000e+00,5.401307790789759089e+00,1.000000000000000000e+00
5.000000000000000000e+01,6.369708600315451008e+01,4.979160815614147140e+01,-8.947613095945926645e-03,2.403718339864939253e+02,1.887357881772676604e-01,0.000000000000000000e+00,8.213514312899564018e+00,1.000000000000000000e+00
5.100000000000000000e+01,1.230370944260821915e+02,5.329005300196208772e+00,-2.996949261995163205e-02,7.852129048515228078e+02,2.538703358412364164e-02,0.000000000000000000e+00,1.219147461025113977e+01,1.000000000000000000e+00
5.100000000000000000e+01,1.107432426295564625e+02,2.614148218996952266e+01,-6.732203351003769425e-03,1.829532660387168335e+02,1.329679267443317769e-01,0.000000000000000000e+00,3.740751350645827866e+00,1.000000000000000000e+00
5.100000000000000000e+01,2.652843432677018498e+01,4.158781945478234832e+01,-9.787722445152644349e-03,2.621456281395246037e+02,8.709149113446901236e-02,0.000000000000000000e+00,5.627060078339072291e+00,1.000000000000000000e+00
5.100000000000000000e+01,2.743450165479505998e+01,4.919036666050811135e+01,-8.879194505443012073e-03,2.385985739849742799e+02,2.545691086767846167e-01,0.000000000000000000e+00,7.656349131159233323e+00,1.000000000000000000e+00
5.100000000000000000e+01,8.092457831937221613e+01,1.640228554361808477e+01,-8.858528415158538685e-03,2.380629541918759742e+02,3.105787548445575474e-01,0.000000000000000000e+00,5.970515056997470538e+00,1.000000000000000000e+00
5.100000000000000000e+01,7.953813353037989486e+01,2.965791002007007293e+01,-6.817617540177035688e-03,1.851670147305542002e+02,3.655122845215043048e-01,0.000000000000000000e+00,6.109459358906382143e+00,1.000000000000000000e+00
5.100000000000000000e+01,1.203243550898197185e+02,4.307112088622238844e+01,-7.008126661194350078e-03,1.901045938554892132e+02,2.520179480729892729e-01,0.000000000000000000e+00,8.650151102523956581e+00,1.000000000000000000e+00
5.200000000000000000e+01,7.841153787933046715e+01,3.566259784685718159e+01,-7.688731335513957627e-03,2.077443762150343503e+02,2.540580559985164966e-01,0.000000000000000000e+00,5.401307790789759089e+00,1.000000000000000000e+00
5.200000000000000000e+01,1.435685686480477408e+01,6.280088428876085871e+00,-7.443827136453965397e-03,2.013969958143991335e+02,3.168074373694990120e-01,0.000000000000000000e+00,8.897208483664876155e+00,1.000000000000000000e+00
5.200000000000000000e+01,5.738395523017555888e+01,1.259484689258890988e+01,-5.063934854915963513e-03,1.397154008011715405e+02,3.968241232675029373e-01,0.000000000000000000e+00,7.348678315277271444e+00,1.000000000000000000e+00
5.200000000000000000e+01,6.201331639207342761e+01,1.830204307058542312e+01,-7.555015686755173557e-03,2.042787594904235391e+02,2.157286708617501825e-01,0.000000000000000000e+00,4.689608006494198733e+00,1.000000000000000000e+00
5.200000000000000000e+01,1.404052622847995337e+02,3.434099806951553546e+01,-5.568597668624512310e-03,1.527951555173345639e+02,2.270643810670039953e-01,0.000000000000000000e+00,5.194525742178647043e+00,1.000000000000000000e+00
5.200000000000000000e+01,1.045641834816541262e+02,3.798763960401997508e+01,-5.514260332711655443e-02,1.437644795112980091e+03,1.096366099041812259e-02,0.000000000000000000e+00,8.816010255463524459e+00,1.000000000000000000e+00
5.300000000000000000e+01,1.237760545717105032e+02,2.227965366672242453e+01,-8.213102442590634183e-03,2.213349267261856710e+02,2.989708586766782750e-01,0.000000000000000000e+00,5.996720654117135396e+00,1.000000000000000000e+00
5.300000000000000000e+01,1.019997130129903837e+02,1.177314553916730411e+01,-2.673686731388167509e-02,7.014303376717762148e+02,4.519602351181639666e-02,0.000000000000000000e+00,7.690023284444898799e+00,1.000000000000000000e+00
5.300000000000000000e+01,5.068513716596746121e+01,4.238334524525605218e+01,-8.828962210911008371e-03,2.372966629396954374e+02,2.772258512328684699e-01,0.000000000000000000e+00,6.716325479356862971e+00,1.000000000000000000e+00
5.300000000000000000e+01,5.663564329805245023e+01,4.559662969484195116e+01,-8.092799598842948666e-03,2.182169405280083083e+02,1.515449592370183840e-01,0.000000000000000000e+00,6.123177724297364399e+00,1.000000000000000000e+00
5.300000000000000000e+01,5.372765965874904737e+00,5.164877959781050976e+01,-1.107799759384806883e-02,2.955867337705873297e+02,2.115955710045532845e-01,0.000000000000000000e+00,1.140699282024441708e+01,1.000000000000000000e+00
5.400000000000000000e+01,6.401731957718550348e+01,2.803889652048019698e+01,-7.479008057111527843e-03,2.023088082174335796e+02,1.805602233319638650e-01,0.000000000000000000e+00,5.975619251147892719e+00,1.000000000000000000e+00
5.400000000000000000e+01,1.675803030304549779e+01,5.094504585991020207e+01,-1.007943892699732745e-02,2.697062803721537989e+02,4.115736584312980062e-01,0.000000000000000000e+00,7.602897198492559738e+00,1.000000000000000000e+00
5.400000000000000000e+01,1.569776493451958466e+01,2.026632834634697744e+01,-7.804110880058973132e-03,2.107347612818900302e+02,2.286094151363209370e-01,0.000000000000000000e+00,4.148069434892925678e+00,1.000000000000000000e+00
5.400000000000000000e+01,9.371706425099924331e+01,2.804072017250762627e+01,-2.124821103735591299e-02,5.591763893558108975e+02,9.252631098105845719e-02,0.000000000000000000e+00,3.505433809702159120e+00,1.000000000000000000e+00
5.500000000000000000e+01,2.658374371886550946e+01,1.194619207472389633e+01,-8.067485234705955299e-03,2.175608476582476953e+02,1.913730343874044948e-01,0.000000000000000000e+00,3.511356886633317131e+00,1.000000000000000000e+00
5.500000000000000000e+01,1.126379206876204506e+02,1.169212078945819755e+01,-1.080261579435428700e-02,2.884494407249491132e+02,1.109294066188569738e-01,0.000000000000000000e+00,6.018209975234111830e+00,1.000000000000000000e+00
5.500000000000000000e+01,1.300002812432219059e+02,4.100222731885035898e+01,-1.206975560622347565e-02,3.212909291011971504e+02,1.192127479921422095e-01,0.000000000000000000e+00,7.073990769249653532e+00,1.000000000000000000e+00
5.500000000000000000e+01,8.579229842856180710e+01,5.302917662670585841e+00,-6.421908197268247354e-03,1.749110953254638900e+02,2.357974815813623781e-01,0.000000000000000000e+00,4.296036692431569826e+00,1.000000000000000000e+00
5.500000000000000000e+01,7.191360080741226568e+01,2.627940191995669039e+01,-1.150369406284137627e-02,3.066198537998843108e+02,1.131512433023238451e-01,0.000000000000000000e+00,8.089936867250747454e+00,1.000000000000000000e+00
5.500000000000000000e+01,1.397778261114330007e+02,3.949749121258358286e+01,-8.121674305121711485e-03,2.189653096674979054e+02,2.005747919920216615e-01,0.000000000000000000e+00,5.194525742178647043e+00,1.000000000000000000e+00
5.500000000000000000e+01,5.969834373366027336e+01,4.029444415630606358e+01,-3.901669013108935782e-03,1.095920160126300544e+02,4.694278623077784429e-01,0.000000000000000000e+00,6.123177724297364399e+00,1.000000000000000000e+00
5.600000000000000000e+01,3.929923984738201170e+01,2.279242583163565072e+01,-3.560732045109053084e-02,9.313330531171744724e+02,1.893257989634189453e-02,0.000000000000000000e+00,1.163048530091864130e+01,1.000000000000000000e+00
5.600000000000000000e+01,8.939270397275711844e+01,4.415927087459693468e+01,-1.099055855782410385e-01,2.856981342037486229e+03,5.076137251490586699e-03,0.000000000000000000e+00,9.558512388982540742e+00,1.000000000000000000e+00
5.600000000000000000e+01,1.312132040733511396e+01,1.701541868364730448e+01,-7.046845722520023343e-03,1.911081071146855948e+02,4.192994780722091308e-01,0.000000000000000000e+00,4.148069434892925678e+00,1.000000000000000000e+00
5.600000000000000000e+01,7.608107489463914241e+00,3.354385909234763119e+01,-4.918088118850689854e-03,1.359353728655518694e+02,3.478504652481145820e-01,0.000000000000000000e+00,1.087947306692491978e+01,1.000000000000000000e+00
5.700000000000000000e+01,6.557646264275987846e+01,1.525304125838629332e+01,-3.433304914198882091e-02,8.983067319535155093e+02,1.418603846752253261e-02,0.000000000000000000e+00,4.689608006494198733e+00,1.000000000000000000e+00
5.700000000000000000e+01,7.824647521248720317e+00,2.266654119552309510e+01,-7.617948663990386365e-03,2.059098444117504982e+02,2.214885179316965491e-01,0.000000000000000000e+00,7.745316604660659188e+00,1.000000000000000000e+00
5.800000000000000000e+01,2.434016483424579746e+01,4.071121543590606962e+01,-4.130294873080863488e-02,1.078951262403697910e+03,2.853263996529553648e-02,0.000000000000000000e+00,1.273656347671900768e+01,1.000000000000000000e+00
5.800000000000000000e+01,9.446922132566908203e+01,1.333139874788836643e+01,-1.104775261088970437e-02,2.948028500610212177e+02,1.392771684266557175e-01,0.000000000000000000e+00,7.690023284444898799e+00,1.000000000000000000e+00
5.800000000000000000e+01,1.374236128106485353e+02,3.198494760290624228e+01,-6.945719350429689111e-03,1.884871330576573030e+02,1.909036168011785106e-01,0.000000000000000000e+00,7.872777893024440310e+00,1.000000000000000000e+00
5.900000000000000000e+01,1.108123059465371085e+02,2.734910033996355949e+01,-2.870749829656607868e-02,7.525047762660749413e+02,1.717274315411732033e-02,0.000000000000000000e+00,7.562702193163683972e+00,1.000000000000000000e+00
5.900000000000000000e+01,8.083745224274211694e+01,1.425993146219512653e+01,-7.887517091373530409e-03,2.128964675859112674e+02,1.506051014519820264e-01,0.000000000000000000e+00,7.786581805364840569e+00,1.000000000000000000e+00
5.900000000000000000e+01,1.787368489308069286e+01,2.597139564524714217e+01,-6.328432878239580173e-03,1.724884198049010706e+02,2.197362463135730248e-01,0.000000000000000000e+00,6.105933225236302775e+00,1.000000000000000000e+00
5.900000000000000000e+01,8.002576103860715762e+01,3.522245205377119248e+01,6.078719739059600634e-03,-1.660164022098747694e+02,1.878079147888274125e-01,0.000000000000000000e+00,1.207415791318382325e+01,1.000000000000000000e+00
6.000000000000000000e+01,1.186377707318596180e+02,1.122238602105093541e+01,-8.942056994777266080e-03,2.402278320143053634e+02,1.552831268134475806e-01,0.000000000000000000e+00,6.018209975234111830e+00,1.000000000000000000e+00
6.000000000000000000e+01,5.134152567145993551e+00,5.150970287167808692e+01,1.082828238845759579e-02,-2.891146626239108741e+02,1.189351646605820711e-01,0.000000000000000000e+00,1.813537966685472824e+01,1.000000000000000000e+00
6.000000000000000000e+01,3.797234018132659372e+01,4.313637404355237237e+01,-3.859183221474129372e-03,1.084908773544799629e+02,2.697762223853250596e-01,0.000000000000000000e+00,9.359817004672283502e+00,1.000000000000000000e+00
6.100000000000000000e+01,9.379605672921766057e+00,6.389068532127799571e+00,-1.148540577211025135e-02,3.061458613628684589e+02,1.354911753421876863e-01,0.000000000000000000e+00,1.071979017020774450e+01,1.000000000000000000e+00
6.100000000000000000e+01,1.980222533389479622e+01,8.895640034395590590e+00,-2.808627675392220274e-02,7.364040746065489884e+02,5.441253212436469866e-02,0.000000000000000000e+00,1.051500337377850869e+01,1.000000000000000000e+00
6.100000000000000000e+01,7.350592024078990505e+01,1.688281055128584995e+01,3.108842157663759334e-03,-8.904368053016159479e+01,4.389441159538127746e-01,0.000000000000000000e+00,7.786581805364840569e+00,1.000000000000000000e+00
6.100000000000000000e+01,4.874020701913902087e+01,5.195026376169018789e+01,-9.932096652677071744e-03,2.658874913607971280e+02,2.278229375224100073e-01,0.000000000000000000e+00,4.119398500252592576e+00,1.000000000000000000e+00
6.200000000000000000e+01,1.408225142529706204e+02,4.769245055606906902e+01,-3.119102858251519145e-02,8.168724413445972914e+02,2.137772297836915136e-02,0.000000000000000000e+00,1.188879512544187733e+01,1.000000000000000000e+00
6.200000000000000000e+01,2.728106863347624156e+01,1.672888527740291664e+01,-3.475312380017372971e-02,9.091941469606927058e+02,4.259991067196366998e-02,0.000000000000000000e+00,1.083018135290407713e+01,1.000000000000000000e+00
6.200000000000000000e+01,8.946809594350708039e+01,4.652150541738574674e+01,-1.040253192645656730e-02,2.780801432141202554e+02,4.736067836828772304e-02,0.000000000000000000e+00,1.472502276297394452e+01,1.000000000000000000e+00
6.300000000000000000e+01,1.165441840653849539e+02,4.113423929064939699e+01,-9.258448911481262714e-03,2.484280174693305980e+02,9.591912487077614013e-02,0.000000000000000000e+00,7.955323692016468939e+00,1.000000000000000000e+00
6.300000000000000000e+01,7.578054580948633046e+00,2.124244780528308141e+01,-8.474029727269417542e-03,2.280975904090381050e+02,2.293705478856586932e-01,0.000000000000000000e+00,1.111144133559003500e+01,1.000000000000000000e+00
6.400000000000000000e+01,1.267784318634058707e+02,3.501118089526173094e+01,-7.831061981218578882e-03,2.114332747901623293e+02,2.763327501416286136e-01,0.000000000000000000e+00,3.456103055712326899e+00,1.000000000000000000e+00
6.400000000000000000e+01,1.208185585830389783e+02,5.171907997737948293e+00,-9.302485284337313337e-03,2.495693437963368808e+02,3.072375096265023142e-01,0.000000000000000000e+00,4.045090101046598718e+00,1.000000000000000000e+00
6.400000000000000000e+01,1.180864569343675328e+02,2.941820446221755248e+01,-7.352219878611568164e-03,1.990227363479768030e+02,1.048226549124718909e-01,0.000000000000000000e+00,7.562702193163683972e+00,1.000000000000000000e+00
6.400000000000000000e+01,1.040567016245364016e+02,5.113142512913470483e+01,-6.916617191794187380e-02,1.801104975714307102e+03,1.256791541609969531e-02,0.000000000000000000e+00,1.293126656289392074e+01,1.000000000000000000e+00
6.500000000000000000e+01,3.129795211060376658e+01,5.743010034006401199e+00,-9.173150461932684518e-03,2.462172684950486712e+02,1.515906718096561301e-01,0.000000000000000000e+00,1.169721367387518285e+01,1.000000000000000000e+00
6.500000000000000000e+01,1.318783878404038035e+02,2.983995704505587909e+01,-7.983507514231486316e-03,2.153843290886371733e+02,2.484834941779994200e-01,0.000000000000000000e+00,5.188341608660071103e+00,1.000000000000000000e+00
6.500000000000000000e+01,4.533682782976331538e+01,3.735965386364271978e+01,-6.214238832392215452e-03,1.695287602675680887e+02,1.629833494487978873e-01,0.000000000000000000e+00,7.961556045224150502e+00,1.000000000000000000e+00
6.600000000000000000e+01,9.490482776806901200e+01,2.290545195562441805e+01,-6.210346301545644626e-03,1.694278743942379322e+02,1.218557499385333198e-01,0.000000000000000000e+00,7.988603027289137515e+00,1.000000000000000000e+00
6.600000000000000000e+01,7.605447662036922907e+01,3.680791219154924221e+01,-7.363811506809805549e-03,1.993231659605328616e+02,2.120065775773734007e-01,0.000000000000000000e+00,7.331724746792625425e+00,1.000000000000000000e+00
6.600000000000000000e+01,1.326461769383342073e+02,3.906163613030282278e+01,-8.785172985655776562e-03,2.361617421371494174e+02,2.137337887434627159e-01,0.000000000000000000e+00,7.129980355892822530e+00,1.000000000000000000e+00
6.600000000000000000e+01,1.244806801502439555e+02,4.058724300201821933e+01,-5.526115333733839889e-03,1.516941064504207475e+02,3.827383268691146867e-01,0.000000000000000000e+00,6.030931234373687388e+00,1.000000000000000000e+00
6.600000000000000000e+01,5.285763979414528535e+01,5.182301853707441808e+01,-3.228155919521859957e-02,8.451366061238653629e+02,4.680081941167901771e-02,0.000000000000000000e+00,4.119398500252592576e+00,1.000000000000000000e+00
6.600000000000000000e+01,9.271353137067370298e+00,3.222410836068657858e+01,-3.346501490579941677e-03,9.520328986952897310e+01,3.147999467281339392e-01,0.000000000000000000e+00,1.111144133559003500e+01,1.000000000000000000e+00
6.600000000000000000e+01,3.784707785422969550e+01,4.725653993732231584e+01,-9.025416805735849216e-03,2.423883357227352349e+02,2.566706044410014265e-01,0.000000000000000000e+00,9.494966792310608028e+00,1.000000000000000000e+00
6.600000000000000000e+01,4.879292875719316136e+00,4.846232103574113381e+01,-8.119667048592430977e-03,2.189132859749605586e+02,4.462079017465472308e-01,0.000000000000000000e+00,1.553690138179013402e+01,1.000000000000000000e+00
6.700000000000000000e+01,1.277559474467657736e+02,6.530935334317144125e+00,-3.958849039409745307e-02,1.034516257671580433e+03,2.510931982009423358e-02,0.000000000000000000e+00,7.069251696476091418e+00,1.000000000000000000e+00
6.700000000000000000e+01,4.129634993113550934e+01,1.495991586074908319e+01,-9.003396205659120258e-03,2.418176100027445727e+02,1.408126776192689666e-01,0.000000000000000000e+00,4.151698074123165938e+00,1.000000000000000000e+00
6.700000000000000000e+01,8.843819422305726619e+01,1.821499047276988037e+01,-6.988612972634884908e-03,1.895988417908783958e+02,6.772066893009875965e-02,0.000000000000000000e+00,7.988603027289137515e+00,1.000000000000000000e+00
6.700000000000000000e+01,5.918592725175138014e+01,4.693662856982656173e+00,-1.619202340447376681e-02,4.281310810022838496e+02,2.781857356646790791e-01,0.000000000000000000e+00,6.144955252263715195e+00,1.000000000000000000e+00
6.700000000000000000e+01,4.831968315480753517e+01,6.363211337057914641e+00,-5.726553023411289078e-03,1.568890123274555037e+02,2.247714326410796826e-01,0.000000000000000000e+00,7.622516672363977008e+00,1.000000000000000000e+00
6.700000000000000000e+01,1.170723545982152842e+02,6.697919016596022068e+00,6.252477715755166282e-03,-1.705198283657541651e+02,3.271762529094771610e-01,0.000000000000000000e+00,4.045090101046598718e+00,1.000000000000000000e+00
6.700000000000000000e+01,6.271410446793033344e+01,4.022894349890680132e+01,9.391107750179908745e-03,-2.518662439920230156e+02,4.076935139046442558e-01,0.000000000000000000e+00,7.978704188774439210e+00,1.000000000000000000e+00
6.800000000000000000e+01,1.301983945188952987e+02,1.722158032622040125e+01,-1.034462251300860558e-02,2.765792580625274013e+02,8.739616791860171929e-02,0.000000000000000000e+00,1.044475661549566858e+01,1.000000000000000000e+00
6.800000000000000000e+01,2.483841823403873406e+01,3.482377511627979771e+01,-9.299987143618217156e-03,2.495045974608339350e+02,1.160823621265801853e-01,0.000000000000000000e+00,1.464453663051309640e+01,1.000000000000000000e+00
6.800000000000000000e+01,9.340854546668477099e+01,3.494513740068133245e+01,-7.501842255538892883e-03,2.029006206245641408e+02,2.607338561871306304e-01,0.000000000000000000e+00,5.436496169640975928e+00,1.000000000000000000e+00
6.800000000000000000e+01,9.536941563832291990e+01,7.531657254030863058e+00,4.115883827929894649e-03,-1.151439947959222820e+02,3.385487955392750825e-01,0.000000000000000000e+00,1.205423784565776302e+01,1.000000000000000000e+00
6.800000000000000000e+01,7.777425123382288064e+01,9.236136583609223294e+00,6.129457976154483248e-03,-1.673314261781651169e+02,3.284776829591499192e-01,0.000000000000000000e+00,3.726637674592769844e+00,1.000000000000000000e+00
6.800000000000000000e+01,1.257917999774569182e+02,3.169889983029564107e+01,-4.994729497325911191e-03,1.379217495200906285e+02,3.071864913926848351e-01,0.000000000000000000e+00,3.456103055712326899e+00,1.000000000000000000e+00
6.800000000000000000e+01,1.363067080916301563e+02,3.254344893532149285e+01,-9.750834794476942458e-03,2.611895810328472862e+02,3.943441227526045534e-01,0.000000000000000000e+00,5.188341608660071103e+00,1.000000000000000000e+00
6.900000000000000000e+01,1.201523242632876531e+02,2.007979885816225618e+01,-8.474707333405396767e-03,2.281151524758518860e+02,1.052258406618870046e-01,0.000000000000000000e+00,8.097195869100202614e+00,1.000000000000000000e+00
6.900000000000000000e+01,3.959386923658690449e+01,3.184559898013761980e+01,-3.783386739835541482e-03,1.065263985752817888e+02,3.063942447028344951e-01,0.000000000000000000e+00,6.764729250351337875e+00,1.000000000000000000e+00
6.900000000000000000e+01,6.890279587644801040e+01,3.519309012712299989e+01,-2.964535514990247755e-02,7.768119716196778199e+02,3.984418465887407113e-02,0.000000000000000000e+00,3.968886748077448789e+00,1.000000000000000000e+00
6.900000000000000000e+01,1.156928819732459033e+02,4.549077252390140558e+01,3.457214545029754088e-03,-9.807272973461292054e+01,2.917439473959244634e-01,0.000000000000000000e+00,7.187613228507022889e+00,1.000000000000000000e+00
6.900000000000000000e+01,7.406040178572997945e+01,9.544601548547314351e+00,-7.614272036475644607e-03,2.058145542798659164e+02,1.889115607084268511e-01,0.000000000000000000e+00,3.002911868694940978e+00,1.000000000000000000e+00
6.900000000000000000e+01,7.395187605829757871e+00,1.841150896965519479e+01,-8.111815503736132318e-03,2.187097911303361570e+02,2.375953736590740162e-01,0.000000000000000000e+00,8.693023454584915655e+00,1.000000000000000000e+00
7.000000000000000000e+01,8.807987662200658008e+01,3.602253191815253075e+01,-8.293702956429133827e-03,2.234239154972368908e+02,2.298822337080463907e-01,0.000000000000000000e+00,5.436496169640975928e+00,1.000000000000000000e+00
7.000000000000000000e+01,1.000399891332124866e+02,4.725661771230680586e+01,-5.784037321154828978e-03,1.583788794111646041e+02,1.240360153331551141e-01,0.000000000000000000e+00,7.550190044514649479e+00,1.000000000000000000e+00
7.000000000000000000e+01,1.991883290538651963e+01,5.236200566959423242e+01,-1.100766624442461525e-02,2.937638992475610280e+02,2.397339537019957945e-01,0.000000000000000000e+00,9.310174156981947391e+00,1.000000000000000000e+00
7.100000000000000000e+01,1.946399628943160209e+01,1.493596142104518343e+01,-2.677903854153506139e-02,7.025233235205499795e+02,1.539834195443023912e-02,0.000000000000000000e+00,5.012286470567716812e+00,1.000000000000000000e+00
7.100000000000000000e+01,1.062953345629485824e+02,2.578773835888549115e+01,-5.548056500698831522e-02,1.446404021582830183e+03,3.769624276585170630e-02,0.000000000000000000e+00,4.883822983414652263e+00,1.000000000000000000e+00
7.100000000000000000e+01,2.799490171923573811e+01,1.786719598070372328e+01,-5.735662659402721540e-03,1.571251141385754408e+02,2.323795237316292894e-01,0.000000000000000000e+00,7.573776036127170208e+00,1.000000000000000000e+00
7.200000000000000000e+01,1.147447538984494386e+01,2.883482823226409053e+01,-4.519331919106406997e-03,1.256004856051311975e+02,4.065978223320151352e-01,0.000000000000000000e+00,1.102216804812612061e+01,1.000000000000000000e+00
7.200000000000000000e+01,1.432671887650087115e+02,3.362279436405012945e+01,-1.549714222015388942e-01,4.024989114949855320e+03,8.737896996658833793e-03,0.000000000000000000e+00,7.043669339129555063e+00,1.000000000000000000e+00
7.200000000000000000e+01,2.605394242316753051e+01,6.613745900467657535e+00,-7.673637857140446807e-03,2.073531863163998707e+02,3.694191937605268983e-01,0.000000000000000000e+00,6.246653659389559188e+00,1.000000000000000000e+00
7.200000000000000000e+01,8.356372628257473423e+01,9.966888018303912133e+00,-6.964997157069993845e-03,1.889867715796000311e+02,1.654849066469346042e-01,0.000000000000000000e+00,5.835410782406721175e+00,1.000000000000000000e+00
7.200000000000000000e+01,4.220006189413264508e+01,1.090776808622088012e+01,-8.786114173830366150e-03,2.361861356730529451e+02,1.766223448196201362e-01,0.000000000000000000e+00,4.151698074123165938e+00,1.000000000000000000e+00
7.200000000000000000e+01,1.223921733440295441e+02,3.791039769767748879e+01,-4.613688953549796752e-03,1.280460132579311505e+02,1.510470928159912685e-01,0.000000000000000000e+00,7.080972179241913800e+00,1.000000000000000000e+00
7.200000000000000000e+01,3.857907357631360412e+01,4.852149132742521687e+01,7.326739877270779973e-03,-1.983623505247061303e+02,2.612763658349042117e-01,0.000000000000000000e+00,9.279532646495530557e+00,1.000000000000000000e+00
7.300000000000000000e+01,7.204639120713945033e+01,1.177198590704370673e+01,-8.418718701221654041e-03,2.266640497673417372e+02,1.767565372706542126e-01,0.000000000000000000e+00,3.002911868694940978e+00,1.000000000000000000e+00
7.300000000000000000e+01,4.630981026670898615e+01,3.265658474479796780e+01,2.670832648240636670e-03,-7.769143346344991130e+01,3.673607406158394539e-01,0.000000000000000000e+00,6.764729250351337875e+00,1.000000000000000000e+00
7.300000000000000000e+01,1.219443322847126296e+02,4.903776461944823950e+01,3.927420323512308999e-03,-1.102594335725266177e+02,1.893676519743298092e-01,0.000000000000000000e+00,7.187613228507022889e+00,1.000000000000000000e+00
7.400000000000000000e+01,1.073606307405736970e+02,1.013946861476256345e+01,-4.061443104224018302e-02,1.061106392047516238e+03,1.421165512128719222e-02,0.000000000000000000e+00,1.543893563943299974e+01,1.000000000000000000e+00
7.400000000000000000e+01,1.219085047328738369e+02,2.798425400072694913e+01,-8.714324231087382591e-03,2.343254976060922843e+02,1.185411559742400867e-01,0.000000000000000000e+00,4.525224218464665604e+00,1.000000000000000000e+00
7.400000000000000000e+01,1.038663041276295829e+01,1.024940588804619779e+01,-9.485505812948684043e-03,2.543128350091483867e+02,2.264961815145298818e-01,0.000000000000000000e+00,7.868693772312450818e+00,1.000000000000000000e+00
7.500000000000000000e+01,5.792544746875264394e+01,9.352285341113956818e+00,4.706156942084477671e-03,-1.304425809785500121e+02,2.794368448483283141e-01,0.000000000000000000e+00,1.413010278699821498e+01,1.000000000000000000e+00
7.500000000000000000e+01,2.330268212485582069e+01,3.693678093571980980e+01,-9.982668180363163737e-03,2.671981945863724945e+02,2.228908118165847663e-01,0.000000000000000000e+00,8.465416798030963363e+00,1.000000000000000000e+00
7.500000000000000000e+01,1.339860804285669360e+02,3.636347907291547443e+01,-1.186886366735799905e-02,3.160842500801977053e+02,2.730295565475079345e-01,0.000000000000000000e+00,7.570601541553784841e+00,1.000000000000000000e+00
7.500000000000000000e+01,3.577734762782499445e+01,3.967501983609366079e+01,-5.951844165925966948e-03,1.627280652629426640e+02,2.778199014148112767e-01,0.000000000000000000e+00,4.250169671868102128e+00,1.000000000000000000e+00
7.500000000000000000e+01,9.653308001399885541e+01,4.057029150594621569e+01,3.829238869253960478e-03,-1.077147853351452653e+02,3.058324916137001859e-01,0.000000000000000000e+00,3.983028533376502089e+00,1.000000000000000000e+00
7.500000000000000000e+01,7.738348722551894809e+01,4.780777322949552399e+01,5.883973582830901404e-03,-1.609690084130771766e+02,3.257489810094150728e-01,0.000000000000000000e+00,6.590257024377571327e+00,1.000000000000000000e+00
7.600000000000000000e+01,1.063105399059884775e+02,3.067153767200967351e+01,-4.270742066082931082e-02,1.115352098469688599e+03,2.229259814858508548e-02,0.000000000000000000e+00,3.062527123172363197e+00,1.000000000000000000e+00
7.600000000000000000e+01,3.069750317855539024e+01,1.079202610306138688e+01,-8.752954060552386312e-03,2.353266981709138861e+02,2.050134098580985720e-01,0.000000000000000000e+00,5.694852320022794956e+00,1.000000000000000000e+00
7.600000000000000000e+01,1.708946986020550796e+01,1.935010232273182496e+01,-8.628597241504490020e-03,2.321036418127964680e+02,2.343166753055498930e-01,0.000000000000000000e+00,4.654028809284474377e+00,1.000000000000000000e+00
7.600000000000000000e+01,5.661413628160739364e+01,2.342140996710268297e+01,-8.430731773091325668e-03,2.269754022767296817e+02,1.440834746177745984e-01,0.000000000000000000e+00,6.783219486977531076e+00,1.000000000000000000e+00
7.600000000000000000e+01,1.248190101241453078e+02,7.824632616079528979e+00,-6.566408399233628936e-03,1.786562240466672904e+02,2.219847465382172036e-01,0.000000000000000000e+00,6.709012698193244972e+00,1.000000000000000000e+00
7.600000000000000000e+01,3.514689155124348474e+01,3.216406190938861442e+01,4.285713399359337289e-03,-1.195456052920961696e+02,3.610449470356582591e-01,0.000000000000000000e+00,3.700604598118619304e+00,1.000000000000000000e+00
7.700000000000000000e+01,7.538946835639089272e+01,3.382634732766945973e+01,-7.432599570123050135e-03,2.011060018880017140e+02,1.552747553716485873e-01,0.000000000000000000e+00,5.162938324658598255e+00,1.000000000000000000e+00
7.700000000000000000e+01,9.195099294341208918e+01,9.188786418209597073e+00,4.739538915361905802e-03,-1.313077686059118889e+02,2.731096162130053351e-01,0.000000000000000000e+00,3.056295023197936001e+00,1.000000000000000000e+00
7.700000000000000000e+01,7.382287020102533859e+01,5.335335652183224653e+01,7.525320232548157219e-03,-2.035091183624026598e+02,2.322046337992039744e-01,0.000000000000000000e+00,6.590257024377571327e+00,1.000000000000000000e+00
7.700000000000000000e+01,1.390047552625400442e+02,5.649852156413797566e+00,6.599798400522178393e-03,-1.795216197424928453e+02,2.664506031367696037e-01,0.000000000000000000e+00,7.716486813704156233e+00,1.000000000000000000e+00
7.800000000000000000e+01,8.643495063114426102e+01,3.638940672936855947e+01,-1.208213936668453212e-02,3.216118890469161897e+02,3.677291438937445589e-01,0.000000000000000000e+00,4.124002856492451130e+00,1.000000000000000000e+00
7.800000000000000000e+01,3.732595653188856488e+01,2.131946524434425783e+01,-9.316313611128911043e-03,2.499277437371605401e+02,4.697298405111457464e-01,0.000000000000000000e+00,6.751692280441702998e+00,1.000000000000000000e+00
7.800000000000000000e+01,1.336156139627267692e+02,2.382621543107905637e+01,-7.111035809361036450e-03,1.927717735634176961e+02,2.134330860648478989e-01,0.000000000000000000e+00,9.679646198657941625e+00,1.000000000000000000e+00
7.800000000000000000e+01,1.175583617594769095e+02,2.923081340099012237e+01,6.012707710650799439e-03,-1.643055150264926567e+02,3.009088894149588578e-01,0.000000000000000000e+00,4.525224218464665604e+00,1.000000000000000000e+00
7.800000000000000000e+01,5.538401943865263632e+00,3.471263544794823019e+01,4.711508152387527612e-03,-1.305812726282956078e+02,3.774250215459724611e-01,0.000000000000000000e+00,5.388545172937175387e+00,1.000000000000000000e+00
7.800000000000000000e+01,6.773249536255801218e+01,3.512618103404123104e+01,-4.602588788105928946e-03,1.277583212834666568e+02,2.378147151842883167e-01,0.000000000000000000e+00,7.766518080356617837e+00,1.000000000000000000e+00
7.800000000000000000e+01,9.389263513829877184e+01,3.758825073558767826e+01,-4.481964960075666277e-03,1.246320158757699517e+02,4.540874447245697443e-01,0.000000000000000000e+00,3.983028533376502089e+00,1.000000000000000000e+00
7.900000000000000000e+01,1.605591497669150414e+01,4.792707782448796472e+00,-7.832883565798547457e-03,2.114804862724699888e+02,1.309963029595966333e-01,0.000000000000000000e+00,6.684847428152850490e+00,1.000000000000000000e+00
7.900000000000000000e+01,1.239800772933530197e+02,2.290318584089953191e+01,-9.537808515089580413e-03,2.556684064846217836e+02,1.586005680121946870e-01,0.000000000000000000e+00,5.487136458859233734e+00,1.000000000000000000e+00
7.900000000000000000e+01,5.631205581604074695e+01,3.019789976646302421e+01,-7.620279260440824057e-03,2.059702483667993533e+02,1.180569781705408383e-01,0.000000000000000000e+00,6.783219486977531076e+00,1.000000000000000000e+00
7.900000000000000000e+01,9.202205568395605439e+01,4.941179043075100452e+01,-7.794991467785040117e-03,2.104984060909416996e+02,1.458060301117479751e-01,0.000000000000000000e+00,8.199820739770414590e+00,1.000000000000000000e+00
7.900000000000000000e+01,1.267532533156575454e+02,3.859959616639232394e+01,-1.009043164601683418e-02,2.699911875706498563e+02,1.086464507589796069e-01,0.000000000000000000e+00,7.454768772781119601e+00,1.000000000000000000e+00
7.900000000000000000e+01,5.926934520060681422e+01,4.201896974632015969e+01,-6.224670654576413761e-03,1.697991302486833263e+02,2.499177053051414577e-01,0.000000000000000000e+00,7.011834104786755617e+00,1.000000000000000000e+00
7.900000000000000000e+01,1.101401744429103857e+01,4.999682521954834158e+01,-9.086733433324594572e-03,2.439775284016835997e+02,2.224030366818310345e-01,0.000000000000000000e+00,1.111897930245914345e+01,1.000000000000000000e+00
8.000000000000000000e+01,3.418047191152083997e+01,3.573624716096432508e+01,-7.054198221447780491e-03,1.912986677819541228e+02,2.480808092560370381e-01,0.000000000000000000e+00,3.700604598118619304e+00,1.000000000000000000e+00
8.000000000000000000e+01,7.133239057914326509e+01,4.291295887986955648e+01,-8.379198572885215857e-03,2.256397746058862595e+02,1.105579502703271100e-01,0.000000000000000000e+00,7.758574735278327417e+00,1.000000000000000000e+00
8.000000000000000000e+01,2.500432034210574272e+01,1.092991061134331687e+01,-8.526011411498526232e-03,2.294448418033967130e+02,1.464435893341266004e-01,0.000000000000000000e+00,5.694852320022794956e+00,1.000000000000000000e+00
8.000000000000000000e+01,1.678521895106241502e+01,2.399417548558525581e+01,4.198118891620304313e-03,-1.172753475188114010e+02,4.205859765747531620e-01,0.000000000000000000e+00,4.654028809284474377e+00,1.000000000000000000e+00
8.000000000000000000e+01,1.531623005662829407e+01,3.974389064613176004e+01,-6.795169499775401828e-03,1.845852106936087580e+02,3.725318481295133433e-01,0.000000000000000000e+00,3.411127431142429334e+00,1.000000000000000000e+00
8.000000000000000000e+01,4.081313567525840824e+01,4.076009377789826971e+01,-3.532068396088249625e-03,1.000127775939163541e+02,3.041220771869497241e-01,0.000000000000000000e+00,5.151363578496146012e+00,1.000000000000000000e+00
8.100000000000000000e+01,1.107283558492781310e+02,1.129527952780655475e+01,-3.935206701888058212e-02,1.028388681648533293e+03,2.466447133635996103e-02,0.000000000000000000e+00,8.093093015080444985e+00,1.000000000000000000e+00
8.100000000000000000e+01,3.968027911930685292e+01,3.229191847584545627e+01,-7.000883818618317510e-03,1.899168752406657177e+02,2.105090868824152084e-01,0.000000000000000000e+00,4.535190199303402281e+00,1.000000000000000000e+00
8.100000000000000000e+01,1.073447347076712788e+01,3.613996153826685998e+01,-8.190043737871903484e-03,2.207372956077422828e+02,2.785672359037253409e-01,0.000000000000000000e+00,3.894775948558151679e+00,1.000000000000000000e+00
8.100000000000000000e+01,6.238924485815310561e+01,4.829846364630073197e+01,-1.192241498030753577e-02,3.174721828128696188e+02,1.644525202689567367e-01,0.000000000000000000e+00,5.697063044225217254e+00,1.000000000000000000e+00
8.100000000000000000e+01,3.834776952436229180e+01,5.276634425162195186e+01,-3.298373137071817368e-02,8.633353708724665694e+02,4.422739198017289208e-02,0.000000000000000000e+00,1.090933987286553375e+01,1.000000000000000000e+00
8.100000000000000000e+01,7.379193060255829550e+01,2.891678469243319682e+01,5.115288696977366399e-03,-1.410463799017708482e+02,2.972011907148894849e-01,0.000000000000000000e+00,5.162938324658598255e+00,1.000000000000000000e+00
8.200000000000000000e+01,2.620852296473244181e+01,3.926303344932335904e+01,-4.894614107301912403e-03,1.353269779037631508e+02,3.353339476434277211e-01,0.000000000000000000e+00,7.373169536264985169e+00,1.000000000000000000e+00
8.200000000000000000e+01,8.716703206626672795e+01,4.280377969861324061e+01,-1.068956181246324272e-02,2.855193291481639335e+02,2.569812407632324769e-01,0.000000000000000000e+00,5.905599625356122928e+00,1.000000000000000000e+00
8.200000000000000000e+01,1.153323505914827223e+02,4.460801825744101734e+01,-8.316133131969372788e-03,2.240052565161062716e+02,1.884961061832423068e-01,0.000000000000000000e+00,1.177643823850394611e+01,1.000000000000000000e+00
8.200000000000000000e+01,9.045400758512835182e+01,1.185336407816034132e+01,-7.521087767447541365e-03,2.033994221378008547e+02,1.549530343569397450e-01,0.000000000000000000e+00,3.056295023197936001e+00,1.000000000000000000e+00
8.200000000000000000e+01,1.003180138646629445e+02,1.640649631691880117e+01,-5.352120106406769821e-03,1.471845312778473556e+02,1.615011377749632215e-01,0.000000000000000000e+00,8.628503775979373458e+00,1.000000000000000000e+00
8.200000000000000000e+01,1.441723685963422241e+01,1.935607031769120212e+01,-8.635871433764888416e-03,2.322921729427702644e+02,1.913746152885197338e-01,0.000000000000000000e+00,4.107888500717563396e+00,1.000000000000000000e+00
8.200000000000000000e+01,8.180534940570579749e+01,4.527935356793054211e+01,-9.962019372658297359e-03,2.666630227198817238e+02,3.416900633589483594e-01,0.000000000000000000e+00,5.905599625356122928e+00,1.000000000000000000e+00
8.300000000000000000e+01,5.089286360848621626e+01,6.173308757675410874e+00,7.184837044177516154e-03,-1.946845399153823166e+02,1.445752303706601127e-01,0.000000000000000000e+00,1.241607080710756428e+01,1.000000000000000000e+00
8.300000000000000000e+01,6.271329568744184257e+01,2.465223500105334153e+01,-7.795946993302612683e-03,2.105231712193707665e+02,1.471664755546145953e-01,0.000000000000000000e+00,4.157383507370055575e+00,1.000000000000000000e+00
8.300000000000000000e+01,1.392002655613786430e+02,3.838562108780936910e+01,-3.392572320405094766e-02,8.877497358503012492e+02,1.592356109653059182e-02,0.000000000000000000e+00,7.319140190447245509e+00,1.000000000000000000e+00
8.300000000000000000e+01,3.186588842068902139e+01,4.399144175532393319e+01,-6.695010672308481826e-03,1.819893132739062764e+02,2.077284468046807220e-01,0.000000000000000000e+00,3.635204059583590830e+00,1.000000000000000000e+00
8.300000000000000000e+01,6.787478055666562682e+01,5.162146571344071333e+01,-1.254544958258791733e-02,3.336198750068418235e+02,1.173784854978157099e-01,0.000000000000000000e+00,6.413536047912403504e+00,1.000000000000000000e+00
8.300000000000000000e+01,1.897828081880524920e+01,1.186264963882084800e+01,-8.886303892804731097e-03,2.387828337329635247e+02,4.408932849158865297e-01,0.000000000000000000e+00,4.700249243236478414e+00,1.000000000000000000e+00
8.300000000000000000e+01,6.927475417588394180e+01,2.074210426187616463e+01,-7.508292087514661928e-03,2.030677861416419034e+02,1.844981151423426002e-01,0.000000000000000000e+00,7.083625296195755539e+00,1.000000000000000000e+00
8.300000000000000000e+01,1.210386958942632560e+02,3.381238289213558090e+01,-4.413102424417366179e-03,1.228472497882417258e+02,2.930995984007246369e-01,0.000000000000000000e+00,5.753564520534543369e+00,1.000000000000000000e+00
8.400000000000000000e+01,1.187204656561504663e+02,1.256977369634516251e+01,-6.429679680309793866e-02,1.674901438633548423e+03,8.188474686619651166e-03,0.000000000000000000e+00,8.012671679630926747e+00,1.000000000000000000e+00
8.400000000000000000e+01,1.369871841891529129e+02,2.255472488366136119e+01,-8.822756037759404285e-03,2.371358125256288645e+02,2.073421472968209889e-01,0.000000000000000000e+00,1.301177370067142114e+01,1.000000000000000000e+00
8.500000000000000000e+01,2.961342416700771807e+01,1.565502458835108257e+01,-2.695559423958378623e-02,7.070992604857648303e+02,2.723451111371610889e-02,0.000000000000000000e+00,6.600798449009040780e+00,1.000000000000000000e+00
8.500000000000000000e+01,6.675407951997523526e+01,3.267450827132260116e+01,-9.953698844185862246e-03,2.664473728471904224e+02,2.005336137540334462e-01,0.000000000000000000e+00,3.672850036562575582e+00,1.000000000000000000e+00
8.500000000000000000e+01,1.650748930317823238e+01,4.577853290429203525e+01,5.877841479204262178e-03,-1.608100777188555526e+02,3.932545055783364107e-01,0.000000000000000000e+00,6.151097932602315410e+00,1.000000000000000000e+00
8.500000000000000000e+01,1.041986912550569997e+02,4.844548192055474800e+01,-6.460191368802888079e-02,1.682809399961884537e+03,1.323392571846271348e-02,0.000000000000000000e+00,1.177643823850394611e+01,1.000000000000000000e+00
8.500000000000000000e+01,6.438233547730007444e+01,1.453366223783665845e+01,2.739248095140266008e-03,-7.946461198965815242e+01,3.875520779510434055e-01,0.000000000000000000e+00,7.211387534758952889e+00,1.000000000000000000e+00
8.500000000000000000e+01,5.707846107607177544e+01,5.036052643629007264e+01,4.818637040213460780e-03,-1.333578187452595216e+02,2.190638027012317135e-01,0.000000000000000000e+00,4.347131184666446657e+00,1.000000000000000000e+00
8.500000000000000000e+01,1.289462254543542770e+02,5.265654807240109392e+01,-6.498119448667026392e-03,1.768863240283330924e+02,8.797621898299112786e-02,0.000000000000000000e+00,1.581506942647509462e+01,1.000000000000000000e+00
8.600000000000000000e+01,4.759705213499911736e+01,2.754166199497377576e+01,-7.519377431912154311e-03,2.033550939870484342e+02,6.161012994049408498e-02,0.000000000000000000e+00,9.232563653506895562e+00,1.000000000000000000e+00
8.600000000000000000e+01,3.327796525732836130e+01,3.131870910676832054e+01,1.024778691204662577e-02,-2.740694913946262545e+02,1.357271361461938053e-01,0.000000000000000000e+00,6.475859731598690772e+00,1.000000000000000000e+00
8.600000000000000000e+01,7.650078400507943854e+01,4.163747476895473199e+01,-1.026870312570507537e-02,2.746115938377069483e+02,2.151253819894521913e-01,0.000000000000000000e+00,6.314959970635304565e+00,1.000000000000000000e+00
8.600000000000000000e+01,7.590971642246628903e+01,4.792471252042477659e+01,-9.406246911741585059e-03,2.522586178988301242e+02,2.086680294517407885e-01,0.000000000000000000e+00,6.314959970635304565e+00,1.000000000000000000e+00
8.600000000000000000e+01,1.038906729237745594e+02,2.426061527829429210e+01,5.328509822994392624e-03,-1.465726044478445260e+02,2.052912060176506071e-01,0.000000000000000000e+00,4.953656581670029979e+00,1.000000000000000000e+00
8.700000000000000000e+01,7.157701466676448376e+01,1.404304880837864289e+01,3.753751430679276579e-03,-1.057583162752344919e+02,2.779170079031652030e-01,0.000000000000000000e+00,7.083625296195755539e+00,1.000000000000000000e+00
8.700000000000000000e+01,2.306397938866848207e+01,2.124694015177714945e+01,6.800184399368581524e-03,-1.847151859064106532e+02,3.031301662545884401e-01,0.000000000000000000e+00,8.064675981695796025e+00,1.000000000000000000e+00
8.800000000000000000e+01,1.266977684335134740e+02,1.181774454542350306e+01,-8.569074445993175859e-03,2.305609413320791816e+02,3.418232573496036153e-01,0.000000000000000000e+00,8.012671679630926747e+00,1.000000000000000000e+00
8.800000000000000000e+01,3.188216385825847610e+01,4.762660938074988337e+01,-4.022902121458826578e-03,1.127341126316417927e+02,2.440660363597638716e-01,0.000000000000000000e+00,3.635204059583590830e+00,1.000000000000000000e+00
8.800000000000000000e+01,4.421605486715254330e+01,5.259260212008685897e+01,8.436932411032422793e-03,-2.271361092302642533e+02,2.474559953062341888e-01,0.000000000000000000e+00,1.221278242660075541e+01,1.000000000000000000e+00
8.900000000000000000e+01,1.160564979859878321e+02,3.654071916727225755e+01,-5.935006775101707432e-02,1.546693056935938785e+03,7.464589542882871243e-03,0.000000000000000000e+00,8.445782742764102125e+00,1.000000000000000000e+00
8.900000000000000000e+01,1.039118712570594028e+02,3.050235150705352893e+01,-8.090021626399549609e-03,2.181449415671557972e+02,2.157696793327301688e-01,0.000000000000000000e+00,6.241772225797705076e+00,1.000000000000000000e+00
8.900000000000000000e+01,6.264908243978235092e+00,3.382225007193890320e+01,-1.023956542274423974e-02,2.738564084002868526e+02,1.051894613571089376e-01,0.000000000000000000e+00,1.279822602192265890e+01,1.000000000000000000e+00
9.000000000000000000e+01,3.953764713337128001e+01,1.902325242568215558e+01,-7.967459439923814044e-03,2.149683981543394395e+02,1.495045312867817611e-01,0.000000000000000000e+00,1.048022710871620156e+01,1.000000000000000000e+00
9.000000000000000000e+01,9.901476787527910517e+01,2.513483692477723608e+01,-7.468701852178843449e-03,2.020416939603251194e+02,2.917165705484533467e-01,0.000000000000000000e+00,4.953656581670029979e+00,1.000000000000000000e+00
9.000000000000000000e+01,1.369319152514130167e+02,3.252971884127220648e+01,-1.149612889924148638e-02,3.064237813301355118e+02,2.086021697917430640e-01,0.000000000000000000e+00,1.281628379379836424e+01,1.000000000000000000e+00
9.000000000000000000e+01,9.526312365297630436e+01,3.586195241970580128e+01,-2.975945523852831232e-02,7.797691959916329552e+02,2.247047892934117552e-02,0.000000000000000000e+00,1.017478044294009365e+01,1.000000000000000000e+00
9.000000000000000000e+01,5.740535788457641075e+01,4.602570371635226820e+01,-2.991742642816368550e-02,7.838634632063448180e+02,9.937857216930190418e-03,0.000000000000000000e+00,4.347131184666446657e+00,1.000000000000000000e+00
9.000000000000000000e+01,3.501270627855190298e+01,4.456449964464530211e+01,2.732217614322620877e-03,-7.928239732645414506e+01,4.328518254288860057e-01,0.000000000000000000e+00,4.379133690720470540e+00,1.000000000000000000e+00
9.100000000000000000e+01,1.035994284604892073e+02,4.895771324233153976e+00,-1.029888023884848770e-02,2.753937185103317802e+02,1.628723699310697937e-01,0.000000000000000000e+00,4.136539365910915755e+00,1.000000000000000000e+00
9.100000000000000000e+01,8.979359572621579844e+01,1.996330167393413646e+01,-8.815072720634711811e-03,2.369366777753211011e+02,2.182260847346518817e-01,0.000000000000000000e+00,3.901617626429972230e+00,1.000000000000000000e+00
9.100000000000000000e+01,1.634259900556406109e+01,4.171114975580267981e+01,-9.148506059653459949e-03,2.455785395691546569e+02,1.273690597522468826e-01,0.000000000000000000e+00,7.620915931643515329e+00,1.000000000000000000e+00
9.200000000000000000e+01,4.744827936491162035e+01,5.226179587444237384e+00,-4.745102524370018067e-03,1.314519651648538456e+02,2.573935559056693689e-01,0.000000000000000000e+00,1.498129971070074440e+01,1.000000000000000000e+00
9.200000000000000000e+01,6.221664407805346286e+01,1.991702052450462901e+01,4.594070923621467947e-03,-1.275375568935890840e+02,1.756259202166571276e-01,0.000000000000000000e+00,6.775134601139248147e+00,1.000000000000000000e+00
9.200000000000000000e+01,9.369520009593286147e+01,1.997347246907371243e+01,6.965120733950965100e-03,-1.889899744216715760e+02,4.336497130374176168e-01,0.000000000000000000e+00,3.901617626429972230e+00,1.000000000000000000e+00
9.200000000000000000e+01,1.027158724687555491e+02,4.315692725876363056e+01,-7.069807775239999800e-03,1.917032332250281286e+02,2.157293757936090683e-01,0.000000000000000000e+00,4.132566335983228534e+00,1.000000000000000000e+00
9.300000000000000000e+01,1.149383870611269316e+02,2.014973185558421775e+01,-9.767433210975605754e-03,2.616197756312640763e+02,1.439782192089198443e-01,0.000000000000000000e+00,6.852131657393560893e+00,1.000000000000000000e+00
9.300000000000000000e+01,5.173977066708265937e+01,2.623273745490417852e+01,-7.795637518110082841e-03,2.105151503002559537e+02,7.094360091869733598e-02,0.000000000000000000e+00,1.223328070529089651e+01,1.000000000000000000e+00
9.300000000000000000e+01,1.243059921448234633e+02,3.473044508269038744e+01,-8.669830855964082497e-03,2.331723267813381995e+02,1.939514104878123923e-01,0.000000000000000000e+00,8.445782742764102125e+00,1.000000000000000000e+00
9.300000000000000000e+01,1.319007770753680404e+02,4.493121778064156757e+01,6.598786804960435695e-03,-1.794954014013348740e+02,4.794011004526262942e-01,0.000000000000000000e+00,6.524933397670441337e+00,1.000000000000000000e+00
9.300000000000000000e+01,2.416617998505181575e+01,5.138725848486698311e+01,-8.870767806954130141e-03,2.383801724180118242e+02,1.241612649780939881e-01,0.000000000000000000e+00,8.583640766940447975e+00,1.000000000000000000e+00
9.300000000000000000e+01,2.497576811328687185e+01,8.392465455147965159e+00,-9.846613010665137763e-03,2.636719426035112406e+02,2.207053626125808909e-01,0.000000000000000000e+00,1.732006718549719437e+01,1.000000000000000000e+00
9.300000000000000000e+01,1.896171825319214932e+01,2.463487696300083485e+01,-8.189704203598146062e-03,2.207284956230835178e+02,2.636780435276996348e-01,0.000000000000000000e+00,9.960831552739474404e+00,1.000000000000000000e+00
9.300000000000000000e+01,6.749345671996087503e+01,3.103974401244679981e+01,-8.962947638548319010e-03,2.407692717419130872e+02,1.272944069124657407e-01,0.000000000000000000e+00,6.506147970437924144e+00,1.000000000000000000e+00
9.400000000000000000e+01,9.483262682410591538e+01,1.194136522046525428e+01,-8.078211378790183320e-03,2.178388458183279965e+02,1.719461992621453827e-01,0.000000000000000000e+00,6.941935175721474671e+00,1.000000000000000000e+00
9.400000000000000000e+01,1.285956593265372305e+01,4.848955961728130859e+01,-6.847211266827252750e-03,1.859340193031272008e+02,1.060509700148075662e-01,0.000000000000000000e+00,7.620915931643515329e+00,1.000000000000000000e+00
9.400000000000000000e+01,4.460792391078901886e+01,4.203511532270631790e+01,-8.907857281610805783e-03,2.393414503602000138e+02,2.019103579703296347e-01,0.000000000000000000e+00,9.864315129417297712e+00,1.000000000000000000e+00
9.400000000000000000e+01,7.574250810910274367e+01,4.863730793919398820e+01,-5.883641522944090159e-03,1.609604021481561347e+02,2.085558994402816335e-01,0.000000000000000000e+00,8.225713252426016808e+00,1.000000000000000000e+00
9.500000000000000000e+01,9.440369149987036579e+00,2.136043125338876081e+01,-3.958024805001193747e-02,1.034302634166942880e+03,1.941905510708151761e-01,0.000000000000000000e+00,1.006866840502266847e+01,1.000000000000000000e+00
9.500000000000000000e+01,1.071426257326823759e+02,3.077711568423620392e+01,-3.676180465699337846e-02,9.612547549480016187e+02,9.567835888847353587e-03,0.000000000000000000e+00,6.051749586396741876e+00,1.000000000000000000e+00
9.500000000000000000e+01,1.257417887484787968e+02,4.708565938655182492e+01,-2.729585884897759579e-02,7.159181738444817711e+02,5.234830512731813990e-02,0.000000000000000000e+00,6.524933397670441337e+00,1.000000000000000000e+00
9.500000000000000000e+01,3.790344107053992673e+01,4.933628304188803071e+01,-8.597591604696513262e-03,2.313000436215872071e+02,8.915762460912468601e-02,0.000000000000000000e+00,5.579091720684595579e+00,1.000000000000000000e+00
9.500000000000000000e+01,8.794750744909849516e+01,1.282770329130310571e+01,-8.651474775523927338e-03,2.326965773835511015e+02,1.041873041503359465e-01,0.000000000000000000e+00,6.941935175721474671e+00,1.000000000000000000e+00
9.600000000000000000e+01,9.143547152955915180e+01,5.280004445743494479e+00,-8.538343118759695108e-03,2.297644526441922324e+02,1.572813254145085660e-01,0.000000000000000000e+00,7.477592625054456654e+00,1.000000000000000000e+00
9.600000000000000000e+01,6.716783909683579168e+01,2.454174935434312488e+01,-9.786094426254133075e-03,2.621034334556933914e+02,1.053912646756355320e-01,0.000000000000000000e+00,6.506147970437924144e+00,1.000000000000000000e+00
9.600000000000000000e+01,3.419607118091607845e+01,3.361926360203066366e+01,-7.151082600062147986e-03,1.938096986597624323e+02,2.760012056557470395e-01,0.000000000000000000e+00,8.001109643549968453e+00,1.000000000000000000e+00
9.600000000000000000e+01,1.027379876164914378e+02,3.902442009705870873e+01,-7.293713030873736139e-03,1.975063670082126634e+02,2.586422815115465568e-01,0.000000000000000000e+00,4.132566335983228534e+00,1.000000000000000000e+00
9.600000000000000000e+01,1.386955964367693070e+02,4.916315424068082507e+01,-7.147826707571027297e-03,1.937253130581106859e+02,2.191072045139509372e-01,0.000000000000000000e+00,5.152283770100477334e+00,1.000000000000000000e+00
9.600000000000000000e+01,8.567202291018962512e+01,5.128047266607153887e+01,-3.548402179910411201e-03,1.004361134930105379e+02,1.760851408237334992e-01,0.000000000000000000e+00,1.027528996955380869e+01,1.000000000000000000e+00
9.700000000000000000e+01,6.211401877101044988e+01,8.284844115345615378e+00,-1.037492793132588527e-02,2.773647081242187937e+02,1.405338858270622771e-01,0.000000000000000000e+00,7.357976575335359648e+00,1.000000000000000000e+00
9.700000000000000000e+01,1.217797837588760359e+02,1.976632675091986968e+01,-8.355873421943953508e-03,2.250352377849795857e+02,1.248597332347421984e-01,0.000000000000000000e+00,6.852131657393560893e+00,1.000000000000000000e+00
9.800000000000000000e+01,1.439281612639250341e+02,1.491253957592791934e+01,7.119342366224647688e-03,-1.929870613226117655e+02,1.715711221690248145e-01,0.000000000000000000e+00,2.087891202368905752e+01,1.000000000000000000e+00
9.800000000000000000e+01,5.078148670524834074e+01,4.972873835709776102e+01,-6.770237501314836995e-03,1.839390279046460819e+02,1.373815305774782614e-01,0.000000000000000000e+00,9.864315129417297712e+00,1.000000000000000000e+00
9.800000000000000000e+01,6.343827672966614983e+01,1.906572410771493509e+01,-9.545649140516178355e-03,2.558716183215463218e+02,2.387092281960597751e-01,0.000000000000000000e+00,3.673647682393948344e+00,1.000000000000000000e+00
9.800000000000000000e+01,1.068248109649421309e+02,4.529320135823199678e+01,-4.172662208229907001e-03,1.166155660457391434e+02,4.094659887567568823e-01,0.000000000000000000e+00,7.483297640871909628e+00,1.000000000000000000e+00
9.900000000000000000e+01,1.141432131478076144e+02,1.070292800403717770e+01,-6.071194542740686838e-03,1.658213656045044218e+02,2.268260010970951646e-01,0.000000000000000000e+00,4.478851377187585747e+00,1.000000000000000000e+00
9.900000000000000000e+01,9.391880879617966116e+01,3.260953089563688678e+01,-4.791287337729468500e-03,1.326489743637568210e+02,2.712221734453826860e-01,0.000000000000000000e+00,9.040759835851448045e+00,1.000000000000000000e+00
1.000000000000000000e+02,9.702026991799229449e+01,1.594394183558723377e+01,-1.209386063333564229e-02,3.219156786042101999e+02,2.377686489077875942e-01,0.000000000000000000e+00,5.688064494228492585e+00,1.000000000000000000e+00
1.000000000000000000e+02,1.338935193086940956e+02,4.729604864547263787e+01,-6.989271164349880952e-03,1.896159006784257031e+02,2.548469439794176505e-01,0.000000000000000000e+00,5.152283770100477334e+00,1.000000000000000000e+00
1.000000000000000000e+02,1.111088582239237468e+02,3.534796602983650615e+01,4.747367878854876627e-03,-1.315106781910611460e+02,4.620831580793963722e-01,0.000000000000000000e+00,6.051749586396741876e+00,1.000000000000000000e+00
1.000000000000000000e+02,4.526075764773022314e+01,3.618857348023470877e+01,-7.109492873622069026e-03,1.927317840487154115e+02,1.452400729677171265e-01,0.000000000000000000e+00,3.787147664978335992e+00,1.000000000000000000e+00
1.010000000000000000e+02,6.931188973345693505e+00,4.669788093330085132e+01,-6.334587052929942230e-02,1.650255512528871122e+03,1.239368840675836303e-02,0.000000000000000000e+00,1.260535955464112945e+01,1.000000000000000000e+00
1.010000000000000000e+02,2.119264071458470866e+01,1.667035669745757076e+01,-6.749290107717714760e-03,1.833961173458516214e+02,2.673330119079103673e-01,0.000000000000000000e+00,1.060417563482437764e+01,1.000000000000000000e+00
1.010000000000000000e+02,7.535728324063043715e+01,3.982401840751913369e+01,-6.775050750972173678e-03,1.840637767928056405e+02,2.892542329456302408e-01,0.000000000000000000e+00,5.043414267597584377e+00,1.000000000000000000e+00
1.020000000000000000e+02,7.446362570162577299e+00,1.721504876305034770e+01,-7.928232899288853788e-03,2.139517321430307675e+02,2.821937644728637062e-01,0.000000000000000000e+00,6.539616686806079215e+00,1.000000000000000000e+00
1.020000000000000000e+02,2.012949590530374522e+01,3.301611940390128552e+01,-4.219404667578570411e-02,1.102046569273500609e+03,9.280964799744717553e-03,0.000000000000000000e+00,1.018604081129021743e+01,1.000000000000000000e+00
1.020000000000000000e+02,8.721573831095978946e+00,3.422031660515888518e+01,5.699787142551481466e-03,-1.561952993236467648e+02,1.293483016055422263e-01,0.000000000000000000e+00,1.147130232147655704e+01,1.000000000000000000e+00
1.020000000000000000e+02,1.103287636595873948e+02,8.355571030598403226e+00,4.229900099687236743e-03,-1.180990468182388611e+02,2.857006711694216605e-01,0.000000000000000000e+00,4.478851377187585747e+00,1.000000000000000000e+00
1.020000000000000000e+02,1.159541948632977615e+01,1.216015874280681608e+01,-7.920170254849256963e-03,2.137427660596005410e+02,4.042837831364483048e-01,0.000000000000000000e+00,6.539616686806079215e+00,1.000000000000000000e+00
1.020000000000000000e+02,5.329775302135075776e+01,3.898896168314684729e+01,-3.217139472254439050e-03,9.185050970954172556e+01,4.367318152831130007e-01,0.000000000000000000e+00,8.510902932275008936e+00,1.000000000000000000e+00
1.030000000000000000e+02,7.249829887073310886e+01,3.566923371426610601e+01,-7.184392751172046822e-03,1.946730248138614741e+02,2.408638064983288363e-01,0.000000000000000000e+00,5.043414267597584377e+00,1.000000000000000000e+00
1.030000000000000000e+02,6.436343165589784121e+01,3.080512973471353178e+01,-6.184157169430319623e-03,1.687491094545737553e+02,1.495418306096792938e-01,0.000000000000000000e+00,9.478162908860603864e+00,1.000000000000000000e+00
1.040000000000000000e+02,1.283161828232618120e+02,1.465528298854304623e+01,-8.570736549186384542e-03,2.306040194061706075e+02,1.642895369151226026e-01,0.000000000000000000e+00,9.288655671673124559e+00,1.000000000000000000e+00
1.040000000000000000e+02,8.878466772312378907e+01,2.504024167219339603e+01,-2.944412765364982747e-03,8.478203084848362892e+01,2.711155150526369795e-01,0.000000000000000000e+00,9.146231131246196355e+00,1.000000000000000000e+00
1.040000000000000000e+02,1.283531581499329093e+02,2.980522014486470184e+01,-3.472489570511842760e-02,9.084625365677757145e+02,3.893197479268128980e-02,0.000000000000000000e+00,5.472235398301251941e+00,1.000000000000000000e+00
1.040000000000000000e+02,1.236019019868408861e+02,4.097342140690604140e+01,-3.311116153834572917e-02,8.666380816938956286e+02,2.241029171791453223e-02,0.000000000000000000e+00,8.466738003330712914e+00,1.000000000000000000e+00
1.050000000000000000e+02,1.314744325929454192e+02,2.339053241710539055e+01,-1.363294747902282777e-02,3.618054384233026894e+02,1.674572592110233904e-01,0.000000000000000000e+00,7.133762877561109939e+00,1.000000000000000000e+00
1.050000000000000000e+02,1.355818884864473262e+02,3.499389876530599253e+01,-3.510769600308941141e-02,9.183838818040945853e+02,1.980613003657705207e-02,0.000000000000000000e+00,8.898141834353303636e+00,1.000000000000000000e+00
1.050000000000000000e+02,1.169757653587163446e+02,1.273265559701365746e+01,-8.623625579654167761e-03,2.319747872275813450e+02,1.725073666437285658e-01,0.000000000000000000e+00,5.930883128867628251e+00,1.000000000000000000e+00
1.050000000000000000e+02,4.460160539280239789e+01,3.991791735566030752e+01,-3.103150884739220520e-03,8.889617520214133606e+01,4.456353926859017989e-01,0.000000000000000000e+00,3.787147664978335992e+00,1.000000000000000000e+00
1.050000000000000000e+02,2.857028643683057467e+01,4.654195969114956455e+01,-9.414879400993140732e-03,2.524823531115963249e+02,1.717856720414477900e-01,0.000000000000000000e+00,5.254813849103013190e+00,1.000000000000000000e+00
1.070000000000000000e+02,1.113458737006970978e+02,1.459804955198723420e+01,-8.552326241817100050e-03,2.301268645651593374e+02,1.139629061954827716e-01,0.000000000000000000e+00,5.930883128867628251e+00,1.000000000000000000e+00
1.070000000000000000e+02,1.162919222534016654e+02,4.524540557281213893e+01,-1.013858333614004945e-02,2.712391739070159815e+02,1.530322112133847279e-01,0.000000000000000000e+00,5.717548848642533876e+00,1.000000000000000000e+00
1.070000000000000000e+02,8.805182637822498748e+01,3.585308510388228598e+01,-6.568894263750457707e-02,1.710982809300345480e+03,9.040656023812543296e-03,0.000000000000000000e+00,6.835125245048779163e+00,1.000000000000000000e+00
1.070000000000000000e+02,1.684008536348400042e+01,4.265641015141689252e+01,-8.432723053439474675e-03,2.270270119016463752e+02,2.409133422679504699e-01,0.000000000000000000e+00,7.204542988523532365e+00,1.000000000000000000e+00
1.080000000000000000e+02,3.237579149165341619e+01,1.080921277289333204e+01,5.311291639948403399e-03,-1.461263468580598328e+02,3.550363009509139856e-01,0.000000000000000000e+00,6.979829837608440890e+00,1.000000000000000000e+00
1.080000000000000000e+02,3.439553329045795493e+01,2.591332218334656190e+01,7.905859342432449907e-03,-2.133718585564286627e+02,1.107364720669201663e-01,0.000000000000000000e+00,8.029257915474319773e+00,1.000000000000000000e+00
1.080000000000000000e+02,6.735787401526005169e+01,1.162525232676535580e+01,-7.455230436685922855e-03,2.016925443785834489e+02,1.838734342054185733e-01,0.000000000000000000e+00,1.206885507488580345e+01,1.000000000000000000e+00
1.080000000000000000e+02,1.220498499568699913e+02,2.667599207643255710e+01,4.028509005171450504e-03,-1.128794307761356350e+02,4.518006883396776807e-01,0.000000000000000000e+00,7.037312163105860385e+00,1.000000000000000000e+00
1.090000000000000000e+02,9.200295756931271285e+01,4.655178678287290239e+01,-8.319659910756947371e-03,2.240966628972118144e+02,1.068533147927902549e-01,0.000000000000000000e+00,8.643114108915302296e+00,1.000000000000000000e+00
1.090000000000000000e+02,4.961645454489465834e+01,4.325222165268723273e+01,7.630832780778600347e-03,-2.062437724974872992e+02,1.563246065912512472e-01,0.000000000000000000e+00,6.022150543071194129e+00,1.000000000000000000e+00
1.100000000000000000e+02,1.592253038109613605e+01,3.551053494065517668e+01,-1.295440879657852422e-02,3.442192020478096879e+02,1.450143584667062946e-01,0.000000000000000000e+00,7.204542988523532365e+00,1.000000000000000000e+00
1.100000000000000000e+02,2.471944291052097142e+01,4.296647752441956669e+01,-8.154871926668437465e-03,2.198257193018046394e+02,1.407252752025637266e-01,0.000000000000000000e+00,5.254813849103013190e+00,1.000000000000000000e+00
1.100000000000000000e+02,1.265468440781400403e+02,5.321444922842139391e+01,-7.606401945240167002e-03,2.056105787537172489e+02,1.039312078925770377e-01,0.000000000000000000e+00,9.489112201695714788e+00,1.000000000000000000e+00
1.100000000000000000e+02,1.219982014439202089e+02,4.488659833142953204e+01,-8.354828696521281531e-03,2.250081607903940721e+02,2.430507648901631956e-01,0.000000000000000000e+00,5.717548848642533876e+00,1.000000000000000000e+00
1.110000000000000000e+02,2.821190400203225224e+01,2.079163188652746896e+01,-8.812471234978027160e-03,2.368692529654029499e+02,8.761421354904497250e-02,0.000000000000000000e+00,8.029257915474319773e+00,1.000000000000000000e+00
1.110000000000000000e+02,1.127559601434829659e+02,2.273520145378219937e+01,-7.302932505536536938e-03,1.977453155971034562e+02,2.496496336177710385e-01,0.000000000000000000e+00,3.471677059370995355e+00,1.000000000000000000e+00
1.110000000000000000e+02,1.098408144021116186e+02,2.961888802649395913e+01,-7.999400103971248538e-03,2.157962302035085713e+02,2.633041274510821150e-01,0.000000000000000000e+00,7.475507710167094366e+00,1.000000000000000000e+00
1.110000000000000000e+02,5.904707429510941807e+01,2.881622917400729023e+01,-8.579090744176020439e-03,2.308205418412445340e+02,1.589303973592890440e-01,0.000000000000000000e+00,1.584755598317772574e+01,1.000000000000000000e+00
1.120000000000000000e+02,3.845528772579880439e+01,7.380255190627094564e+00,-6.505555064090812190e-03,1.770790388931200425e+02,1.368675019746681265e-01,0.000000000000000000e+00,6.979829837608440890e+00,1.000000000000000000e+00
1.120000000000000000e+02,4.845074116424053301e+01,8.408721684252007833e+00,-8.635067401578098642e-03,2.322713341896435395e+02,6.310479021075510175e-02,0.000000000000000000e+00,1.004822535418895235e+01,1.000000000000000000e+00
1.120000000000000000e+02,1.247798348905227499e+02,1.915007048427163738e+01,-1.043756470482016217e-02,2.789881160933863953e+02,1.763986531106718214e-01,0.000000000000000000e+00,5.270814756385854949e+00,1.000000000000000000e+00
1.120000000000000000e+02,7.510355747754259426e+01,3.150518993844170978e+01,-9.348054423361699949e-02,2.431280247851874265e+03,5.659364508561859353e-03,0.000000000000000000e+00,1.133030543417239322e+01,1.000000000000000000e+00
1.120000000000000000e+02,8.475627592226766183e+01,4.184126381762677482e+01,-6.905795422986680566e-03,1.874523923078424730e+02,4.622019535481278751e-01,0.000000000000000000e+00,3.169338469393212954e+00,1.000000000000000000e+00
1.120000000000000000e+02,1.117899773291024168e+01,4.963938314975283106e+01,-3.944883423345512015e-03,1.107120388689693158e+02,4.509631651036731803e-01,0.000000000000000000e+00,6.300877446456908615e+00,1.000000000000000000e+00
1.130000000000000000e+02,1.432511854085497305e+01,1.030178291245911737e+01,8.062637051836551647e-03,-2.174351933777491865e+02,2.171863833805988131e-01,0.000000000000000000e+00,3.745809878663175940e+00,1.000000000000000000e+00
1.140000000000000000e+02,1.231266653934100503e+02,2.543612901323110265e+01,-8.359805493823533815e-03,2.251371484752745289e+02,2.520991629215345586e-01,0.000000000000000000e+00,3.533758043374528590e+00,1.000000000000000000e+00
1.140000000000000000e+02,8.613756543721521552e+01,2.893099305834149604e+01,-2.653522672078164127e-02,6.962042551728719673e+02,6.035244382784576977e-02,0.000000000000000000e+00,5.597564641867225355e+00,1.000000000000000000e+00
1.140000000000000000e+02,1.144541254970958022e+02,1.970720276878383359e+01,-6.633248036850013067e-03,1.803885610479118782e+02,2.507322880894056194e-01,0.000000000000000000e+00,3.471677059370995355e+00,1.000000000000000000e+00
1.140000000000000000e+02,3.934125890386737723e+01,2.283178850692440065e+01,8.659805343856161880e-03,-2.329124874674170940e+02,1.334996795966324479e-01,0.000000000000000000e+00,9.208516116850320898e+00,1.000000000000000000e+00
1.140000000000000000e+02,1.435325191719775546e+02,2.897032798771246576e+01,8.507231710143055986e-03,-2.289581130793853561e+02,1.877207095491716382e-01,0.000000000000000000e+00,6.762536306252518337e+00,1.000000000000000000e+00
1.140000000000000000e+02,1.004988676551516420e+02,3.647816622962422883e+01,-3.498359026250787152e-02,9.151673328498620776e+02,1.408614364089033621e-02,0.000000000000000000e+00,3.952803758765585318e+00,1.000000000000000000e+00
1.150000000000000000e+02,5.294755727926596656e+00,3.349412133808849035e+01,-4.332326464017165896e-03,1.207537138266099674e+02,3.284502224335494880e-01,0.000000000000000000e+00,1.081737111756682168e+01,1.000000000000000000e+00
1.150000000000000000e+02,1.707792029418441615e+01,4.742493757323489234e+01,-1.276525014204473937e-02,3.393166240560613574e+02,1.349185607635356998e-01,0.000000000000000000e+00,6.300877446456908615e+00,1.000000000000000000e+00
1.150000000000000000e+02,2.187301795995954734e+01,1.470589357671260977e+01,-3.512457889388516385e-02,9.188214493531784228e+02,2.717504541133619611e-02,0.000000000000000000e+00,8.738820079616612446e+00,1.000000000000000000e+00
1.150000000000000000e+02,1.138910272980819727e+01,1.726633591033715476e+01,-6.699008047458326551e-03,1.820929164819259825e+02,2.250611477808698302e-01,0.000000000000000000e+00,7.558120619768422976e+00,1.000000000000000000e+00
1.150000000000000000e+02,3.769795969424599491e+01,4.102442655637965885e+01,3.319009564527815922e-03,-9.449075936466722681e+01,2.464327389365893461e-01,0.000000000000000000e+00,8.094151347397961160e+00,1.000000000000000000e+00
1.160000000000000000e+02,5.286741513895010769e+01,4.340927009609232812e+01,-6.126324166569514958e-03,1.672502046980300179e+02,1.204866474024390843e-01,0.000000000000000000e+00,5.210257257961655064e+00,1.000000000000000000e+00
1.170000000000000000e+02,1.227391424498118795e+02,4.610206212323782182e+01,-3.773427000475144868e-03,1.062682639469076662e+02,4.155227910804738523e-01,0.000000000000000000e+00,1.000625627452000188e+01,1.000000000000000000e+00
1.170000000000000000e+02,1.044851801045339812e+02,4.322071485180609329e+01,-8.544678793765927982e-03,2.299286594626694580e+02,2.628780651583894068e-01,0.000000000000000000e+00,4.462827594422993371e+00,1.000000000000000000e+00
1.170000000000000000e+02,6.236451861224090720e+01,5.199527514454018728e+01,8.283796724175127371e-03,-2.231671676558582647e+02,8.065537659329813369e-02,0.000000000000000000e+00,1.280290814910285491e+01,1.000000000000000000e+00
1.170000000000000000e+02,1.030188311250726514e+02,1.382182559362094310e+01,-1.600272278167943693e-02,4.232248235041899420e+02,4.870076768789977084e-02,0.000000000000000000e+00,1.158988251698015581e+01,1.000000000000000000e+00
1.170000000000000000e+02,1.264214595764214124e+02,2.415871866384893707e+01,3.787903354244183916e-03,-1.066434593275460685e+02,4.270872113587630414e-01,0.000000000000000000e+00,3.533758043374528590e+00,1.000000000000000000e+00
1.170000000000000000e+02,6.084510135719035162e+01,3.503402427382323481e+01,-9.089747350325475678e-03,2.440556425286522710e+02,9.056065011044034385e-02,0.000000000000000000e+00,7.527736085080221073e+00,1.000000000000000000e+00
1.180000000000000000e+02,1.530444484738897160e+01,6.686259211469022468e+00,-3.298448715040775553e-02,8.633549590265580491e+02,5.498628373139546888e-02,0.000000000000000000e+00,3.745809878663175940e+00,1.000000000000000000e+00
1.180000000000000000e+02,4.854916953349373898e+01,2.272619063239107717e+01,6.862040132233470507e-03,-1.863183510132585923e+02,1.720519874436904351e-01,0.000000000000000000e+00,9.208516116850320898e+00,1.000000000000000000e+00
1.180000000000000000e+02,2.063534380459026352e+01,2.827802411101405156e+01,-4.434632492751173355e-02,1.157828907200555477e+03,1.253936161111501857e-02,0.000000000000000000e+00,1.308425219264966799e+01,1.000000000000000000e+00
1.180000000000000000e+02,1.298638322711925071e+02,5.112473401362868763e+00,-7.334761701808055652e-03,1.985702586456802692e+02,3.346676194118913816e-01,0.000000000000000000e+00,1.935482855435507688e+01,1.000000000000000000e+00
1.180000000000000000e+02,4.699289251362804265e+01,4.121229641663781251e+01,-7.999200390004087766e-03,2.157910540549339373e+02,1.060236279456586717e-01,0.000000000000000000e+00,6.235618019439265858e+00,1.000000000000000000e+00
1.190000000000000000e+02,9.437253714222111967e+01,2.153979016464014862e+01,-3.609037776970787370e-02,9.438528407253243131e+02,2.204281781485795122e-02,0.000000000000000000e+00,8.424065248302701647e+00,1.000000000000000000e+00
1.190000000000000000e+02,7.854407967635327736e+01,3.950086076130887136e+01,1.077982119702649080e-02,-2.878586546915769873e+02,2.138543266472582305e-01,0.000000000000000000e+00,3.993132999761081159e+00,1.000000000000000000e+00
1.190000000000000000e+02,1.373258769032171642e+02,2.628527881851270465e+01,-1.030761847397219932e-02,2.756201944244781430e+02,1.926094408913903155e-01,0.000000000000000000e+00,6.762536306252518337e+00,1.000000000000000000e+00
1.190000000000000000e+02,3.881193870017163761e+01,3.300729884073603415e+01,-7.553007773080091733e-03,2.042267187661064156e+02,1.017765153950985768e-01,0.000000000000000000e+00,8.094151347397961160e+00,1.000000000000000000e+00
1.200000000000000000e+02,4.915212938648806329e+01,4.706213643250468692e+01,-7.725023379830504855e-03,2.086849865095005896e+02,1.435667894873851047e-01,0.000000000000000000e+00,5.210257257961655064e+00,1.000000000000000000e+00
1.200000000000000000e+02,7.927175838968749133e+01,3.557459092290739022e+01,-9.803946231079618129e-03,2.625661131341152554e+02,2.546746203058786184e-01,0.000000000000000000e+00,3.993132999761081159e+00,1.000000000000000000e+00
1.200000000000000000e+02,1.297711920301839541e+02,3.898339347449739734e+01,-4.006429763131462429e-02,1.046848139050440977e+03,1.912641967683048616e-02,0.000000000000000000e+00,1.000625627452000188e+01,1.000000000000000000e+00
1.200000000000000000e+02,2.887206024590698661e+01,4.270245071647303803e+01,-6.898627293000640301e-03,1.872666100797008824e+02,1.189664208223456532e-01,0.000000000000000000e+00,8.984000565118410719e+00,1.000000000000000000e+00
1.210000000000000000e+02,6.312809646706796940e+01,6.719714163258390549e+00,5.177612353306369243e-03,-1.426616725598674691e+02,2.345655187627705418e-01,0.000000000000000000e+00,1.020469141000248570e+01,1.000000000000000000e+00
1.210000000000000000e+02,6.197819499194793025e+01,1.685941107050839349e+01,3.784023712598528870e-03,-1.065429075140710893e+02,2.512160874830154933e-01,0.000000000000000000e+00,1.020469141000248570e+01,1.000000000000000000e+00
1.220000000000000000e+02,2.098991438053426606e+01,8.097678349893309147e+00,-8.970110849886508281e-03,2.409549264894762075e+02,2.840752524056396888e-01,0.000000000000000000e+00,5.858043000579095327e+00,1.000000000000000000e+00
1.220000000000000000e+02,6.810824844310526771e+01,3.305576620800255938e+01,-5.711772835602108717e-03,1.565059422340157482e+02,3.271820801636508014e-01,0.000000000000000000e+00,7.527736085080221073e+00,1.000000000000000000e+00
1.230000000000000000e+02,1.067077916743368604e+01,8.109980504165442028e+00,-7.885362045356211769e-03,2.128406135135625732e+02,3.006720889689166176e-01,0.000000000000000000e+00,4.847457060446502375e+00,1.000000000000000000e+00
1.230000000000000000e+02,9.333295711504694836e+00,2.168550074416592821e+01,-8.617305891900047324e-03,2.318109947636603181e+02,1.614562969117382396e-01,0.000000000000000000e+00,9.267682437390959649e+00,1.000000000000000000e+00
1.230000000000000000e+02,8.620059547081609708e+01,2.358533278869258965e+01,-3.386429393496424162e-02,8.861576237504558549e+02,1.177237460853508555e-02,0.000000000000000000e+00,7.679357133255854784e+00,1.000000000000000000e+00
1.230000000000000000e+02,1.044048279782640520e+02,4.277006410847245377e+01,9.064564972712905663e-03,-2.434029704605009670e+02,2.412959992350928173e-01,0.000000000000000000e+00,1.123815503401787907e+01,1.000000000000000000e+00
1.230000000000000000e+02,1.286890729255401027e+02,5.286010509216681186e+01,-6.798891418589528973e-03,1.846816746767671589e+02,1.984949605674705131e-01,0.000000000000000000e+00,1.391884000470572680e+01,1.000000000000000000e+00
1.240000000000000000e+02,2.993823623172992754e+01,1.606440640568326117e+01,-3.203236187257990641e-02,8.386779573637430758e+02,2.649074115866323353e-02,0.000000000000000000e+00,4.601151899672212942e+00,1.000000000000000000e+00
1.240000000000000000e+02,1.858700042590352908e+01,2.117669152742785599e+01,-1.149711429194501602e-02,3.064493205506034315e+02,2.023268349653488674e-01,0.000000000000000000e+00,9.267682437390959649e+00,1.000000000000000000e+00
1.240000000000000000e+02,4.950735352708780113e+01,2.635028803721986534e+01,-7.187141600845899266e-03,1.947442689763179544e+02,2.116301442246079079e-01,0.000000000000000000e+00,6.728474951866370901e+00,1.000000000000000000e+00
1.240000000000000000e+02,3.039382937805203255e+01,3.302262151899581255e+01,-7.572373124608951060e-03,2.047286262598018993e+02,7.393952910649392862e-02,0.000000000000000000e+00,8.418123267310004820e+00,1.000000000000000000e+00
1.240000000000000000e+02,7.568398229852930115e+01,4.311175676651778588e+01,-8.509890008140737205e-03,2.290270103407401621e+02,1.172992536742845093e-01,0.000000000000000000e+00,4.592430397509764894e+00,1.000000000000000000e+00
1.240000000000000000e+02,1.671924348166519536e+01,3.260648047858150278e+01,-9.164471023132798183e-03,2.459923164528281916e+02,3.939776155243159828e-01,0.000000000000000000e+00,6.031098673478012984e+00,1.000000000000000000e+00
1.240000000000000000e+02,1.999293768876650645e+01,3.767176205492250318e+01,-9.206736787736773467e-03,2.470877524922871089e+02,2.013523265326756517e-01,0.000000000000000000e+00,6.031098673478012984e+00,1.000000000000000000e+00
1.250000000000000000e+02,1.199576690998112412e+02,1.536389333172032146e+01,-7.582479409492505484e-03,2.049905590271424387e+02,1.789782511857762604e-01,0.000000000000000000e+00,1.201538514563944560e+01,1.000000000000000000e+00
1.250000000000000000e+02,5.593564654399266800e+01,2.833760383162831431e+01,-7.901916990192259932e-03,2.132696814217048313e+02,1.952090879512722310e-01,0.000000000000000000e+00,4.232405259149936150e+00,1.000000000000000000e+00
1.250000000000000000e+02,1.175100602351758283e+02,3.830119702480467225e+01,6.851004923934226817e-03,-1.860323425857004054e+02,4.476685964420487052e-01,0.000000000000000000e+00,7.543254323664234207e+00,1.000000000000000000e+00
1.260000000000000000e+02,3.761246556823904541e+01,7.567329788563608162e+00,-3.118340292768805380e-02,8.166748010747385251e+02,3.501588504376451638e-02,0.000000000000000000e+00,7.445820332448176870e+00,1.000000000000000000e+00
1.260000000000000000e+02,1.393962781426381241e+02,1.106637300704566229e+01,-6.041802208440366292e-03,1.650595806805102370e+02,2.186320814945443836e-01,0.000000000000000000e+00,1.421302056889470045e+01,1.000000000000000000e+00
1.260000000000000000e+02,1.169259803229138157e+02,3.078058957277188057e+01,4.347070868070222228e-03,-1.211358564834718550e+02,3.805782824999025538e-01,0.000000000000000000e+00,7.543254323664234207e+00,1.000000000000000000e+00
1.260000000000000000e+02,1.048475889473061784e+02,3.154063441267248180e+01,-8.685948641876850909e-03,2.335900644877434900e+02,1.545587985402639974e-01,0.000000000000000000e+00,1.012483323120554246e+01,1.000000000000000000e+00
1.260000000000000000e+02,5.073202402055982674e+01,3.756521730679347115e+01,-8.049249297705011325e-03,2.170882121152423281e+02,2.341072308486857878e-01,0.000000000000000000e+00,8.902883731870801398e+00,1.000000000000000000e+00
1.270000000000000000e+02,6.994936361566665539e+01,1.711574117655472449e+01,-8.805140593054381140e-03,2.366792587838053237e+02,2.686774922587020775e-01,0.000000000000000000e+00,6.060289470567910008e+00,1.000000000000000000e+00
1.270000000000000000e+02,1.115994906827662021e+02,2.399583017966444487e+01,-8.174890652726233067e-03,2.203445608321363238e+02,1.826795537336629582e-01,0.000000000000000000e+00,8.625801522696857404e+00,1.000000000000000000e+00
1.270000000000000000e+02,1.427517278933593161e+02,2.487763329212496899e+01,-6.891669654607023021e-02,1.794639120527106570e+03,4.551010347799122613e-02,0.000000000000000000e+00,3.494878892227588185e+00,1.000000000000000000e+00
1.270000000000000000e+02,4.182915389146402418e+01,3.758078032910432853e+01,-9.852398060742832697e-03,2.638218784299314734e+02,1.140034757130732324e-01,0.000000000000000000e+00,8.297866395666712691e+00,1.000000000000000000e+00
1.270000000000000000e+02,5.659300780819368271e+01,5.228470032587060246e+01,-7.458750254793969879e-03,2.017837703541223391e+02,1.720064575488668979e-01,0.000000000000000000e+00,1.048634131689616744e+01,1.000000000000000000e+00
1.280000000000000000e+02,1.263339515003712847e+02,3.225794825494433837e+01,-8.680290705443190202e-03,2.334434231685464169e+02,1.990505121285327528e-01,0.000000000000000000e+00,9.523261539601902470e+00,1.000000000000000000e+00
1.280000000000000000e+02,9.942350187630360381e+00,3.147800695326762010e+01,-1.056481500078808138e-02,2.822861650353889900e+02,2.114401866452186862e-01,0.000000000000000000e+00,6.870206344504410367e+00,1.000000000000000000e+00
1.290000000000000000e+02,9.647239445569061900e+01,5.624040071551883457e+00,-8.726795473091478184e-03,2.346487248817870750e+02,2.674067253861268645e-01,0.000000000000000000e+00,7.547313294268499284e+00,1.000000000000000000e+00
1.290000000000000000e+02,2.950185875138594227e+01,1.148399447022310582e+01,-9.417687472368811707e-03,2.525551321708445016e+02,1.935649507338645936e-01,0.000000000000000000e+00,4.601151899672212942e+00,1.000000000000000000e+00
1.290000000000000000e+02,3.693893139680908178e+01,4.893099029202985406e+01,4.122018150378925321e-03,-1.153029829971601714e+02,3.040098885904153336e-01,0.000000000000000000e+00,4.510876535979067903e+00,1.000000000000000000e+00
1.300000000000000000e+02,4.798170392968594911e+01,4.630065489435511950e+01,-6.520297239884260444e-03,1.774611237983736487e+02,3.236153021765185711e-01,0.000000000000000000e+00,7.919749867898170592e+00,1.000000000000000000e+00
1.300000000000000000e+02,2.771091106536736604e+01,4.728622211415816423e+01,-9.085211800263042620e-03,2.439380910057184622e+02,1.681583684538033863e-01,0.000000000000000000e+00,5.108986479948928405e+00,1.000000000000000000e+00
1.300000000000000000e+02,9.124846405249822112e+01,1.107128608256002700e+01,-7.688218275188584729e-03,2.077310788152097700e+02,2.149337745622774687e-01,0.000000000000000000e+00,7.399188343493540820e+00,1.000000000000000000e+00
1.300000000000000000e+02,6.408680810043981069e+01,1.558030921845316819e+01,-7.030264489710716901e-03,1.906783578798577139e+02,1.963838783151709011e-01,0.000000000000000000e+00,3.653045391747378190e+00,1.000000000000000000e+00
1.300000000000000000e+02,1.261414688503651504e+01,2.108858028861531508e+01,4.667653513751522133e-03,-1.294446564542016347e+02,3.618825240998433390e-01,0.000000000000000000e+00,1.060653681127045189e+01,1.000000000000000000e+00
1.300000000000000000e+02,5.181034825140886113e+01,2.739147050334674205e+01,-8.372645490319002154e-03,2.254699330596645837e+02,1.611979163312891039e-01,0.000000000000000000e+00,4.232405259149936150e+00,1.000000000000000000e+00
1.300000000000000000e+02,1.107369741812833119e+01,4.817613924952603099e+01,-1.042578403398749382e-02,2.786827869098255519e+02,3.227690067166325560e-01,0.000000000000000000e+00,1.301879327855454527e+01,1.000000000000000000e+00
1.310000000000000000e+02,5.612056946477428454e+01,1.295720940092473050e+01,-8.035904660395790100e-03,2.167423483463267644e+02,1.619274288748155932e-01,0.000000000000000000e+00,5.257401309375528520e+00,1.000000000000000000e+00
1.310000000000000000e+02,6.300899093368830961e+01,6.644563268186835181e+00,-8.364013602244283960e-03,2.252462134280852126e+02,1.531922907528857625e-01,0.000000000000000000e+00,9.000513626046316773e+00,1.000000000000000000e+00
1.310000000000000000e+02,2.331380883835135265e+01,5.261107451965827408e+01,-4.377446455412093568e-03,1.219231251725821892e+02,4.495074442657720493e-01,0.000000000000000000e+00,6.905690489385510666e+00,1.000000000000000000e+00
1.320000000000000000e+02,3.719471484994803490e+01,1.886209544496972157e+01,-8.713826096346010200e-03,2.343125870447119610e+02,5.920785550158813582e-02,0.000000000000000000e+00,5.923019841218000181e+00,1.000000000000000000e+00
1.320000000000000000e+02,9.478981909521316140e+01,4.006321847192177898e+01,-7.972050516314341598e-03,2.150873887980723964e+02,3.007236748745641952e-01,0.000000000000000000e+00,6.224398885344379018e+00,1.000000000000000000e+00
1.320000000000000000e+02,3.765791616054394098e+01,1.120193368590265059e+01,-4.118174730304753790e-03,1.152033699674781957e+02,3.039839515645600398e-01,0.000000000000000000e+00,4.450697613285940157e+00,1.000000000000000000e+00
1.320000000000000000e+02,4.694404243363064211e+01,1.517090316792161886e+01,5.475585720232628573e-03,-1.503844895487085296e+02,1.855749072243327857e-01,0.000000000000000000e+00,6.109209210155662539e+00,1.000000000000000000e+00
1.320000000000000000e+02,6.099335521751415001e+01,3.521939066581214206e+01,7.641565754708163488e-03,-2.065219476721985643e+02,2.955608560443722110e-01,0.000000000000000000e+00,9.790181377472594093e+00,1.000000000000000000e+00
1.320000000000000000e+02,1.183510037166219746e+02,3.823359903693933148e+01,-1.119599375855170539e-02,2.986449359005006841e+02,1.394960644857230481e-01,0.000000000000000000e+00,9.971752984627396899e+00,1.000000000000000000e+00
1.320000000000000000e+02,5.225404088509328204e+01,3.963210370916250014e+01,-1.079432448908198595e-02,2.882345482535946530e+02,2.044904472160167241e-01,0.000000000000000000e+00,7.919749867898170592e+00,1.000000000000000000e+00
1.320000000000000000e+02,3.713674185027841901e+01,4.442445302408845009e+01,-7.937184528279685528e-03,2.141837387587942203e+02,2.671054240252717094e-01,0.000000000000000000e+00,4.510876535979067903e+00,1.000000000000000000e+00
1.330000000000000000e+02,1.289714548565592338e+02,1.157204488171828771e+01,3.389286364899155631e-03,-9.631218009574715211e+01,3.146720255253556697e-01,0.000000000000000000e+00,6.678100728229939165e+00,1.000000000000000000e+00
1.330000000000000000e+02,1.380844055757295905e+02,1.706246596554001371e+01,-8.686838418446226132e-03,2.336131255474520287e+02,2.329723455309125058e-01,0.000000000000000000e+00,6.545214496307492524e+00,1.000000000000000000e+00
1.340000000000000000e+02,3.637745523092125666e+01,3.620953576815654884e+01,-4.234883024319036071e-02,1.106058220302171094e+03,1.510436367149958770e-02,0.000000000000000000e+00,8.249932223487810745e+00,1.000000000000000000e+00
1.340000000000000000e+02,1.080525117108109612e+02,3.508701260266916222e+01,-9.288374387733583371e-03,2.492036202649246661e+02,1.206270506132252063e-01,0.000000000000000000e+00,8.367149807792671368e+00,1.000000000000000000e+00
1.340000000000000000e+02,6.045131355968923970e+01,1.593796838349657996e+01,-6.832774832695006489e-03,1.855598585520343704e+02,2.122878873381366382e-01,0.000000000000000000e+00,3.653045391747378190e+00,1.000000000000000000e+00
1.340000000000000000e+02,3.697795479618933001e+01,2.587561187748406510e+01,4.556158729357408926e-03,-1.265549558612653556e+02,4.076944848072620031e-01,0.000000000000000000e+00,7.016865231002673120e+00,1.000000000000000000e+00
1.340000000000000000e+02,3.109927371863285472e+01,5.110992991971242816e+01,-5.394811227674495800e-03,1.482909916303279942e+02,2.449068594875467575e-01,0.000000000000000000e+00,5.108986479948928405e+00,1.000000000000000000e+00
1.340000000000000000e+02,9.244006874449557642e+01,5.335259601101668636e+01,3.151483258266108648e-03,-9.014884445656109335e+01,3.142193609220900186e-01,0.000000000000000000e+00,7.748440132547132819e+00,1.000000000000000000e+00
1.350000000000000000e+02,7.360796152964753958e+01,3.560331354354119071e+01,-1.095357168999700100e-02,2.923618868856952986e+02,8.091967896650664738e-02,0.000000000000000000e+00,8.299834964144752192e+00,1.000000000000000000e+00
1.350000000000000000e+02,9.031584257258644755e+01,1.841146355437212634e+01,-2.628146962765628980e-02,6.896274271494721688e+02,1.362828157678397378e-02,0.000000000000000000e+00,6.198989267346095566e+00,1.000000000000000000e+00
1.350000000000000000e+02,2.015041113261891326e+01,1.128156601304503148e+01,-8.432946647052292147e-03,2.270328069583304114e+02,2.116825726954816300e-01,0.000000000000000000e+00,7.186106742974609496e+00,1.000000000000000000e+00
1.350000000000000000e+02,9.554680006426147543e+01,3.238523519010018248e+01,-8.783986419418295805e-03,2.361309889393326671e+02,1.866015165297703060e-01,0.000000000000000000e+00,4.090054918605040335e+00,1.000000000000000000e+00
1.360000000000000000e+02,7.604863947618666487e+01,1.881709237503686438e+01,-3.504509953761650309e-02,9.167615185305501200e+02,8.396697205469871861e-03,0.000000000000000000e+00,1.199422229641197823e+01,1.000000000000000000e+00
1.360000000000000000e+02,8.760078873312008341e+01,3.800377340808795879e+01,-8.243246286102514156e-03,2.221161891228351237e+02,9.341475160394130395e-02,0.000000000000000000e+00,7.478199751146369145e+00,1.000000000000000000e+00
1.360000000000000000e+02,8.930185730510969222e+01,4.626810919478401019e+01,-3.168733528813405791e-03,9.059593368409511527e+01,2.680391594065137939e-01,0.000000000000000000e+00,7.748440132547132819e+00,1.000000000000000000e+00
1.370000000000000000e+02,8.768328213829461149e+00,8.208346419155315488e+00,-8.283452767054845164e-03,2.231582530407054037e+02,1.047659311346422761e-01,0.000000000000000000e+00,6.682855345825375437e+00,1.000000000000000000e+00
1.370000000000000000e+02,1.356247508514086917e+02,1.099699554356946152e+01,-9.334116571177599950e-03,2.503891574659576520e+02,1.342457651016827347e-01,0.000000000000000000e+00,5.717013167291171705e+00,1.000000000000000000e+00
1.370000000000000000e+02,1.320762062574769402e+02,2.676277542665929943e+01,-8.474528479191450678e-03,2.281105169663892696e+02,1.441024127622587692e-01,0.000000000000000000e+00,6.440997808192735263e+00,1.000000000000000000e+00
1.370000000000000000e+02,2.806875851083860951e+01,2.772811239744412504e+01,-8.795031113178171725e-03,2.364172432092534564e+02,2.610904613539692942e-01,0.000000000000000000e+00,9.099754756440383119e+00,1.000000000000000000e+00
1.380000000000000000e+02,1.331167093223437092e+01,3.584063872065204492e+01,-7.990009485936469188e-03,2.155528459532891361e+02,8.426497342561800608e-02,0.000000000000000000e+00,7.455865365721202842e+00,1.000000000000000000e+00
1.390000000000000000e+02,1.124848211010233570e+02,1.405778326327887484e+01,-4.210826100374872455e-02,1.099823192559533027e+03,1.510279940678449506e-02,0.000000000000000000e+00,7.873863314341638997e+00,1.000000000000000000e+00
1.390000000000000000e+02,3.624386895161662636e+01,1.277546251734590754e+01,-8.746452212336424531e-03,2.351581845068268422e+02,5.284883741903945165e-02,0.000000000000000000e+00,3.336352186148043408e+00,1.000000000000000000e+00
1.390000000000000000e+02,1.242256178643021656e+02,2.064588734389052149e+01,4.219933925835026196e-03,-1.178407454219310324e+02,3.975768004737540995e-01,0.000000000000000000e+00,3.589753696455888932e+00,1.000000000000000000e+00
1.390000000000000000e+02,6.588226142727972956e+01,4.759535049680346219e+01,-4.426413100364020442e-02,1.155698620731658821e+03,1.320649296009179796e-02,0.000000000000000000e+00,6.922974080469526115e+00,1.000000000000000000e+00
1.390000000000000000e+02,8.222936380016375324e+01,2.909619813997304405e+01,-7.811002519488287506e-03,2.109133774804271297e+02,1.231360538833338181e-01,0.000000000000000000e+00,8.492702210318896050e+00,1.000000000000000000e+00
1.390000000000000000e+02,1.078487743715147218e+02,4.345168157415999133e+01,-5.903447472036042754e-02,1.538513576857378212e+03,2.568630067205469603e-01,0.000000000000000000e+00,5.147858276947030909e+00,1.000000000000000000e+00
1.400000000000000000e+02,6.328004725228584704e+00,2.612971824478805871e+01,-8.946431797496530100e-03,2.403412173182057643e+02,1.128287383326117554e-01,0.000000000000000000e+00,1.052657463390841386e+01,1.000000000000000000e+00
1.400000000000000000e+02,1.310368713125608622e+02,7.585895883342270274e+00,-9.788199941163333931e-03,2.621580037902127742e+02,1.821849360346331492e-01,0.000000000000000000e+00,5.717013167291171705e+00,1.000000000000000000e+00
1.400000000000000000e+02,1.283062295286573544e+02,1.497319491957144422e+01,7.713601391435676892e-03,-2.083889535890692741e+02,1.143613739273371399e-01,0.000000000000000000e+00,6.987906045175383163e+00,1.000000000000000000e+00
1.400000000000000000e+02,4.630047010165483101e+01,2.898278760446972413e+01,-8.014064144693258673e-03,2.161762900188578556e+02,1.659051859897496817e-01,0.000000000000000000e+00,7.483026075759019236e+00,1.000000000000000000e+00
1.400000000000000000e+02,1.388991995754900586e+02,2.080613071995732000e+01,-6.621771722688642690e-03,1.800911201226071512e+02,2.107118132110094022e-01,0.000000000000000000e+00,5.432764252465910104e+00,1.000000000000000000e+00
1.400000000000000000e+02,3.909581914388900969e+01,2.460569237333015025e+01,-8.601102665396815131e-03,2.313910426242996152e+02,1.914415046122448505e-01,0.000000000000000000e+00,6.863566083600621148e+00,1.000000000000000000e+00
1.400000000000000000e+02,1.430020214459605370e+02,4.144459353844967353e+01,-4.771713796560870559e-03,1.321416710506186405e+02,4.771326620845451894e-01,0.000000000000000000e+00,8.617351057102219158e+00,1.000000000000000000e+00
1.400000000000000000e+02,4.332959751754894029e+01,4.994807641994228931e+01,-7.188095178505882199e-03,1.947689836205449296e+02,3.253684835060886016e-01,0.000000000000000000e+00,5.638086264643662027e+00,1.000000000000000000e+00
1.410000000000000000e+02,9.447140638776960486e+01,6.764793908079563600e+00,-4.593448674744191919e-03,1.275214295656661676e+02,1.281685639584883019e-01,0.000000000000000000e+00,4.394982157473801720e+00,1.000000000000000000e+00
1.410000000000000000e+02,8.243093315079930505e+01,5.245795997089324203e+01,-8.202898062204248830e-03,2.210704515382804516e+02,1.464356168087598276e-01,0.000000000000000000e+00,7.274796251086855570e+00,1.000000000000000000e+00
1.410000000000000000e+02,1.129225133461565491e+02,4.258126922548118642e+01,-8.939936751566925077e-02,2.325505086746185953e+03,9.158948857714066527e-02,0.000000000000000000e+00,5.147858276947030909e+00,1.000000000000000000e+00
1.410000000000000000e+02,4.891881822007889014e+01,4.920738170146906043e+01,-8.703278950267571284e-03,2.340392281208638678e+02,2.298775811128926927e-01,0.000000000000000000e+00,5.638086264643662027e+00,1.000000000000000000e+00
1.410000000000000000e+02,1.154438156235897708e+02,5.139168874756551020e+01,-2.688344084385969196e-02,7.052292025136423490e+02,1.628652769315108717e-01,0.000000000000000000e+00,9.164085187803227228e+00,1.000000000000000000e+00
1.420000000000000000e+02,1.509273252747786032e+01,2.029976798121611026e+01,-2.569876713802352400e-02,6.745250549717279682e+02,2.598260642191385639e-02,0.000000000000000000e+00,1.052657463390841386e+01,1.000000000000000000e+00
1.420000000000000000e+02,1.273861573763188488e+02,2.234803939179930410e+01,-7.692717079805420910e-03,2.078476779766810694e+02,9.093546614199388145e-02,0.000000000000000000e+00,3.589753696455888932e+00,1.000000000000000000e+00
1.420000000000000000e+02,7.909826299357742130e+01,4.599143307324640517e+01,-9.246076936963927226e-03,2.481073629894567887e+02,2.093593646225255789e-01,0.000000000000000000e+00,5.542157708738006505e+00,1.000000000000000000e+00
1.420000000000000000e+02,9.988641981503126033e+01,3.125653527105434648e+01,-1.206009323827521296e-02,3.210405016884621432e+02,2.974210057596307077e-01,0.000000000000000000e+00,3.751103285846885349e+00,1.000000000000000000e+00
1.430000000000000000e+02,1.036162250792233124e+02,3.085737546308696722e+01,1.297937312072263046e-02,-3.448662226476835144e+02,2.279979481610615588e-01,0.000000000000000000e+00,3.751103285846885349e+00,1.000000000000000000e+00
1.430000000000000000e+02,3.933764139565031570e+01,1.402438924640275708e+01,4.374553825864379263e-03,-1.218481545507311381e+02,2.911225575580024261e-01,0.000000000000000000e+00,3.336352186148043408e+00,1.000000000000000000e+00
1.430000000000000000e+02,1.000830452807824429e+02,2.019485750601298690e+01,-8.330361326469928884e-03,2.243740201520745075e+02,1.681002019764349376e-01,0.000000000000000000e+00,7.446691768851402493e+00,1.000000000000000000e+00
1.430000000000000000e+02,6.206380347246468254e+00,3.810001342499907651e+01,-3.282240855077903086e-03,9.353779495403310307e+01,4.127117413012019176e-01,0.000000000000000000e+00,7.455865365721202842e+00,1.000000000000000000e+00
1.430000000000000000e+02,8.604975083838476735e+01,4.537435812738368668e+01,-8.385519985121388242e-03,2.258036117646047671e+02,1.974088489426586435e-01,0.000000000000000000e+00,6.978822590187814257e+00,1.000000000000000000e+00
1.430000000000000000e+02,1.303320927737178003e+01,4.631110848370915534e+01,-6.709403555197632728e-03,1.823623452721729166e+02,1.880034283946397933e-01,0.000000000000000000e+00,6.444598397403880519e+00,1.000000000000000000e+00
1.440000000000000000e+02,3.001893209261013951e+01,5.124601886942021167e+01,-3.483031168622782031e-02,9.111946878946034758e+02,1.668775204950678770e-02,0.000000000000000000e+00,9.034488469260047339e+00,1.000000000000000000e+00
1.440000000000000000e+02,1.198196445360779023e+02,1.119455280285314558e+01,-7.089617259308313851e-03,1.922166516613168028e+02,3.065074273525686399e-01,0.000000000000000000e+00,5.441631487968876968e+00,1.000000000000000000e+00
1.440000000000000000e+02,6.893704609516420589e+01,1.243179566804187353e+01,-6.976356170689859346e-03,1.892811723318044699e+02,2.901444079577026880e-01,0.000000000000000000e+00,3.891614117539736739e+00,1.000000000000000000e+00
1.440000000000000000e+02,2.940688426163333347e+01,1.458721603762357688e+01,-8.373734891198523697e-03,2.254981679442343534e+02,1.172020981584518395e-01,0.000000000000000000e+00,7.072963344264161734e+00,1.000000000000000000e+00
1.440000000000000000e+02,6.327930252133433697e+01,1.720373399927282421e+01,-8.485435212063173818e-03,2.283931955922791701e+02,1.051095268568735808e-01,0.000000000000000000e+00,7.401449708285831264e+00,1.000000000000000000e+00
1.440000000000000000e+02,9.180838970501243068e+01,1.794264409801541404e+01,-6.274059014482669637e-03,1.710791683570201087e+02,2.398190286969243967e-01,0.000000000000000000e+00,7.284795691283496133e+00,1.000000000000000000e+00
1.440000000000000000e+02,4.525323435215555179e+01,2.157340324843445956e+01,-7.451856252140100223e-03,2.016050929059811665e+02,1.334995071172359049e-01,0.000000000000000000e+00,6.863566083600621148e+00,1.000000000000000000e+00
1.450000000000000000e+02,9.836312301728897012e+01,4.722635775114463641e+00,-5.353357613439232131e-03,1.472166047494891359e+02,1.778494418473749450e-01,0.000000000000000000e+00,4.394982157473801720e+00,1.000000000000000000e+00
1.450000000000000000e+02,1.986226882938793992e+01,3.416940543550321507e+01,-7.361169105623602618e-03,1.992546807097111241e+02,1.216312191735976489e-01,0.000000000000000000e+00,6.488932012287283335e+00,1.000000000000000000e+00
1.450000000000000000e+02,7.353022995530133699e+01,5.025133244830183799e+01,-9.938129879295197824e-03,2.660438593795386168e+02,1.317591038757492949e-01,0.000000000000000000e+00,7.010687170380066391e+00,1.000000000000000000e+00
1.450000000000000000e+02,1.146475971600465158e+02,1.288608441383214931e+01,-8.170377004115261452e-03,2.202275769468513715e+02,3.002120474569585085e-01,0.000000000000000000e+00,4.036841338500526177e+00,1.000000000000000000e+00
1.450000000000000000e+02,1.401412804306029898e+02,1.551725914161157505e+01,-8.397107434933279504e-03,2.261039330825390721e+02,1.940680503910496846e-01,0.000000000000000000e+00,5.432764252465910104e+00,1.000000000000000000e+00
1.450000000000000000e+02,1.411936136556475674e+02,2.705823839377330486e+01,-8.476629405319157859e-03,2.281649683697436330e+02,3.146415107150953849e-01,0.000000000000000000e+00,6.659818791544838135e+00,1.000000000000000000e+00
1.450000000000000000e+02,8.247926045995883726e+01,3.859008075858442055e+01,-8.345687653212785148e-03,2.247712449704105495e+02,1.860468653500541025e-01,0.000000000000000000e+00,4.189272754305611635e+00,1.000000000000000000e+00
1.460000000000000000e+02,1.241631527914573070e+02,3.079141712335755088e+01,-8.127321501825223588e-03,2.191116726364138572e+02,2.800317006686084964e-01,0.000000000000000000e+00,9.037609533046458310e+00,1.000000000000000000e+00
1.460000000000000000e+02,6.371211068509952469e+01,8.089389037088904999e+00,-8.462315190386615962e-03,2.277939752725977485e+02,2.386313793358432189e-01,0.000000000000000000e+00,5.747179000081952260e+00,1.000000000000000000e+00
1.460000000000000000e+02,7.606169500280489437e+00,1.254879372722009734e+01,-4.858134816407786057e-03,1.343815145881516173e+02,3.206852901874899242e-01,0.000000000000000000e+00,1.077618800162226798e+01,1.000000000000000000e+00
1.460000000000000000e+02,3.101118788303067930e+01,4.226618533267969724e+01,4.198276083843306347e-03,-1.172794215969172313e+02,3.404851166254446726e-01,0.000000000000000000e+00,8.307382898387588810e+00,1.000000000000000000e+00
1.460000000000000000e+02,1.653622991090061944e+01,5.172051648689137693e+01,-4.958941794179596782e-03,1.369942106440462055e+02,3.617351320088393329e-01,0.000000000000000000e+00,6.444598397403880519e+00,1.000000000000000000e+00
1.470000000000000000e+02,4.371611933992744525e+01,3.914404072645324817e+01,-7.755832543298643751e-03,2.094834925420971103e+02,9.502505648177761444e-02,0.000000000000000000e+00,6.976579550431106114e+00,1.000000000000000000e+00
1.470000000000000000e+02,9.738415211774433544e+01,1.325445449215382077e+01,-4.028769494271229601e-03,1.128861820830257017e+02,3.043953213559775772e-01,0.000000000000000000e+00,6.070742982533849919e+00,1.000000000000000000e+00
1.470000000000000000e+02,3.825162889717756798e+01,3.188377166408687202e+01,4.980584667908736704e-03,-1.375551465244804774e+02,2.622481477887048662e-01,0.000000000000000000e+00,9.086922617523441659e+00,1.000000000000000000e+00
1.470000000000000000e+02,7.657957617075005885e+01,4.105465996148200958e+01,-8.395127512441331180e-03,2.260526178283767820e+02,1.579551025521360730e-01,0.000000000000000000e+00,5.542157708738006505e+00,1.000000000000000000e+00
1.480000000000000000e+02,1.315706948384461157e+02,1.767643080125084509e+01,-8.107614777708140041e-03,2.186009175129753430e+02,1.271428363157610653e-01,0.000000000000000000e+00,8.838379922150688017e+00,1.000000000000000000e+00
1.480000000000000000e+02,1.865411840793504084e+01,4.054487492560587469e+01,-7.250111716864186991e-03,1.963763164535533008e+02,2.647978035110569728e-01,0.000000000000000000e+00,5.260688472252652126e+00,1.000000000000000000e+00
1.490000000000000000e+02,1.077191112363329637e+02,2.324705076313395580e+01,-4.719595078869470717e-02,1.231684967692132659e+03,1.513520914534594031e-02,0.000000000000000000e+00,9.359979416742794101e+00,1.000000000000000000e+00
1.490000000000000000e+02,5.046705274207668168e+01,3.738405196988711054e+01,-8.488989598036929610e-03,2.284853174911796430e+02,1.553794136586889030e-01,0.000000000000000000e+00,6.976579550431106114e+00,1.000000000000000000e+00
1.490000000000000000e+02,9.628679443628782053e+01,4.691842953688198037e+01,3.391359979664259477e-03,-9.636592364840574021e+01,2.570784311698922631e-01,0.000000000000000000e+00,1.439064699245954770e+01,1.000000000000000000e+00
1.490000000000000000e+02,1.167482708980544430e+02,1.633329456679215141e+01,4.543260468303673104e-03,-1.262206611871478970e+02,3.922956811800073496e-01,0.000000000000000000e+00,4.036841338500526177e+00,1.000000000000000000e+00
1.490000000000000000e+02,9.108299354436397266e+00,2.866771434005156038e+01,-6.713353558752279716e-03,1.824647207122079919e+02,1.394244136079028085e-01,0.000000000000000000e+00,1.207958875036569957e+01,1.000000000000000000e+00
1.490000000000000000e+02,9.646868574901290572e+01,2.985798851768008788e+01,-3.439481400458275356e-02,8.999075419019828814e+02,2.238171436204650089e-02,0.000000000000000000e+00,1.065829906520323611e+01,1.000000000000000000e+00
1.500000000000000000e+02,5.760510342300916165e+01,1.308993168421908670e+01,-2.833301101189004273e-02,7.427988861255082611e+02,9.406833045374862756e-02,0.000000000000000000e+00,7.893095999985821010e+00,1.000000000000000000e+00
1.500000000000000000e+02,9.938535149198987995e+01,1.898586979943205222e+01,-7.577258883968707170e-03,2.048552544406226446e+02,3.576286550970617650e-01,0.000000000000000000e+00,5.451582212239927117e+00,1.000000000000000000e+00
1.500000000000000000e+02,6.831432120440173605e+01,3.072648214519061582e+01,-1.004504088572285431e-02,2.688147584879073406e+02,2.853511615713510974e-01,0.000000000000000000e+00,1.322821592897845377e+01,1.000000000000000000e+00
1.500000000000000000e+02,1.199218706494481381e+02,4.235900729845445056e+01,6.663105044720363593e-03,-1.811623892930186628e+02,2.113140287769156300e-01,0.000000000000000000e+00,7.460834486889163841e+00,1.000000000000000000e+00
1.510000000000000000e+02,3.887394197917364380e+01,4.494754853896294833e+01,-5.822807237522342229e-03,1.593837107216524203e+02,1.781633364193460078e-01,0.000000000000000000e+00,7.558265973281026007e+00,1.000000000000000000e+00
1.510000000000000000e+02,8.213718211211324061e+00,5.263959335176300414e+01,-4.864322030639365961e-03,1.345418736285388377e+02,2.156727385393290009e-01,0.000000000000000000e+00,8.373105951497775479e+00,1.000000000000000000e+00
1.520000000000000000e+02,8.988654627973650690e+01,1.841157158614926814e+01,-7.292934023174798067e-03,1.974861768349973374e+02,2.349876410774532909e-01,0.000000000000000000e+00,6.323673420940032486e+00,1.000000000000000000e+00
1.520000000000000000e+02,1.368233372841078506e+02,3.855567368717970567e+01,-4.210919810267683971e-02,1.099847480111125151e+03,1.862688981961035939e-02,0.000000000000000000e+00,7.163236572535860880e+00,1.000000000000000000e+00
1.520000000000000000e+02,1.119644387229435694e+02,4.351093403011807226e+01,-7.542674353844388765e-03,2.039588991738740447e+02,2.129390893001760210e-01,0.000000000000000000e+00,5.339945264426100735e+00,1.000000000000000000e+00
1.520000000000000000e+02,1.244900880088051309e+02,5.228423529932805991e+01,-9.954319796755871017e-03,2.664634665776683846e+02,1.328484679449472017e-01,0.000000000000000000e+00,1.092605879133258817e+01,1.000000000000000000e+00
1.530000000000000000e+02,8.681130301107246794e+01,3.436734519200096116e+01,-2.721568471659880847e-02,7.138402359469189378e+02,2.383587555914823408e-02,0.000000000000000000e+00,1.065829906520323611e+01,1.000000000000000000e+00
1.530000000000000000e+02,2.979129188671159412e+01,2.792890527924681976e+01,-8.440581159511243575e-03,2.272306767986040654e+02,1.448043254657829237e-01,0.000000000000000000e+00,7.197745032136721122e+00,1.000000000000000000e+00
1.530000000000000000e+02,1.228667820141115499e+02,2.857061374741573090e+01,-5.740676305796583480e-03,1.572550568711960466e+02,2.472673728077130484e-01,0.000000000000000000e+00,6.805257361439688069e+00,1.000000000000000000e+00
1.550000000000000000e+02,2.685770562039250464e+01,2.135611248122611272e+01,-7.394960601143842072e-03,2.001304822565877259e+02,1.859583904930877107e-01,0.000000000000000000e+00,7.197745032136721122e+00,1.000000000000000000e+00
1.550000000000000000e+02,9.549742394363101994e+01,2.280735746728118940e+01,-7.065109618767338555e-03,1.915814673001148378e+02,3.443046289174086505e-01,0.000000000000000000e+00,5.451582212239927117e+00,1.000000000000000000e+00
1.550000000000000000e+02,5.344050972455555382e+01,4.568231575762657570e+01,3.756713307609460973e-03,-1.058350816375594405e+02,3.546920319833930524e-01,0.000000000000000000e+00,7.157249124567224285e+00,1.000000000000000000e+00
1.550000000000000000e+02,1.069956879693928045e+02,4.546708621646642712e+01,-7.543187880217583526e-03,2.039722086526372777e+02,1.578479012400867409e-01,0.000000000000000000e+00,5.339945264426100735e+00,1.000000000000000000e+00
1.550000000000000000e+02,1.011343178493543178e+02,4.910919026492940986e+01,3.569912913482296921e-03,-1.009936245900090341e+02,4.626391490543940721e-01,0.000000000000000000e+00,6.900766738842172288e+00,1.000000000000000000e+00
1.560000000000000000e+02,2.164494711333449573e+01,9.044762894747531590e+00,-9.520796215410189459e-03,2.552274849407316992e+02,7.206473947924207923e-02,0.000000000000000000e+00,1.336944949851683262e+01,1.000000000000000000e+00
1.560000000000000000e+02,2.038414917686085914e+01,2.927540861989994525e+01,-7.417168953007379634e-03,2.007060740916403461e+02,2.726341454512105633e-01,0.000000000000000000e+00,9.503020846545998879e+00,1.000000000000000000e+00
1.560000000000000000e+02,4.808328569248536155e+01,3.283161359964451265e+01,3.416431786642151747e-03,-9.701572996790048364e+01,3.529007426867871722e-01,0.000000000000000000e+00,1.242960713442645648e+01,1.000000000000000000e+00
1.570000000000000000e+02,7.396838702136939503e+01,4.248475549840075161e+01,-4.556305286179170716e-03,1.265587542930668548e+02,2.249161262057609578e-01,0.000000000000000000e+00,6.220806112608604721e+00,1.000000000000000000e+00
1.570000000000000000e+02,6.983607334702122671e+01,5.273670483907043405e+01,-1.018037269786430110e-02,2.723222626273469587e+02,1.241825353992178638e-01,0.000000000000000000e+00,7.038920860302907201e+00,1.000000000000000000e+00
1.570000000000000000e+02,8.409881231258052026e+01,1.586383120296022753e+01,3.834489991636961300e-03,-1.078508829252361210e+02,2.769664611293841672e-01,0.000000000000000000e+00,6.323673420940032486e+00,1.000000000000000000e+00
1.570000000000000000e+02,1.208921330678269612e+02,2.205814192065392731e+01,-3.916006335053717931e-03,1.099636079929195063e+02,2.267193159148145343e-01,0.000000000000000000e+00,6.805257361439688069e+00,1.000000000000000000e+00
1.570000000000000000e+02,1.422691659306814529e+02,2.575313636126045580e+01,-8.021260819634343578e-03,2.163628120697092356e+02,1.260118414459162617e-01,0.000000000000000000e+00,8.946316518201079759e+00,1.000000000000000000e+00
1.570000000000000000e+02,1.298175981252611599e+01,5.297433989999463932e+01,4.766715422964845801e-03,-1.320121241554643916e+02,2.610619251779807692e-01,0.000000000000000000e+00,1.010163473832109915e+01,1.000000000000000000e+00
1.580000000000000000e+02,7.464752103442106090e+01,3.193986457002912616e+01,-5.375294443104949513e-03,1.477851593239173837e+02,2.915015538118611582e-01,0.000000000000000000e+00,1.056673779834333970e+01,1.000000000000000000e+00
1.580000000000000000e+02,6.196096073755090572e+01,3.735071853657056096e+01,-4.198479466242567744e-03,1.172846928232165737e+02,2.536231363140213357e-01,0.000000000000000000e+00,7.390925608899823196e+00,1.000000000000000000e+00
1.590000000000000000e+02,2.072732796895120799e+01,4.648980457966295177e+01,-7.724400271293731593e-03,2.086688369010865074e+02,1.175044173241822643e-01,0.000000000000000000e+00,6.380789589816379781e+00,1.000000000000000000e+00
1.590000000000000000e+02,8.486094017209407525e+01,5.630715094052237468e+00,-7.809187635575335837e-03,2.108663396647314130e+02,1.130593499639261923e-01,0.000000000000000000e+00,1.026145721487152684e+01,1.000000000000000000e+00
1.590000000000000000e+02,4.093419017894524359e+01,4.299948293665242005e+01,-7.296107655283685413e-03,1.975684304277250192e+02,4.979375446703970809e-02,0.000000000000000000e+00,5.531440311899856965e+00,1.000000000000000000e+00
1.590000000000000000e+02,7.547285979492819763e+01,4.852089585166365993e+01,-9.025809610478321629e-03,2.423985163612592828e+02,2.060502577975289462e-01,0.000000000000000000e+00,6.220806112608604721e+00,1.000000000000000000e+00
1.590000000000000000e+02,4.138280514788934283e+01,1.067111401505975188e+01,-4.756025802765868199e-03,1.317350726144877342e+02,2.889151727536145575e-01,0.000000000000000000e+00,1.260417199317646286e+01,1.000000000000000000e+00
1.600000000000000000e+02,6.404128516563477547e+01,7.684871653425465965e+00,-7.654183624811808362e-03,2.068489752270589577e+02,1.009596511031624066e-01,0.000000000000000000e+00,8.840621300410818506e+00,1.000000000000000000e+00
1.600000000000000000e+02,9.910820271431889239e+01,3.450275379723339597e+01,-8.554832900606807941e-03,2.301918316703945209e+02,4.801644594637377583e-02,0.000000000000000000e+00,1.224009880047991139e+01,1.000000000000000000e+00
1.600000000000000000e+02,7.016434251804131605e+00,4.246925335783902256e+01,-5.415211721958387674e-03,1.488197277568536379e+02,3.595081365364467541e-01,0.000000000000000000e+00,1.053772866335075520e+01,1.000000000000000000e+00
1.600000000000000000e+02,1.164588114063830631e+02,8.571839245786083694e+00,-5.793188794675337844e-02,1.509936942795343839e+03,1.580436775131044413e-02,0.000000000000000000e+00,8.716256109170210209e+00,1.000000000000000000e+00
1.600000000000000000e+02,1.164173075657969605e+02,2.894407053781309713e+01,-7.735985191136978550e-03,2.089690926477751987e+02,2.830612642335499363e-01,0.000000000000000000e+00,7.829197904483704562e+00,1.000000000000000000e+00
1.600000000000000000e+02,6.051527993901068214e+01,4.459887612212451558e+01,-9.069532676275698577e-03,2.435317224555736004e+02,2.370658239254253008e-01,0.000000000000000000e+00,6.177709696827202279e+00,1.000000000000000000e+00
1.600000000000000000e+02,6.659272875470151121e+01,4.570734939240711014e+01,-9.288090802512086880e-03,2.491962703571495013e+02,1.364200031869275964e-01,0.000000000000000000e+00,6.177709696827202279e+00,1.000000000000000000e+00
1.610000000000000000e+02,9.724192097923106815e+01,1.718069551457413624e+01,-3.985135171569555157e-02,1.041329047355060538e+03,1.241400833514705315e-02,0.000000000000000000e+00,1.320891505910258878e+01,1.000000000000000000e+00
1.610000000000000000e+02,1.124845602539453608e+02,2.217429665616121071e+01,-2.842800310868227875e-02,7.452608732033475007e+02,2.278120017241924700e-02,0.000000000000000000e+00,7.829197904483704562e+00,1.000000000000000000e+00
1.610000000000000000e+02,1.745307583332701640e+01,4.101314969352401363e+01,-3.677899045630691165e-03,1.037923886021002033e+02,3.552969441702993336e-01,0.000000000000000000e+00,5.644795294335237301e+00,1.000000000000000000e+00
1.620000000000000000e+02,1.436541390699421470e+02,1.691467333608668611e+01,-9.026832720537494859e-02,2.348026618531065196e+03,1.072938210820406635e-02,0.000000000000000000e+00,7.731764013518084511e+00,1.000000000000000000e+00
1.620000000000000000e+02,5.015006900633719766e+01,2.327861450304241586e+01,-3.416904543224009994e-02,8.940561150311186793e+02,1.524763709032009862e-01,0.000000000000000000e+00,5.953130532525148233e+00,1.000000000000000000e+00
1.620000000000000000e+02,3.191338766235721991e+01,3.180753855700726263e+01,-3.682872274569656129e-02,9.629891252295765298e+02,1.569451192326698497e-02,0.000000000000000000e+00,6.516024986139808739e+00,1.000000000000000000e+00
1.620000000000000000e+02,8.233888273573828087e+01,5.268228255988933739e+01,6.639373953406204308e-03,-1.805473313868196499e+02,2.158954661509224771e-01,0.000000000000000000e+00,8.028661803758312843e+00,1.000000000000000000e+00
1.630000000000000000e+02,1.421120627741251496e+01,5.534645877296731520e+00,-7.466422150586500203e-03,2.019826090885177905e+02,1.690771600857179369e-01,0.000000000000000000e+00,5.395876739962658597e+00,1.000000000000000000e+00
1.630000000000000000e+02,5.978904270412839139e+01,1.543567929042947107e+01,-8.567814329536153559e-03,2.305282818736766046e+02,2.198124505473703083e-01,0.000000000000000000e+00,5.505183414119003693e+00,1.000000000000000000e+00
1.630000000000000000e+02,5.191593738291887661e+01,1.759341687992746017e+01,-2.707571384736054410e-02,7.102124976089363599e+02,3.152137165566347710e-01,0.000000000000000000e+00,5.953130532525148233e+00,1.000000000000000000e+00
1.630000000000000000e+02,1.378287756271263333e+02,3.541570744173309038e+01,6.960823774923037728e-03,-1.888786066557415495e+02,2.172096954029337779e-01,0.000000000000000000e+00,3.097664283885484426e+00,1.000000000000000000e+00
1.640000000000000000e+02,1.429275608022145718e+02,4.690509226976853085e+01,-7.075943044344079093e-03,1.918622459614913112e+02,1.863823745389354691e-01,0.000000000000000000e+00,1.256994725479747466e+01,1.000000000000000000e+00
1.640000000000000000e+02,4.133038901728844650e+01,3.748225007908638418e+01,-8.516018831414860768e-03,2.291858560154098825e+02,2.352470897034544262e-01,0.000000000000000000e+00,5.531440311899856965e+00,1.000000000000000000e+00
1.650000000000000000e+02,5.728950629600561228e+01,2.399119503066974346e+01,-3.296110478756651696e-02,8.627489393985213155e+02,4.144898831320553700e-02,0.000000000000000000e+00,7.174910161211882631e+00,1.000000000000000000e+00
1.650000000000000000e+02,1.206146130642954688e+02,1.623359055607667045e+01,9.036491991301709784e-03,-2.426753802734777992e+02,1.314817715803459075e-01,0.000000000000000000e+00,8.716256109170210209e+00,1.000000000000000000e+00
1.650000000000000000e+02,4.879815145774689000e+01,3.657124166648405605e+01,-8.387345482309732994e-03,2.258509246531513384e+02,6.457974380191922048e-02,0.000000000000000000e+00,7.523125161457441479e+00,1.000000000000000000e+00
1.660000000000000000e+02,6.824425036807187439e+01,1.005570345666686194e+01,-8.162676211794853143e-03,2.200279892777483610e+02,2.234819106448897585e-01,0.000000000000000000e+00,4.501162954465827148e+00,1.000000000000000000e+00
1.660000000000000000e+02,1.327442835166891939e+02,2.210920185079499944e+01,-2.857893777078821321e-02,7.491727690373304540e+02,2.057474318698493398e-02,0.000000000000000000e+00,7.914717338964315729e+00,1.000000000000000000e+00
1.660000000000000000e+02,6.083764687236079993e+01,3.210312340499837092e+01,-7.860946672932309434e-03,2.122078205398507293e+02,2.421524843984373954e-01,0.000000000000000000e+00,8.853964281598159403e+00,1.000000000000000000e+00
1.660000000000000000e+02,1.350883079241475571e+02,3.685978527363482016e+01,-7.458664165930873474e-03,2.017815391193602181e+02,3.923953758017657556e-01,0.000000000000000000e+00,3.097664283885484426e+00,1.000000000000000000e+00
1.660000000000000000e+02,1.355416302040748633e+02,2.951309285933063364e+01,-9.609247935094126711e-03,2.575199597699883611e+02,2.518580376534065302e-01,0.000000000000000000e+00,6.330236416957538914e+00,1.000000000000000000e+00
1.660000000000000000e+02,1.201361655586145361e+01,4.252179036768836085e+01,-8.359347602764997248e-03,2.251252809420033998e+02,1.735459857703333109e-01,0.000000000000000000e+00,5.601179495229338556e+00,1.000000000000000000e+00
1.670000000000000000e+02,1.082561396641356453e+02,4.685450173071024693e+01,-3.366008906155949082e-02,8.808650807228616486e+02,2.635376893043916979e-02,0.000000000000000000e+00,1.616753067275307032e+01,1.000000000000000000e+00
1.670000000000000000e+02,8.631349932669987624e+00,1.863713386203386690e+01,-7.718775941507402191e-03,2.085230665925761571e+02,2.732225370597718417e-01,0.000000000000000000e+00,8.871323968078106859e+00,1.000000000000000000e+00
1.670000000000000000e+02,3.492011092376967696e+01,2.597803904360891636e+01,-9.895191786557781810e-03,2.649309980675307656e+02,1.869729555201734561e-01,0.000000000000000000e+00,6.470145496334089863e+00,1.000000000000000000e+00
1.670000000000000000e+02,1.292522608859542288e+02,3.198250802254853298e+01,-8.684334858904690577e-03,2.335482387679408589e+02,1.464763968219339185e-01,0.000000000000000000e+00,6.756787525743850331e+00,1.000000000000000000e+00
1.680000000000000000e+02,3.202545685990395441e+01,1.017147863150276876e+01,-7.957667485849778677e-03,2.147146121530703340e+02,2.416299030601825049e-01,0.000000000000000000e+00,9.377810885571088662e+00,1.000000000000000000e+00
1.680000000000000000e+02,1.248793177192697179e+01,1.064794332333031868e+01,-1.122115537873766104e-02,2.992970699816212345e+02,1.443864475748076748e-01,0.000000000000000000e+00,5.395876739962658597e+00,1.000000000000000000e+00
1.680000000000000000e+02,7.480495522305484712e+01,5.911753544204961131e+00,-4.016861900341080378e-03,1.125775633307909231e+02,2.890518425177246442e-01,0.000000000000000000e+00,7.759843366408251342e+00,1.000000000000000000e+00
1.680000000000000000e+02,8.459350124508142699e+01,1.166475008425667603e+01,-6.269476947679533327e-03,1.709604112220577008e+02,2.550838052024164693e-01,0.000000000000000000e+00,1.135396857557653227e+01,1.000000000000000000e+00
1.680000000000000000e+02,1.008579907303786314e+02,2.000369243570607480e+01,-1.020134349167113076e-02,2.728657796683211245e+02,2.668967062233662535e-01,0.000000000000000000e+00,9.145232199935419359e+00,1.000000000000000000e+00
1.680000000000000000e+02,1.036890267530384335e+02,2.869969766967058789e+01,-6.766545602360285461e-03,1.838433419704922755e+02,1.627505972336483753e-01,0.000000000000000000e+00,3.676809237364019101e+00,1.000000000000000000e+00
1.680000000000000000e+02,7.702488557383531997e+01,3.282697042116414110e+01,-4.008182690212575353e-03,1.123526172152317884e+02,2.325834064780342159e-01,0.000000000000000000e+00,1.620341480310019833e+01,1.000000000000000000e+00
1.680000000000000000e+02,3.447242207240660861e+01,3.461186746245928703e+01,3.914806679285764632e-03,-1.099325155431442766e+02,2.075422820003882673e-01,0.000000000000000000e+00,7.309342022715322074e+00,1.000000000000000000e+00
1.690000000000000000e+02,1.304118790548223785e+02,3.960262272735155875e+01,4.881948162723017889e-03,-1.349987043638067803e+02,2.812767700239331425e-01,0.000000000000000000e+00,5.421452228634804804e+00,1.000000000000000000e+00
1.700000000000000000e+02,1.218526459548329228e+02,4.690326204169082303e+00,-9.057048847919080270e-03,2.432081689691906092e+02,1.544999297013583961e-01,0.000000000000000000e+00,1.160946498922637815e+01,1.000000000000000000e+00
1.700000000000000000e+02,4.313567982523903765e+01,2.729512062210560330e+01,-1.090104846247285861e-02,2.910005998753277368e+02,7.137522077150515454e-02,0.000000000000000000e+00,8.320473319421546776e+00,1.000000000000000000e+00
1.700000000000000000e+02,1.067352677802636265e+02,3.075866385978041606e+01,4.923915594787107650e-03,-1.360864082773004782e+02,2.680387064229377003e-01,0.000000000000000000e+00,3.078535687641199559e+00,1.000000000000000000e+00
1.700000000000000000e+02,4.123479023869153792e+01,3.738618856655814682e+01,6.857770363140626088e-03,-1.862076879508889817e+02,2.293062176132208974e-01,0.000000000000000000e+00,7.309342022715322074e+00,1.000000000000000000e+00
1.710000000000000000e+02,2.189474133082543972e+01,1.516102149618722272e+01,-4.899704938406922866e-02,1.278365498151683141e+03,1.738823165731362419e-02,0.000000000000000000e+00,1.005658306922622813e+01,1.000000000000000000e+00
1.710000000000000000e+02,1.054109146038489264e+01,4.792594447179839534e+01,-7.264033889620673257e-02,1.891147773963636155e+03,5.656086257848191856e-03,0.000000000000000000e+00,5.601179495229338556e+00,1.000000000000000000e+00
1.720000000000000000e+02,2.399619451714262652e+01,5.326451981766930466e+00,-2.772493959412684547e-02,7.270390068988107259e+02,2.357493919675623939e-02,0.000000000000000000e+00,9.377810885571088662e+00,1.000000000000000000e+00
1.720000000000000000e+02,1.320702264988915999e+02,1.502148908905492419e+01,-5.996672205591116467e-02,1.562675385797083663e+03,1.165250403290241099e-02,0.000000000000000000e+00,1.453037779028367638e+01,1.000000000000000000e+00
1.720000000000000000e+02,1.222281274945356273e+02,3.585525565436329032e+01,-8.193553442245423563e-03,2.208282594574353936e+02,7.042379364750128712e-02,0.000000000000000000e+00,8.021011415037918368e+00,1.000000000000000000e+00
1.720000000000000000e+02,4.049671192014257315e+01,4.717639190740626987e+01,-7.738794436235021425e-03,2.090419021273363285e+02,2.516074647049573176e-01,0.000000000000000000e+00,9.817985590713902866e+00,1.000000000000000000e+00
1.730000000000000000e+02,1.088254150350051930e+02,1.195531878673808812e+01,-4.970729426268172789e-03,1.372997202481122372e+02,1.735618566687192610e-01,0.000000000000000000e+00,9.260262736373794823e+00,1.000000000000000000e+00
1.740000000000000000e+02,6.814679990242116503e+01,4.764800714030529605e+01,-9.196308757196780537e-02,2.391951095024217011e+03,1.023868045739817489e-02,0.000000000000000000e+00,7.846167590326013297e+00,1.000000000000000000e+00
1.740000000000000000e+02,8.431745291555542110e+01,6.857037036826242549e+00,-7.457427041846096012e-03,2.017494755728836253e+02,1.545039205730083243e-01,0.000000000000000000e+00,1.440289643715435908e+01,1.000000000000000000e+00
1.740000000000000000e+02,3.175579025398160837e+01,1.076318009430252154e+01,5.898796557492638412e-03,-1.613531874480147223e+02,2.880628828600140245e-01,0.000000000000000000e+00,9.474668256398453892e+00,1.000000000000000000e+00
1.740000000000000000e+02,6.150186132076768786e+00,1.540768574908842226e+01,4.121905488864020806e-03,-1.153000630574680088e+02,2.343054583366455113e-01,0.000000000000000000e+00,5.211420065876104957e+00,1.000000000000000000e+00
1.750000000000000000e+02,4.184535696483037270e+01,9.716935874965013653e+00,-3.276689888350658303e-02,8.577155477545677513e+02,3.663281075891333671e-02,0.000000000000000000e+00,1.014366715636730198e+01,1.000000000000000000e+00
1.750000000000000000e+02,5.073508707394279327e+01,4.640246493387967774e+01,-8.210613963199274098e-03,2.212704307911354249e+02,1.379608467063034860e-01,0.000000000000000000e+00,1.026758436782019857e+01,1.000000000000000000e+00
1.750000000000000000e+02,1.071444642440166319e+02,3.380988332650720452e+01,-7.574677874367845634e-03,2.047883603252206228e+02,1.780281136911088247e-01,0.000000000000000000e+00,3.078535687641199559e+00,1.000000000000000000e+00
1.750000000000000000e+02,6.955651008016161541e+01,3.992951874747491559e+01,-3.655092285782751693e-02,9.557891606298408078e+02,1.981367483339325775e-01,0.000000000000000000e+00,7.846167590326013297e+00,1.000000000000000000e+00
1.750000000000000000e+02,9.750462933234658180e+01,4.149581522994936478e+01,-5.098862431493131168e-03,1.406206470805678919e+02,3.638932481363490457e-01,0.000000000000000000e+00,4.488180436258778272e+00,1.000000000000000000e+00
1.750000000000000000e+02,1.439135649826156680e+02,4.469899040729210782e+01,-7.597386002337894011e-03,2.053769052622427012e+02,1.670162806440713688e-01,0.000000000000000000e+00,1.275342963732470203e+01,1.000000000000000000e+00
1.760000000000000000e+02,2.969910545946592251e+01,3.414827830230340311e+01,-6.447139831971264619e-03,1.755650440295066801e+02,1.912893007248207544e-01,0.000000000000000000e+00,1.242333671137812878e+01,1.000000000000000000e+00
1.760000000000000000e+02,6.240563002128319425e+01,5.043165633909316270e+00,5.934920021952802202e-03,-1.622894285218613959e+02,3.374218559239656745e-01,0.000000000000000000e+00,4.176724187300242974e+00,1.000000000000000000e+00
1.760000000000000000e+02,1.185451792524485093e+01,3.294065443390645953e+01,-6.775134932306428603e-03,1.840659585885984484e+02,2.905943952739801217e-01,0.000000000000000000e+00,7.892520021170355449e+00,1.000000000000000000e+00
1.770000000000000000e+02,1.005833405478475413e+02,6.486876686612044196e+00,-1.315526363631555444e-02,3.494249195406619037e+02,1.844240905874044989e-01,0.000000000000000000e+00,9.891190568090678426e+00,1.000000000000000000e+00
1.770000000000000000e+02,5.240858642936656508e+01,1.019567531814492511e+01,-3.543236583846951209e-03,1.003022325577850324e+02,3.792865534017801910e-01,0.000000000000000000e+00,7.071871131028080626e+00,1.000000000000000000e+00
1.770000000000000000e+02,7.843525609052734104e+00,2.033632658797401405e+01,-4.301266279002615052e-03,1.199487018653688750e+02,4.255623413025875212e-01,0.000000000000000000e+00,5.211420065876104957e+00,1.000000000000000000e+00
1.770000000000000000e+02,1.163657851611299066e+02,5.071848322740022041e+01,-3.968509820287233897e-02,1.037020120464948832e+03,1.164778268508630532e-01,0.000000000000000000e+00,8.921492187103437388e+00,1.000000000000000000e+00
1.770000000000000000e+02,5.873922281303649839e+01,7.043786317621135495e+00,-7.657797027103881680e-03,2.069426266996607353e+02,2.377538843678531633e-01,0.000000000000000000e+00,4.176724187300242974e+00,1.000000000000000000e+00
1.780000000000000000e+02,2.159916077263838829e+01,2.300974015824245100e+01,-7.308000537810909782e-03,1.978766678926198779e+02,2.073176861214575117e-01,0.000000000000000000e+00,5.589670714504298310e+00,1.000000000000000000e+00
1.780000000000000000e+02,8.854052989737935775e+01,5.241744151701767152e+01,-8.904274159476354214e-03,2.392485836829580705e+02,1.260101349462250386e-01,0.000000000000000000e+00,8.687032724071544365e+00,1.000000000000000000e+00
1.780000000000000000e+02,1.042987064659345720e+02,2.003377009112655216e+01,3.507159626643573981e-03,-9.936719685016461767e+01,2.922859134862676456e-01,0.000000000000000000e+00,8.321704036738065469e+00,1.000000000000000000e+00
1.780000000000000000e+02,8.026594919010550555e+00,2.603856216105780774e+01,-6.923463957472520899e-03,1.879103220204967499e+02,1.766761262152051204e-01,0.000000000000000000e+00,5.705173520866011927e+00,1.000000000000000000e+00
1.790000000000000000e+02,7.249470490207676221e+01,1.508297498876705411e+01,-6.882948306881964996e-03,1.868602451028099267e+02,1.845569017660680933e-01,0.000000000000000000e+00,1.378475697620360130e+01,1.000000000000000000e+00
1.790000000000000000e+02,1.181511875958497626e+02,3.165077602815285118e+01,5.109195097808501285e-03,-1.408884471587544454e+02,3.128060281163457246e-01,0.000000000000000000e+00,6.605824839287659067e+00,1.000000000000000000e+00
1.800000000000000000e+02,5.615899331930110350e+01,2.914088313916460748e+01,-7.455898299506641576e-03,2.017098539200074470e+02,2.496184475912139877e-01,0.000000000000000000e+00,5.644009371173659417e+00,1.000000000000000000e+00
1.800000000000000000e+02,1.081062465876605785e+02,4.043317118455635040e+01,-8.656885361933281536e-03,2.328368079319145068e+02,5.991586604494603119e-02,0.000000000000000000e+00,6.692754838414932017e+00,1.000000000000000000e+00
1.800000000000000000e+02,9.467881883990170877e+01,4.498272771654900737e+01,-9.080155690340036348e-03,2.438070477114347057e+02,2.483329707096086914e-01,0.000000000000000000e+00,4.488180436258778272e+00,1.000000000000000000e+00
1.800000000000000000e+02,6.498493256100535120e+01,4.840837266714672182e+01,-2.699905095224200413e-02,7.082255632901329818e+02,8.750566407467852414e-02,0.000000000000000000e+00,9.372110817154428730e+00,1.000000000000000000e+00
1.800000000000000000e+02,2.709696774652018192e+01,2.200051413077203932e+01,-8.164811408876322674e-03,2.200833289091570180e+02,1.991286349337351158e-01,0.000000000000000000e+00,5.589670714504298310e+00,1.000000000000000000e+00
1.800000000000000000e+02,1.033803917937648720e+02,3.021694782120114553e+01,-5.642566661889548280e-03,1.547122698008270731e+02,3.146596695494806584e-01,0.000000000000000000e+00,5.203597501347812404e+00,1.000000000000000000e+00
1.800000000000000000e+02,5.946784048899939279e+01,3.545173009092021488e+01,-7.649162814809151723e-03,2.067188468293896051e+02,2.089044591118460747e-01,0.000000000000000000e+00,4.883412230224034367e+00,1.000000000000000000e+00
1.800000000000000000e+02,1.312713516729418473e+02,4.637958855881382192e+01,-8.542047063943110016e-03,2.298604507902120702e+02,2.277442775728290014e-01,0.000000000000000000e+00,8.585548525965492672e+00,1.000000000000000000e+00
1.810000000000000000e+02,1.117064689893153115e+02,2.382531495730688320e+01,-8.128698726496652940e-03,2.191473672832196655e+02,1.718839183441457363e-01,0.000000000000000000e+00,6.855523816472827825e+00,1.000000000000000000e+00
1.810000000000000000e+02,1.228697650733267608e+02,4.461182553711763177e+01,-8.765340816813918523e-03,2.356477357612192804e+02,2.825355516288409197e-01,0.000000000000000000e+00,8.434850117105039402e+00,1.000000000000000000e+00
1.820000000000000000e+02,3.653353921493998513e+01,1.576067213773460907e+01,-7.464001823792956215e-03,2.019198795195212597e+02,1.093244806584721118e-01,0.000000000000000000e+00,8.355022987521966371e+00,1.000000000000000000e+00
1.820000000000000000e+02,5.420523241826485616e+01,2.025440572992112820e+01,-5.891786073907963328e-02,1.535491197894245488e+03,7.126336220126150423e-03,0.000000000000000000e+00,9.098717624116744673e+00,1.000000000000000000e+00
1.820000000000000000e+02,4.315971586692356965e+01,3.379654544892311208e+01,-3.387885718000598761e-02,8.865350711625559370e+02,1.718501222431334519e-02,0.000000000000000000e+00,3.990172488629778247e+00,1.000000000000000000e+00
1.820000000000000000e+02,7.040157289950493613e+00,4.294571619016791431e+01,-9.451025065828773039e-03,2.534191695705473535e+02,1.508040007086909329e-01,0.000000000000000000e+00,1.096125102341160229e+01,1.000000000000000000e+00
1.820000000000000000e+02,9.015629912207243990e+01,4.388199616474550169e+01,6.275761493654406775e-03,-1.711232928880352802e+02,4.208847116634309993e-01,0.000000000000000000e+00,4.654545579032423497e+00,1.000000000000000000e+00
1.820000000000000000e+02,1.775213251722385621e+01,4.527006786935152860e+01,-8.863433196953266618e-03,2.381900753925444008e+02,2.548077076545741670e-01,0.000000000000000000e+00,1.096125102341160229e+01,1.000000000000000000e+00
1.830000000000000000e+02,6.221706623123350255e+01,5.896590049925168664e+00,-7.062335661541488570e-03,1.915095724049062653e+02,1.126766842560903426e-01,0.000000000000000000e+00,1.026397176455663995e+01,1.000000000000000000e+00
1.830000000000000000e+02,1.197420590349883440e+01,1.560212757240742043e+01,-7.664650284300913823e-03,2.071202481148096695e+02,1.351852419521158977e-01,0.000000000000000000e+00,1.115808224597895482e+01,1.000000000000000000e+00
1.830000000000000000e+02,5.158427369373424654e+01,4.367055201463610103e+01,-5.488107140185002376e-03,1.507090173269127433e+02,3.509341194711420586e-01,0.000000000000000000e+00,9.428109503044925788e+00,1.000000000000000000e+00
1.830000000000000000e+02,6.453552526982417703e+01,2.866465929639425170e+01,7.816526989544117510e-03,-2.110565596434560405e+02,1.405113927223433645e-01,0.000000000000000000e+00,8.390058204002928122e+00,1.000000000000000000e+00
1.830000000000000000e+02,7.585275356088905596e+01,4.177638781598756879e+01,-7.742976493609408928e-03,2.091502918940876157e+02,5.908957550327731401e-02,0.000000000000000000e+00,1.028707304848073356e+01,1.000000000000000000e+00
1.840000000000000000e+02,1.094790069368216621e+02,3.089171576572976718e+01,-7.253441966388119930e-03,1.964626292266236476e+02,1.965089123424689221e-01,0.000000000000000000e+00,5.476633886938107487e+00,1.000000000000000000e+00
1.840000000000000000e+02,1.199701237520534391e+02,1.433183282041519391e+01,-6.511018561389542159e-02,1.695982694959770924e+03,1.129994618328655775e-02,0.000000000000000000e+00,1.036315328644361955e+01,1.000000000000000000e+00
1.840000000000000000e+02,1.379501553490522667e+02,3.448202203462331994e+01,6.220320783105351067e-03,-1.696863911081267986e+02,4.075656155354554500e-01,0.000000000000000000e+00,9.593588442731119770e+00,1.000000000000000000e+00
1.840000000000000000e+02,1.229622015676671793e+02,3.617748193535815915e+01,-8.965155362494292221e-03,2.408264911107865771e+02,2.533413561865668351e-01,0.000000000000000000e+00,6.605824839287659067e+00,1.000000000000000000e+00
1.840000000000000000e+02,6.037039870078225334e+01,4.025101167097415100e+01,-7.166859810613433399e-03,1.942186093987955076e+02,1.825903009614358030e-01,0.000000000000000000e+00,4.883412230224034367e+00,1.000000000000000000e+00
1.850000000000000000e+02,5.051554374642772416e+01,2.922037339222343277e+01,-7.917855276510824339e-03,2.136827668918048744e+02,2.360490112735685875e-01,0.000000000000000000e+00,5.644009371173659417e+00,1.000000000000000000e+00
1.850000000000000000e+02,1.203509586255144512e+02,5.285080836913335389e+01,-5.349329557472816063e-03,1.471122063619072549e+02,2.478135441924886884e-01,0.000000000000000000e+00,8.615406202135257985e+00,1.000000000000000000e+00
1.860000000000000000e+02,2.277864735435151289e+01,2.132228683507705469e+01,-3.669466967391309814e-02,9.595147632392586274e+02,2.703254451609160558e-02,0.000000000000000000e+00,5.234867478020222897e+00,1.000000000000000000e+00
1.860000000000000000e+02,4.507546248439181369e+01,2.240580266331666692e+01,-7.983133639638430659e-03,2.153746390781213620e+02,1.605534706071017892e-01,0.000000000000000000e+00,3.554226798968060930e+00,1.000000000000000000e+00
1.860000000000000000e+02,1.376074677388019154e+02,4.406948804031455325e+01,-7.637101273384494168e-03,2.064062380953043032e+02,9.937284748169361581e-02,0.000000000000000000e+00,8.458731211415356555e+00,1.000000000000000000e+00
1.860000000000000000e+02,1.056287424319604753e+02,2.699697803718310141e+01,-4.192053883034633534e-03,1.171181557810864859e+02,4.610533437679003033e-01,0.000000000000000000e+00,5.476633886938107487e+00,1.000000000000000000e+00
1.860000000000000000e+02,1.158131057391348691e+02,3.236097428071006021e+01,-7.482212790599225213e-03,2.023918678897754546e+02,3.749791374472065675e-01,0.000000000000000000e+00,4.322970998181546953e+00,1.000000000000000000e+00
1.860000000000000000e+02,6.360143336481087317e+01,4.788981602782991587e+01,-4.826789627124462335e-03,1.335691159405382678e+02,3.624304552067864060e-01,0.000000000000000000e+00,8.294028996963607625e+00,1.000000000000000000e+00
1.870000000000000000e+02,1.157252103177001601e+02,2.378570271444135642e+01,-3.506201060143528808e-02,9.171998162626804287e+02,2.028315571808236850e-02,0.000000000000000000e+00,8.575722012773367098e+00,1.000000000000000000e+00
1.870000000000000000e+02,9.983734725424032774e+01,2.630178817380659240e+01,-8.074122801052102671e-03,2.177328788389916951e+02,1.030862506922637367e-01,0.000000000000000000e+00,5.832970688308113161e+00,1.000000000000000000e+00
1.870000000000000000e+02,7.588549659870999164e+01,3.046989438618123813e+01,-7.782892453461742570e-03,2.101848261414044146e+02,6.926712086653985523e-02,0.000000000000000000e+00,9.435318826993874808e+00,1.000000000000000000e+00
1.870000000000000000e+02,5.283359195630093552e+01,1.005586004780877474e+01,4.167556236175295678e-03,-1.164832304342223637e+02,3.446664190559881602e-01,0.000000000000000000e+00,5.389143605902478207e+00,1.000000000000000000e+00
1.880000000000000000e+02,4.105059426860436389e+01,4.730861774306641365e+01,-6.719011270879393129e-03,1.826113562178706786e+02,3.864137642510737658e-01,0.000000000000000000e+00,1.114423278991352539e+01,1.000000000000000000e+00
1.880000000000000000e+02,1.147025984295209753e+02,3.653887468239663860e+01,5.976699724086704038e-03,-1.633722668867688981e+02,2.554436853772545923e-01,0.000000000000000000e+00,4.322970998181546953e+00,1.000000000000000000e+00
1.880000000000000000e+02,1.274303643629531990e+02,4.276276758346428863e+01,-7.450770427326621793e-03,2.015769507052102085e+02,5.060814650492995170e-02,0.000000000000000000e+00,7.958044095902632620e+00,1.000000000000000000e+00
1.890000000000000000e+02,1.368146224691661814e+02,5.249098019345395727e+01,6.749681282126542177e-03,-1.834062557296986711e+02,1.811800121739204350e-01,0.000000000000000000e+00,8.458731211415356555e+00,1.000000000000000000e+00
1.890000000000000000e+02,9.872363876247261416e+00,1.167960166687757884e+01,-6.120228690805118964e-03,1.670922233177679459e+02,1.814733722893216994e-01,0.000000000000000000e+00,9.248589068215345321e+00,1.000000000000000000e+00
1.890000000000000000e+02,1.024388939654137403e+02,3.395226558402431749e+01,-4.302752388721846344e-03,1.199872185741115089e+02,3.053403465886695978e-01,0.000000000000000000e+00,7.651872849098778850e+00,1.000000000000000000e+00
1.900000000000000000e+02,1.413820066533845363e+02,1.306578714260002094e+01,-3.604081539226934583e-02,9.425682924637196720e+02,4.597396167746414797e-02,0.000000000000000000e+00,5.199365922571355547e+00,1.000000000000000000e+00
1.900000000000000000e+02,6.006467721125272874e+01,3.069601541240901099e+01,-1.052376657666705476e-02,2.812222797947813433e+02,2.415717651521795961e-01,0.000000000000000000e+00,3.683957275546069887e+00,1.000000000000000000e+00
1.900000000000000000e+02,8.679316394617163155e+01,4.480776850192167871e+01,-1.402185636216345989e-02,3.718851048069528815e+02,4.408300095049755285e-02,0.000000000000000000e+00,8.027646045572122802e+00,1.000000000000000000e+00
1.900000000000000000e+02,4.350477209366007969e+01,1.401060001702377633e+01,-9.247139446439822316e-03,2.481349009077475785e+02,4.372843606865914889e-01,0.000000000000000000e+00,6.446889028816375600e+00,1.000000000000000000e+00
1.900000000000000000e+02,1.250006283705079682e+02,2.361009733368854313e+01,6.845060859427112843e-03,-1.858782854535753586e+02,2.169599814926286285e-01,0.000000000000000000e+00,9.277080214383312651e+00,1.000000000000000000e+00
1.900000000000000000e+02,2.992681556536601661e+01,2.916435593783437952e+01,3.863210030806935296e-03,-1.085952434320492870e+02,4.754852371456993465e-01,0.000000000000000000e+00,6.472106985323672568e+00,1.000000000000000000e+00
1.910000000000000000e+02,1.066173248077754181e+02,4.643935175068899746e+00,-9.073322055071332895e-03,2.436299348536880984e+02,2.157833498207105682e-01,0.000000000000000000e+00,1.458044277164243852e+01,1.000000000000000000e+00
1.910000000000000000e+02,4.755063933514885832e+01,8.991303610741224972e+00,-9.685222546129258411e-03,2.594890552729697220e+02,3.560749297285127346e-01,0.000000000000000000e+00,5.389143605902478207e+00,1.000000000000000000e+00
1.910000000000000000e+02,6.372529437870813496e+01,3.028198261010999204e+01,1.052203485113846829e-02,-2.811773972622579549e+02,3.029098082702822436e-01,0.000000000000000000e+00,3.683957275546069887e+00,1.000000000000000000e+00
1.910000000000000000e+02,1.756950762929139387e+01,2.184065044995988458e+01,7.753140691944761416e-03,-2.094137256512449596e+02,3.497429420630047137e-01,0.000000000000000000e+00,5.234867478020222897e+00,1.000000000000000000e+00
1.910000000000000000e+02,1.286458211191066141e+02,3.274123887888348605e+01,-6.729998363265330200e-03,1.828961175863492201e+02,2.354158928430299946e-01,0.000000000000000000e+00,3.733039445618201668e+00,1.000000000000000000e+00
1.920000000000000000e+02,5.927004887847774484e+01,8.145306151106138870e+00,-7.032698163577278880e-03,1.907414333757513987e+02,1.459832016475377525e-01,0.000000000000000000e+00,6.714029632288152527e+00,1.000000000000000000e+00
1.920000000000000000e+02,3.639251299459231603e+01,2.945232396239943284e+01,-8.359207258037775617e-03,2.251216435140854060e+02,2.046411627299580260e-01,0.000000000000000000e+00,6.472106985323672568e+00,1.000000000000000000e+00
1.920000000000000000e+02,1.105774441439765781e+02,5.074134120391066460e+01,-7.356760066847803717e-03,1.991404080822161120e+02,1.129726770796855018e-01,0.000000000000000000e+00,6.420547958715875581e+00,1.000000000000000000e+00
1.920000000000000000e+02,4.102466305053042817e+01,7.807807652926419095e+00,-4.143918591042208138e-02,1.082482231684891531e+03,2.245816603810457668e-02,0.000000000000000000e+00,6.632422570190032118e+00,1.000000000000000000e+00
1.920000000000000000e+02,1.364589800066219993e+02,3.273674062575764765e+01,-8.131286437165057349e-03,2.192144350756143467e+02,1.667619221677715258e-01,0.000000000000000000e+00,7.813160182400066489e+00,1.000000000000000000e+00
1.920000000000000000e+02,6.089819270645604377e+01,4.511084015650901335e+01,4.228937831460406922e-03,-1.180741069335550577e+02,2.643901835258187782e-01,0.000000000000000000e+00,6.276095906894574306e+00,1.000000000000000000e+00
1.930000000000000000e+02,1.400201080779692120e+02,4.062383221312886405e+01,-6.542647966034722228e-03,1.780404056630862044e+02,1.281846439057358067e-01,0.000000000000000000e+00,4.128102490299148997e+00,1.000000000000000000e+00
1.930000000000000000e+02,1.185970212922868825e+02,1.295514348410097760e+01,8.217686519239906368e-03,-2.214537359519575546e+02,1.475387983123642721e-01,0.000000000000000000e+00,1.243117955582188827e+01,1.000000000000000000e+00
1.930000000000000000e+02,1.130724304509002565e+02,4.179968321836398815e+01,-5.575609345531034808e-03,1.529768828243504117e+02,3.294249539734913634e-01,0.000000000000000000e+00,5.507590588508489482e+00,1.000000000000000000e+00
1.930000000000000000e+02,1.179674044968323443e+02,4.713772569456343575e+01,-6.642631483236590903e-03,1.806317594247187515e+02,1.966272483826142503e-01,0.000000000000000000e+00,5.393703619401937210e+00,1.000000000000000000e+00
1.940000000000000000e+02,1.372091246644880300e+02,1.616747408739948355e+01,-3.317300422224984946e-02,8.682409086002628555e+02,1.704777543507033366e-01,0.000000000000000000e+00,3.381526969603805721e+00,1.000000000000000000e+00
1.940000000000000000e+02,1.244843470182468934e+02,3.705387353712859522e+01,-9.416741871148897117e-03,2.525306242584724998e+02,1.977840376271440270e-01,0.000000000000000000e+00,5.993053010580093876e+00,1.000000000000000000e+00
1.940000000000000000e+02,8.337632398228664954e+01,6.187729385102455737e+00,-7.381676202320912837e-03,1.997861797372902686e+02,1.431609556831500152e-01,0.000000000000000000e+00,1.052556303992362352e+01,1.000000000000000000e+00
1.940000000000000000e+02,7.708690538638150258e+01,2.631851188729815760e+01,-7.431193203117913981e-03,2.010695519357397245e+02,2.534604306574088639e-01,0.000000000000000000e+00,1.010228052988871639e+01,1.000000000000000000e+00
1.940000000000000000e+02,1.157614811447655114e+02,3.200379309116339499e+01,7.894775297877661482e-03,-2.130845844000978673e+02,1.610245853531957483e-01,0.000000000000000000e+00,5.834375711852563207e+00,1.000000000000000000e+00
1.940000000000000000e+02,8.947393296970629706e+01,3.724096082130452601e+01,-3.709474440595295422e-03,1.046107536767290327e+02,4.895721067589050568e-01,0.000000000000000000e+00,8.027646045572122802e+00,1.000000000000000000e+00
1.940000000000000000e+02,7.648904095072952991e+00,4.012336748280629450e+01,-3.452442417817222498e-02,9.032667537028521565e+02,1.246672952827357905e-01,0.000000000000000000e+00,4.601758783959364330e+00,1.000000000000000000e+00
1.940000000000000000e+02,3.578357176283449803e+01,4.424576088636981552e+01,-7.303861709180347293e-03,1.977693985202201645e+02,1.528255040962313016e-01,0.000000000000000000e+00,1.118689616217839600e+01,1.000000000000000000e+00
1.950000000000000000e+02,7.043021024129031105e+01,4.675207798100568368e+01,-4.875059123162283486e-02,1.271977842683057361e+03,1.234169731855572216e-02,0.000000000000000000e+00,5.320683243921784822e+00,1.000000000000000000e+00
1.950000000000000000e+02,2.460847932741240385e+01,4.475952620549286820e+01,-3.555440210052586425e-02,9.299615253830755819e+02,2.457630461783821829e-02,0.000000000000000000e+00,8.226926766189725626e+00,1.000000000000000000e+00
1.950000000000000000e+02,1.167802704250507020e+02,5.239916574739732624e+01,3.895704863250744159e-03,-1.094374383122000864e+02,4.639860239223361216e-01,0.000000000000000000e+00,4.337725423192013707e+00,1.000000000000000000e+00
1.960000000000000000e+02,1.099271396607075957e+02,3.198380823549767271e+01,-8.182829212260659540e-03,2.205503109066205525e+02,1.612257453570953292e-01,0.000000000000000000e+00,5.834375711852563207e+00,1.000000000000000000e+00
1.960000000000000000e+02,4.284236641971711634e+01,1.853252138149185413e+01,-8.962511428750985498e-03,2.407579661394416348e+02,9.319333445947264316e-02,0.000000000000000000e+00,1.018417193836842571e+01,1.000000000000000000e+00
1.960000000000000000e+02,4.627659961929746046e+00,4.780125409344703513e+01,-3.553269977828858034e-02,9.293990487275261785e+02,4.622584303942955941e-02,0.000000000000000000e+00,7.852835942520603574e+00,1.000000000000000000e+00
1.960000000000000000e+02,1.263767835805082882e+02,2.977694264689635517e+01,-3.362585621349938741e-02,8.799778402848918404e+02,3.820213752493806236e-02,0.000000000000000000e+00,3.733039445618201668e+00,1.000000000000000000e+00
1.970000000000000000e+02,6.218691437437893654e+01,3.896848097658759968e+01,-8.222849500179998938e-03,2.215875491089135494e+02,1.664140391793089702e-01,0.000000000000000000e+00,6.276095906894574306e+00,1.000000000000000000e+00
1.970000000000000000e+02,1.390253240592726911e+02,1.901986683815133716e+01,-3.692538475509123119e-02,9.654943927842888343e+02,9.360233693501585073e-02,0.000000000000000000e+00,3.381526969603805721e+00,1.000000000000000000e+00
1.970000000000000000e+02,8.292659718167495697e+00,3.556685976268978777e+01,-1.831122254338014843e-02,4.830560807816559077e+02,3.410103811392417583e-01,0.000000000000000000e+00,4.601758783959364330e+00,1.000000000000000000e+00
1.970000000000000000e+02,1.293606436500879795e+02,2.318680492820087125e+01,-9.715239015525465108e-03,2.602670164115416469e+02,3.913740946149156796e-01,0.000000000000000000e+00,7.234178326956354432e+00,1.000000000000000000e+00
1.980000000000000000e+02,1.066800065168625480e+02,1.955954274383003622e+01,7.549083424692605571e-03,-2.041250082518089926e+02,1.219553247163522869e-01,0.000000000000000000e+00,5.985963951302982977e+00,1.000000000000000000e+00
1.980000000000000000e+02,1.393061584120372345e+02,4.468972769197846873e+01,4.282031744951329301e-03,-1.194501848741490733e+02,1.943856782739074029e-01,0.000000000000000000e+00,4.128102490299148997e+00,1.000000000000000000e+00
1.980000000000000000e+02,3.056209869055566841e+01,2.272566268234992393e+01,-6.862763473190976009e-03,1.863370984264686285e+02,3.714551285129146230e-01,0.000000000000000000e+00,5.630801203343029471e+00,1.000000000000000000e+00
1.980000000000000000e+02,9.001952154897605851e+01,2.672542362872421151e+01,-8.533490429564876203e-03,2.296386815696096164e+02,1.780378802970659091e-01,0.000000000000000000e+00,8.215172396134869715e+00,1.000000000000000000e+00
1.980000000000000000e+02,6.239828118068630403e+01,3.011985912798221676e+01,-7.572766150970616957e-03,2.047388126422099504e+02,1.727664453980722881e-01,0.000000000000000000e+00,6.573874599593211521e+00,1.000000000000000000e+00
1.990000000000000000e+02,2.171310191576509396e+01,3.705893443210483440e+01,-7.057610658779611343e-03,1.913871106829807047e+02,3.039634316794710411e-01,0.000000000000000000e+00,6.326944809660698610e+00,1.000000000000000000e+00
1.990000000000000000e+02,3.270864606009421749e+01,1.752006410179298257e+01,-7.046010796551279050e-03,1.910864676624004517e+02,3.210748732892975132e-01,0.000000000000000000e+00,5.630801203343029471e+00,1.000000000000000000e+00
1.990000000000000000e+02,5.112513191471716567e+01,4.510631069925064196e+01,-7.767518868100991430e-03,2.097863764832079596e+02,2.778378195132668038e-01,0.000000000000000000e+00,1.265053298834822471e+01,1.000000000000000000e+00
2.000000000000000000e+02,6.808837272285252595e+01,2.100492192078030129e+01,-8.080076345972490512e-03,2.178871816826628560e+02,9.870529453465637371e-02,0.000000000000000000e+00,1.040803630166512050e+01,1.000000000000000000e+00
2.000000000000000000e+02,6.692945955252147883e+01,5.075887405732833457e+01,-9.211783539403965368e-03,2.472185532410785243e+02,1.593072818536247492e-01,0.000000000000000000e+00,3.911080001167002163e+00,1.000000000000000000e+00
2.000000000000000000e+02,1.160403028525054907e+02,4.812502140746355650e+01,-4.652922136918587019e-03,1.290628514343504207e+02,1.636421994509237310e-01,0.000000000000000000e+00,4.337725423192013707e+00,1.000000000000000000e+00
2.010000000000000000e+02,2.337766635907415846e+01,1.971232811828469877e+01,4.498418050337991275e-03,-1.250584439364639309e+02,2.765616033671668417e-01,0.000000000000000000e+00,5.356039894143354019e+00,1.000000000000000000e+00
2.010000000000000000e+02,9.695627638737421705e+01,4.479375604909082398e+01,6.369081921308710273e-03,-1.735419539634492025e+02,2.848847958138112091e-01,0.000000000000000000e+00,1.174645046257754366e+01,1.000000000000000000e+00
2.020000000000000000e+02,5.633065614539233223e+01,5.846221495206480157e+00,-9.234134248298664360e-03,2.477978346585594807e+02,5.323898632384482799e-02,0.000000000000000000e+00,8.748602868449482983e+00,1.000000000000000000e+00
2.020000000000000000e+02,1.114796939997561225e+02,9.907008875977314943e+00,-8.397615109848301229e-03,2.261170909043235326e+02,1.016190051925794924e-01,0.000000000000000000e+00,8.644310994918912527e+00,1.000000000000000000e+00
2.020000000000000000e+02,1.603163893295914377e+01,3.427483511643770697e+01,-8.227071348828248268e-03,2.216969701783243636e+02,1.618443082482214912e-01,0.000000000000000000e+00,6.326944809660698610e+00,1.000000000000000000e+00
2.020000000000000000e+02,1.282410745938952061e+02,1.233484534235855534e+01,-7.877493587425180716e-03,2.126366803190875601e+02,3.076753945130398238e-01,0.000000000000000000e+00,3.066974944547057991e+00,1.000000000000000000e+00
2.030000000000000000e+02,5.641767726437540631e+01,2.739071932808490217e+01,-9.403124026375374658e-03,2.521776795505168138e+02,9.450536678774579258e-02,0.000000000000000000e+00,6.573874599593211521e+00,1.000000000000000000e+00
2.030000000000000000e+02,8.512949602323952547e+01,3.332668925403133642e+01,-2.045644698862725958e-02,5.386555994954592279e+02,3.273669962053882276e-02,0.000000000000000000e+00,8.215172396134869715e+00,1.000000000000000000e+00
2.030000000000000000e+02,3.848787864996949537e+01,5.322756383533531732e+01,-1.125451139080948654e-01,2.925392134715366865e+03,8.647877507960810561e-03,0.000000000000000000e+00,1.502181488961106837e+01,1.000000000000000000e+00
2.030000000000000000e+02,1.308960083737212017e+02,1.079937735662316989e+01,9.347106955772817652e-03,-2.507258397804826018e+02,1.876136298465099772e-01,0.000000000000000000e+00,3.066974944547057991e+00,1.000000000000000000e+00
2.030000000000000000e+02,1.007333229901692420e+02,2.024417363683245341e+01,3.670754640078822007e-03,-1.036072212593262378e+02,4.146297892020052167e-01,0.000000000000000000e+00,5.985963951302982977e+00,1.000000000000000000e+00
2.040000000000000000e+02,5.311457091412641773e+00,4.980715391925163971e+01,-8.439750946500032200e-03,2.272091594958549194e+02,2.923473932394842212e-01,0.000000000000000000e+00,1.145252153017660746e+01,1.000000000000000000e+00
2.050000000000000000e+02,2.741845737236572589e+01,8.265758655156021817e+00,-7.272833957242823451e-03,1.969652271532941086e+02,9.276726149983915981e-02,0.000000000000000000e+00,1.090833834665554569e+01,1.000000000000000000e+00
2.050000000000000000e+02,3.204447204393379423e+01,3.281667967416350251e+01,-7.571079278136565519e-03,2.046950925932834195e+02,6.826801368030877004e-02,0.000000000000000000e+00,7.332723879139871670e+00,1.000000000000000000e+00
2.050000000000000000e+02,1.042152992596214887e+02,3.555873112167567740e+01,-5.917872605658855423e-02,1.542252255523788335e+03,2.400668867551558616e-02,0.000000000000000000e+00,6.504183329583004713e+00,1.000000000000000000e+00
2.050000000000000000e+02,7.692476161878651908e+01,4.218485001436715010e+01,-1.773277041775112722e-02,4.680638687288768551e+02,3.753785572803525206e-02,0.000000000000000000e+00,4.873786818137307186e+00,1.000000000000000000e+00
2.050000000000000000e+02,3.704072230224500117e+01,1.340422760070110719e+01,-6.522976584875631208e-03,1.775305665517035152e+02,2.640395215163247045e-01,0.000000000000000000e+00,5.323322182298137584e+00,1.000000000000000000e+00
2.050000000000000000e+02,9.032058161894894965e+00,2.230058834887491415e+01,-3.422354035054591889e-03,9.716922167463764026e+01,3.981277897490772544e-01,0.000000000000000000e+00,3.005492542010752111e+00,1.000000000000000000e+00
2.050000000000000000e+02,1.255107922215881331e+02,3.589494746676654557e+01,-7.356052737084200176e-03,1.991220756440810362e+02,2.281818828543359379e-01,0.000000000000000000e+00,5.377376421778150117e+00,1.000000000000000000e+00
2.050000000000000000e+02,1.616685913534228547e+01,4.615742846878185901e+01,-8.371980786574728314e-03,2.254527053945823809e+02,2.509268272515520204e-01,0.000000000000000000e+00,1.145252153017660746e+01,1.000000000000000000e+00
2.050000000000000000e+02,6.392593097486643927e+01,5.326394149329447458e+01,-6.253302782146777546e-03,1.705412122793964613e+02,3.783574823928338438e-01,0.000000000000000000e+00,3.911080001167002163e+00,1.000000000000000000e+00
2.060000000000000000e+02,5.425237193061722252e+01,1.434438523053537295e+01,-6.780633882283814036e-03,1.842084793270933289e+02,1.317775995049200732e-01,0.000000000000000000e+00,4.686128918168622093e+00,1.000000000000000000e+00
2.060000000000000000e+02,7.658149115976594601e+01,2.054016352032478920e+01,-1.274386374346898887e-02,3.387623354498189201e+02,1.840301578510163960e-01,0.000000000000000000e+00,9.492707796350570604e+00,1.000000000000000000e+00
2.060000000000000000e+02,2.636811069831714249e+01,2.415579590837215918e+01,3.226314116921120013e-03,-9.208829640312886511e+01,4.309679329664158898e-01,0.000000000000000000e+00,5.356039894143354019e+00,1.000000000000000000e+00
2.060000000000000000e+02,4.181489626236304247e+01,3.161003519025073061e+01,-6.012049450907739311e-03,1.642884543758069640e+02,2.341570483800737845e-01,0.000000000000000000e+00,9.040414777452355111e+00,1.000000000000000000e+00
2.060000000000000000e+02,1.085012941411113019e+02,5.270945334383923608e+01,-3.261813665591380834e-02,8.538599566646579433e+02,3.001423552320148236e-02,0.000000000000000000e+00,1.399806052980882853e+01,1.000000000000000000e+00
2.070000000000000000e+02,1.070444457522200992e+02,1.732675857253747864e+01,-7.338315772418300964e-03,1.986623723710493437e+02,1.144763929267520464e-01,0.000000000000000000e+00,6.952811026847464326e+00,1.000000000000000000e+00
2.070000000000000000e+02,1.029781134652717611e+02,2.917329675155764335e+01,-3.913383218204810610e-02,1.022732512700172606e+03,6.242275992127810369e-02,0.000000000000000000e+00,6.504183329583004713e+00,1.000000000000000000e+00
2.070000000000000000e+02,6.810104084573647754e+01,3.127337886496920305e+01,4.237953172671294830e-03,-1.183077648305068834e+02,2.669190461580394080e-01,0.000000000000000000e+00,5.879246176352941333e+00,1.000000000000000000e+00
2.080000000000000000e+02,1.373922256080941509e+02,2.357087961963483735e+01,-4.547674470484166370e-02,1.187126911753579634e+03,2.578085196597679207e-02,0.000000000000000000e+00,1.109695487708295580e+01,1.000000000000000000e+00
2.080000000000000000e+02,8.150144022291181045e+01,5.793129724211650178e+00,-6.688298095867417810e-03,1.818153379958044411e+02,3.378055601364799987e-01,0.000000000000000000e+00,1.490366113830612349e+01,1.000000000000000000e+00
2.080000000000000000e+02,6.022513481894680609e+01,1.972209721880393474e+01,4.720804312018701994e-03,-1.308222087235956224e+02,2.999836843577623480e-01,0.000000000000000000e+00,6.585508480013779753e+00,1.000000000000000000e+00
2.080000000000000000e+02,7.800810771787968001e+00,2.504230592813743428e+01,3.485786822079105143e-03,-9.881326057091820303e+01,4.831438270004585478e-01,0.000000000000000000e+00,3.005492542010752111e+00,1.000000000000000000e+00
2.080000000000000000e+02,6.842910030018536816e+01,2.540329261377089765e+01,3.684209630947322955e-03,-1.039559451507795274e+02,2.467524190683716423e-01,0.000000000000000000e+00,5.879246176352941333e+00,1.000000000000000000e+00
2.090000000000000000e+02,2.492874089672335458e+01,2.982185321602542061e+01,8.341806651426640282e-03,-2.246706579050733410e+02,2.017198367807981896e-01,0.000000000000000000e+00,4.019297604456044226e+00,1.000000000000000000e+00
2.090000000000000000e+02,3.035157770118623333e+01,4.152270454307812741e+01,-5.853133023425305913e-03,1.601696886665515080e+02,2.659865302131657616e-01,0.000000000000000000e+00,6.249169006960870298e+00,1.000000000000000000e+00
2.090000000000000000e+02,9.490795348389360697e+01,4.279869924451094221e+01,-3.474492421943108089e-02,9.089816317882331305e+02,1.207042365540600404e-02,0.000000000000000000e+00,6.424954035956044862e+00,1.000000000000000000e+00
2.090000000000000000e+02,5.220915373907477885e+01,1.856161935486926495e+01,-6.077889246108770897e-03,1.659948776517038880e+02,2.299642377224591083e-01,0.000000000000000000e+00,4.686128918168622093e+00,1.000000000000000000e+00
2.090000000000000000e+02,9.399901007548390908e+01,2.400263806249747134e+01,-5.492047591864265138e-02,1.431887739233975708e+03,1.409217653732763864e-02,0.000000000000000000e+00,1.036146751011907341e+01,1.000000000000000000e+00
2.090000000000000000e+02,1.303426370819932458e+02,3.214092682817935298e+01,-8.443879685858111245e-03,2.273161673764114425e+02,3.079992856841738957e-01,0.000000000000000000e+00,6.118774036517601544e+00,1.000000000000000000e+00
2.090000000000000000e+02,5.352358309045726514e+01,3.889701204290495440e+01,-3.074684257133667494e-03,8.815838256800439865e+01,3.479551573365503581e-01,0.000000000000000000e+00,7.341124924372391725e+00,1.000000000000000000e+00
2.090000000000000000e+02,8.314429329228583754e+01,4.438924736322241671e+01,3.448198125710779001e-03,-9.783904389546096070e+01,2.962973942353159806e-01,0.000000000000000000e+00,5.577446202136448150e+00,1.000000000000000000e+00
2.100000000000000000e+02,2.478329547314799797e+01,3.383851835789959495e+01,-6.809521707408037333e-03,1.849571884783217115e+02,3.213693479332800917e-01,0.000000000000000000e+00,4.019297604456044226e+00,1.000000000000000000e+00
2.100000000000000000e+02,1.246197437364816949e+02,4.261020264275522607e+01,-7.977754819228752639e-03,2.152352318348892197e+02,1.819722010875306495e-01,0.000000000000000000e+00,6.774113925928117119e+00,1.000000000000000000e+00
2.100000000000000000e+02,1.438802776046185272e+02,4.639046218537071553e+01,-9.034296504170556685e-03,2.426184780560408853e+02,1.436293080581640957e-01,0.000000000000000000e+00,1.074557104367181815e+01,1.000000000000000000e+00
2.100000000000000000e+02,6.181306155311178685e+01,1.333089931643402437e+01,-7.634038924494688377e-03,2.063268687198600730e+02,1.399776470655357263e-01,0.000000000000000000e+00,5.991834403506362428e+00,1.000000000000000000e+00
2.100000000000000000e+02,3.500434025596111809e+01,1.832265287899090467e+01,5.023815243564866244e-03,-1.386755883530857716e+02,3.369261951583188974e-01,0.000000000000000000e+00,4.091499900546074819e+00,1.000000000000000000e+00
2.100000000000000000e+02,1.207484133123473669e+02,3.339776419229222171e+01,4.941952767453267927e-03,-1.365538922841223268e+02,3.960017510048186029e-01,0.000000000000000000e+00,3.752011678613024426e+00,1.000000000000000000e+00
2.110000000000000000e+02,9.530428408056728529e+01,1.141457231189665755e+01,-3.721949687854876621e-02,9.731171348001014394e+02,2.890876450554236143e-02,0.000000000000000000e+00,1.103601892118518890e+01,1.000000000000000000e+00
2.110000000000000000e+02,3.376528637924536014e+01,1.076006382803601547e+01,-9.133270784626085215e-03,2.451836746118439123e+02,9.832220329665575242e-02,0.000000000000000000e+00,3.425689234570631569e+00,1.000000000000000000e+00
2.110000000000000000e+02,5.737786618173272757e+01,3.264908302541847007e+01,-8.642835276695449293e-03,2.324726604979049114e+02,1.784238040107565260e-01,0.000000000000000000e+00,6.446928988051825904e+00,1.000000000000000000e+00
2.110000000000000000e+02,8.301095718629271403e+01,3.394567002298024505e+01,-7.478751882084537853e-03,2.023021687218606530e+02,8.699616425915579487e-02,0.000000000000000000e+00,7.498575382563852365e+00,1.000000000000000000e+00
2.110000000000000000e+02,3.566928436107352240e+01,3.824031072804759646e+01,-8.838075883372523492e-03,2.375328693672784084e+02,1.930995178209495844e-01,0.000000000000000000e+00,6.249169006960870298e+00,1.000000000000000000e+00
2.110000000000000000e+02,2.416924150902456248e+01,1.006315941451822837e+01,-9.033171370715785756e-03,2.425893170613894085e+02,2.019957462841063256e-01,0.000000000000000000e+00,5.966543409199744907e+00,1.000000000000000000e+00
2.110000000000000000e+02,1.199874934093228376e+02,3.707180727010577215e+01,-7.137477905520633881e-03,1.934570947770160956e+02,3.110923833597751820e-01,0.000000000000000000e+00,3.752011678613024426e+00,1.000000000000000000e+00
2.110000000000000000e+02,6.932134247996256704e+01,4.896171957857288959e+01,-7.624727596166322452e-03,2.060855394851544133e+02,1.373242279398667609e-01,0.000000000000000000e+00,7.960085148082778339e+00,1.000000000000000000e+00
2.120000000000000000e+02,1.118980442492533314e+02,1.180432343584782551e+01,-1.136212458809905332e-02,3.029506831088276044e+02,8.794020878111796780e-02,0.000000000000000000e+00,6.542542507619696579e+00,1.000000000000000000e+00
2.120000000000000000e+02,4.727037520648965341e+01,2.630224311199142662e+01,-6.897450921290804345e-03,1.872361211017105802e+02,1.331946241419975641e-01,0.000000000000000000e+00,9.181981787351121582e+00,1.000000000000000000e+00
2.120000000000000000e+02,3.013484311728162623e+01,2.490479385994848371e+01,5.113873625828048788e-03,-1.410097043571572613e+02,4.503015916592092438e-01,0.000000000000000000e+00,4.865032464217398989e+00,1.000000000000000000e+00
2.120000000000000000e+02,1.055414606043350467e+01,3.702046625990202955e+01,5.231723254532407059e-03,-1.440641085949422404e+02,1.897039278141188223e-01,0.000000000000000000e+00,6.181611398685174841e+00,1.000000000000000000e+00
2.120000000000000000e+02,1.840059348125990013e+01,4.924662879920228420e+01,-8.173507321377922533e-03,2.203087079136418538e+02,1.549081266460888839e-01,0.000000000000000000e+00,6.670810545360942534e+00,1.000000000000000000e+00
2.120000000000000000e+02,7.682119849727575911e+01,5.162913692205312088e+01,3.491374370914699776e-03,-9.895807759775063062e+01,2.855230828699333312e-01,0.000000000000000000e+00,7.960085148082778339e+00,1.000000000000000000e+00
2.130000000000000000e+02,2.743078510668438241e+01,5.066963500182087188e+00,-9.002042610560654148e-03,2.417825277827116679e+02,2.409615751120330884e-01,0.000000000000000000e+00,5.793209934260809213e+00,1.000000000000000000e+00
2.130000000000000000e+02,7.709837178824234627e+01,2.205708479928792443e+01,-8.512972600345560317e-03,2.291069043785686290e+02,2.540457637341138053e-01,0.000000000000000000e+00,8.402229540630418825e+00,1.000000000000000000e+00
2.130000000000000000e+02,1.357322802928225371e+02,5.339599120619159578e+01,-9.737245177900699655e-03,2.608373679379339478e+02,1.244294583865319659e-01,0.000000000000000000e+00,1.074557104367181815e+01,1.000000000000000000e+00
2.130000000000000000e+02,3.662126745211137546e+01,2.208109908434202140e+01,-6.620412470367404746e-03,1.800558912797516200e+02,2.567102623478517698e-01,0.000000000000000000e+00,4.091499900546074819e+00,1.000000000000000000e+00
2.140000000000000000e+02,1.144546501148119972e+02,5.781979298204937834e+00,-7.953993152687990204e-03,2.146193814857887503e+02,1.860263336656671207e-01,0.000000000000000000e+00,6.542542507619696579e+00,1.000000000000000000e+00
2.140000000000000000e+02,8.848304300066669725e+01,4.277504239204014169e+01,2.861049282159154172e-03,-8.262143196344884188e+01,3.596036507558277862e-01,0.000000000000000000e+00,5.250245668025150358e+00,1.000000000000000000e+00
2.150000000000000000e+02,3.041818501399631103e+01,1.003050287609226565e+01,5.511497436802937321e-03,-1.513152425810634725e+02,3.667197291322420449e-01,0.000000000000000000e+00,3.425689234570631569e+00,1.000000000000000000e+00
2.150000000000000000e+02,7.813027292496268217e+01,1.371846133390242173e+01,-3.327382510965114920e-02,8.708539651632859204e+02,1.924644800439170300e-01,0.000000000000000000e+00,3.635827134411932171e+00,1.000000000000000000e+00
2.150000000000000000e+02,1.178737959957438974e+01,2.383964320103461532e+01,-9.131690203021273003e-03,2.451427093987585693e+02,1.356117133382528372e-01,0.000000000000000000e+00,8.664979351881024527e+00,1.000000000000000000e+00
2.150000000000000000e+02,5.937594417796199053e+01,3.877856731840490312e+01,-2.755411040869886266e-02,7.226114885973526043e+02,3.836197304469157743e-02,0.000000000000000000e+00,6.446928988051825904e+00,1.000000000000000000e+00
2.150000000000000000e+02,2.449354544571641057e+01,5.196244353716294029e+01,-7.732395325546322085e-03,2.088760511949193130e+02,1.836808128511340232e-01,0.000000000000000000e+00,6.670810545360942534e+00,1.000000000000000000e+00
2.150000000000000000e+02,6.926313115492781947e+00,4.202557840729265592e+01,4.819299431012012518e-03,-1.333749864638548956e+02,2.110770247100818287e-01,0.000000000000000000e+00,6.181611398685174841e+00,1.000000000000000000e+00
2.160000000000000000e+02,1.334217157377017315e+02,2.698150322289907876e+01,-6.973912972068123384e-02,1.815954786952569748e+03,5.755063927746828512e-03,0.000000000000000000e+00,1.286671753268912965e+01,1.000000000000000000e+00
2.160000000000000000e+02,2.778206832249477998e+01,2.916307891885481851e+01,-8.198591308554291357e-03,2.209588299172015695e+02,1.692184755931672724e-01,0.000000000000000000e+00,4.865032464217398989e+00,1.000000000000000000e+00
2.160000000000000000e+02,1.433099164417862426e+02,4.046506912046861260e+01,-1.853891908261549523e-02,4.889574763313535755e+02,4.230116162431096782e-02,0.000000000000000000e+00,1.498763875976198889e+01,1.000000000000000000e+00
2.160000000000000000e+02,2.109276266324230420e+01,4.119259290286375119e+01,-8.461561891149575396e-03,2.277744514064029033e+02,1.022915396455780224e-01,0.000000000000000000e+00,8.492070956128749515e+00,1.000000000000000000e+00
2.160000000000000000e+02,9.866695039434053172e+01,2.192581338471827479e+01,-7.418111110159890560e-03,2.007304927413291580e+02,3.685907739479830081e-01,0.000000000000000000e+00,1.103601892118518890e+01,1.000000000000000000e+00
2.160000000000000000e+02,3.546340223564023120e+01,4.807023240077303683e+01,-9.360762967566077508e-03,2.510797736939886988e+02,2.396377904103176304e-01,0.000000000000000000e+00,9.832077478411683558e+00,1.000000000000000000e+00
2.160000000000000000e+02,1.231603840125976461e+02,5.317682152905670279e+01,4.483751872415700675e-03,-1.246783287295647114e+02,2.189937971995320476e-01,0.000000000000000000e+00,1.257380656078770187e+01,1.000000000000000000e+00
2.170000000000000000e+02,5.247141559931660737e+01,4.872825121840320151e+01,-3.620752690853942801e-02,9.468890897999616527e+02,1.719840331068867023e-02,0.000000000000000000e+00,1.211068638035087552e+01,1.000000000000000000e+00
2.170000000000000000e+02,8.861757211199611106e+01,5.247534988652416388e+01,-9.232551811017555496e-03,2.477568213504092114e+02,1.450157967239704693e-01,0.000000000000000000e+00,9.701240310874583272e+00,1.000000000000000000e+00
2.170000000000000000e+02,3.138816435686637618e+01,1.934286226101190920e+01,-4.545178101963530913e-03,1.262703620512200473e+02,2.568961298698756446e-01,0.000000000000000000e+00,3.960067090013295488e+00,1.000000000000000000e+00
2.180000000000000000e+02,3.839989743532976263e+01,9.000835931377562105e+00,-8.228991845710936781e-03,2.217467452508606698e+02,9.871505546642966866e-02,0.000000000000000000e+00,7.704410791002112902e+00,1.000000000000000000e+00
2.180000000000000000e+02,2.219654646417602351e+01,1.188765182875907378e+01,-4.111624638682042504e-03,1.150336059399607223e+02,2.734170538416261786e-01,0.000000000000000000e+00,8.428780616215044930e+00,1.000000000000000000e+00
2.180000000000000000e+02,5.406329674593095547e+01,1.411103771718138944e+01,3.301388186115248799e-03,-9.403405183414136559e+01,3.532344918427753333e-01,0.000000000000000000e+00,3.362821243513988811e+00,1.000000000000000000e+00
2.180000000000000000e+02,1.163744244640446226e+02,1.840281385646542844e+01,-2.310303670502452267e-03,6.834731206438878814e+01,4.720014338789914055e-01,0.000000000000000000e+00,7.315147510392113972e+00,1.000000000000000000e+00
2.180000000000000000e+02,1.234236287104247367e+02,3.508031028696754561e+01,3.534768288234043602e-03,-1.000827528844823036e+02,3.137717942873998744e-01,0.000000000000000000e+00,1.286671753268912965e+01,1.000000000000000000e+00
2.190000000000000000e+02,5.011252832241348187e+01,2.077821368289182757e+01,-8.335656629832936121e-03,2.245112628163929571e+02,6.632770419828104558e-02,0.000000000000000000e+00,7.749826223471701248e+00,1.000000000000000000e+00
2.190000000000000000e+02,6.894346007238384288e+01,4.030225313713717838e+01,-4.860403545233719230e-02,1.268179437900256289e+03,9.775094079984936180e-02,0.000000000000000000e+00,6.914096041494444123e+00,1.000000000000000000e+00
2.190000000000000000e+02,3.017855575187618555e+01,3.489698101488768600e+01,-8.017987179954604027e-03,2.162779664998020053e+02,1.333831193177837937e-01,0.000000000000000000e+00,6.214562353542943285e+00,1.000000000000000000e+00
2.200000000000000000e+02,4.008499035786696396e+01,2.340807407599089274e+01,-8.909508171474346885e-03,2.393842378093481784e+02,6.887788106813452771e-02,0.000000000000000000e+00,8.142065307103800720e+00,1.000000000000000000e+00
2.200000000000000000e+02,7.464898292961547099e+01,5.325716409201122659e+00,-6.085590279417523590e-02,1.585721002868341429e+03,1.794065489817797676e-02,0.000000000000000000e+00,8.157033202325036925e+00,1.000000000000000000e+00
2.200000000000000000e+02,1.280614603167867358e+02,4.621138712914987678e+00,-7.992026908106452179e-03,2.156051331169666412e+02,1.430215725781646130e-01,0.000000000000000000e+00,1.015340604999509289e+01,1.000000000000000000e+00
2.200000000000000000e+02,4.610112213532675440e+01,9.222384473837330177e+00,-7.440675408446420676e-03,2.013153099279994649e+02,9.843911352643419654e-02,0.000000000000000000e+00,7.424270623954264181e+00,1.000000000000000000e+00
2.200000000000000000e+02,6.876466136413915820e+01,2.982827622514134802e+01,-6.539560347871499653e-03,1.779603813634249150e+02,3.290143319686362755e-01,0.000000000000000000e+00,3.358088716186760081e+00,1.000000000000000000e+00
2.200000000000000000e+02,9.254412914633999776e+01,3.953211226235492859e+01,-3.632352051898920381e-02,9.498953901100164785e+02,3.856903878675410624e-02,0.000000000000000000e+00,3.553856273567091772e+00,1.000000000000000000e+00
2.210000000000000000e+02,1.588172408176745876e+01,1.915210881895984585e+01,-1.889146843668158132e-02,4.980947833634290305e+02,8.970698854993564009e-02,0.000000000000000000e+00,7.675391853401681175e+00,1.000000000000000000e+00
2.220000000000000000e+02,5.335043696693597326e+01,1.082464187198559280e+01,7.481147797403073750e-03,-2.023642655988959689e+02,1.385036799237912009e-01,0.000000000000000000e+00,3.362821243513988811e+00,1.000000000000000000e+00
2.220000000000000000e+02,8.247305166167686608e+00,1.836009371531768508e+01,-3.264841766373129811e-02,8.546447740596636322e+02,2.093049352099995986e-02,0.000000000000000000e+00,7.675391853401681175e+00,1.000000000000000000e+00
2.220000000000000000e+02,3.194420520501798322e+01,2.326369762258898177e+01,-7.182516307996283760e-03,1.946243915169132777e+02,3.118003025059352673e-01,0.000000000000000000e+00,3.960067090013295488e+00,1.000000000000000000e+00
2.220000000000000000e+02,2.828323861838820363e+01,2.667218031847065163e+01,-6.622438907845743482e-03,1.801084121004745384e+02,3.519499311939294772e-01,0.000000000000000000e+00,5.002042646414010640e+00,1.000000000000000000e+00
2.230000000000000000e+02,1.195440827757918356e+02,1.181004135276353395e+01,-9.695767673421491414e-03,2.597623618743013481e+02,1.288528523460112929e-01,0.000000000000000000e+00,5.107555335592854462e+00,1.000000000000000000e+00
2.230000000000000000e+02,7.111751280836956823e+01,1.267866883979527870e+01,-8.028657137516612488e-03,2.165545084282975381e+02,3.138973464884430298e-01,0.000000000000000000e+00,5.479543699985490512e+00,1.000000000000000000e+00
2.230000000000000000e+02,2.329301966205791175e+01,4.204026233399748236e+01,-8.976685503017299561e-03,2.411253270974834777e+02,8.148646503918899331e-02,0.000000000000000000e+00,8.074241247085165440e+00,1.000000000000000000e+00
2.230000000000000000e+02,6.206500113624008463e+01,3.960116346042440227e+01,-3.960537361961916254e-03,1.111177546694655405e+02,4.629945418371780308e-01,0.000000000000000000e+00,4.295936932823006593e+00,1.000000000000000000e+00
2.240000000000000000e+02,7.478537526906814037e+01,1.674956359764015446e+01,-6.836914381577711627e-03,1.856671465917919761e+02,4.694301586101683466e-01,0.000000000000000000e+00,5.479543699985490512e+00,1.000000000000000000e+00
2.240000000000000000e+02,6.787179074462933670e+01,3.306548827914661359e+01,-5.940352541832320636e-03,1.624302275377282854e+02,3.522596412578173908e-01,0.000000000000000000e+00,3.358088716186760081e+00,1.000000000000000000e+00
2.240000000000000000e+02,3.323568581311099734e+01,4.766484536242657555e+01,4.238287819338886105e-03,-1.183164381391196400e+02,2.514681342015342436e-01,0.000000000000000000e+00,7.632253099354698200e+00,1.000000000000000000e+00
2.250000000000000000e+02,1.346506505157723268e+02,1.234604822291374049e+01,-8.411379906439232779e-03,2.264738442815026929e+02,1.506567503962376042e-01,0.000000000000000000e+00,4.703483874586477320e+00,1.000000000000000000e+00
2.250000000000000000e+02,1.168256416079406819e+02,1.729568420935056494e+01,-5.315380312994995131e-03,1.462323163075840000e+02,4.467906575338521646e-01,0.000000000000000000e+00,6.122270815072808681e+00,1.000000000000000000e+00
2.250000000000000000e+02,6.400288537268066591e+01,3.576714744364149823e+01,5.396805385073193996e-03,-1.483426758220930424e+02,3.867249320044583438e-01,0.000000000000000000e+00,4.295936932823006593e+00,1.000000000000000000e+00
2.250000000000000000e+02,1.358053419822967953e+02,3.799871565917046468e+01,-4.820997827423978768e-03,1.334190051786797255e+02,2.923937466042270117e-01,0.000000000000000000e+00,1.155230629525948416e+01,1.000000000000000000e+00
2.260000000000000000e+02,5.752498283826164993e+01,8.992851884270880447e+00,-8.669678897228673409e-03,2.331683883437673330e+02,1.251927533185939190e-01,0.000000000000000000e+00,4.558759457450471508e+00,1.000000000000000000e+00
2.260000000000000000e+02,3.533514357692478569e+01,3.886830470073689980e+01,-8.238293248945980848e-03,2.219878172488873815e+02,1.773785030832962795e-01,0.000000000000000000e+00,5.987829002836549286e+00,1.000000000000000000e+00
2.260000000000000000e+02,2.816802205166957052e+01,9.217421776313152293e+00,6.054602770930090673e-03,-1.653913432218477908e+02,3.353964976190042524e-01,0.000000000000000000e+00,9.886212565330030344e+00,1.000000000000000000e+00
2.260000000000000000e+02,6.691585797126290913e+01,2.932320582753350635e+01,4.522657595619648460e-03,-1.256866798557811506e+02,2.351076835245136110e-01,0.000000000000000000e+00,3.862445522573417112e+00,1.000000000000000000e+00
2.260000000000000000e+02,1.511818561641702985e+01,5.278573637800302265e+01,4.343756422822177277e-03,-1.210499533226147975e+02,3.974000199988487747e-01,0.000000000000000000e+00,7.576853989435124781e+00,1.000000000000000000e+00
2.270000000000000000e+02,3.796103743063275715e+01,7.863151244152058794e+00,-2.591121022250397407e-02,6.800311143853984959e+02,3.461123820282729913e-02,0.000000000000000000e+00,9.886212565330030344e+00,1.000000000000000000e+00
2.270000000000000000e+02,1.230609656375677332e+02,8.106170884902919482e+00,7.126626566177349416e-03,-1.931758518300491687e+02,2.151632367126059542e-01,0.000000000000000000e+00,5.107555335592854462e+00,1.000000000000000000e+00
2.270000000000000000e+02,1.220527126363211465e+02,2.208305277430429925e+01,-7.773710104871111443e-03,2.099468397789831613e+02,1.501688675133796558e-01,0.000000000000000000e+00,7.088100543336104842e+00,1.000000000000000000e+00
2.270000000000000000e+02,2.084552332890229209e+01,2.314519962504023454e+01,-7.838068847645379353e-03,2.116148774200806884e+02,1.595557010525894270e-01,0.000000000000000000e+00,6.580642300155651547e+00,1.000000000000000000e+00
2.270000000000000000e+02,2.109910365727436599e+01,3.426979875193971736e+01,-8.140208101944478372e-03,2.194456650846517221e+02,2.021338866088077113e-01,0.000000000000000000e+00,8.074241247085165440e+00,1.000000000000000000e+00
2.270000000000000000e+02,4.086770967921032138e+01,4.772399838347984513e+01,5.875619400051906860e-03,-1.607524862944763129e+02,2.249036273499387395e-01,0.000000000000000000e+00,7.632253099354698200e+00,1.000000000000000000e+00
2.280000000000000000e+02,1.341953171194160461e+02,4.981940573190050259e+01,-7.786707094152806562e-03,2.102836932725147108e+02,2.337770022920079294e-01,0.000000000000000000e+00,5.453694292876434702e+00,1.000000000000000000e+00
2.280000000000000000e+02,4.587986593219448395e+01,1.608720319313760427e+01,-8.336964556559729386e-03,2.245451614122642354e+02,1.512158130164297232e-01,0.000000000000000000e+00,7.998316926171961327e+00,1.000000000000000000e+00
2.290000000000000000e+02,5.124127523959295161e+01,2.369296930977760951e+01,-1.462708968076154199e-02,3.875714267198728180e+02,1.886591121472250832e-01,0.000000000000000000e+00,5.042743189220971978e+00,1.000000000000000000e+00
2.290000000000000000e+02,7.546095450917676750e+00,5.305437536022069622e+01,-7.704266415826163845e-03,2.081470114686333659e+02,1.574932066343305292e-01,0.000000000000000000e+00,7.576853989435124781e+00,1.000000000000000000e+00
2.290000000000000000e+02,1.287759484022503216e+02,4.920848499435877699e+01,-7.691538609380289652e-03,2.078171346045873804e+02,2.290925313857218315e-01,0.000000000000000000e+00,5.453694292876434702e+00,1.000000000000000000e+00
2.300000000000000000e+02,1.094835318595785907e+02,5.157166616833330863e+01,-7.231340375792484967e-03,1.958898044097848299e+02,1.076919649975680571e-01,0.000000000000000000e+00,5.581229984753106166e+00,1.000000000000000000e+00
2.300000000000000000e+02,7.445863738498172779e+01,2.030773109994111891e+01,6.072316145935430752e-03,-1.658504351025486869e+02,2.415723570740974102e-01,0.000000000000000000e+00,8.599039849242862132e+00,1.000000000000000000e+00
2.300000000000000000e+02,8.019491111701498198e+01,2.671387268439364959e+01,-8.196927036135167460e-03,2.209156956215259129e+02,3.015827650287890016e-01,0.000000000000000000e+00,8.599039849242862132e+00,1.000000000000000000e+00
2.300000000000000000e+02,2.934751844874994475e+01,3.881889324801835528e+01,-4.205866337883083436e-03,1.174761443559097103e+02,4.972476196603895504e-01,0.000000000000000000e+00,5.987829002836549286e+00,1.000000000000000000e+00
2.310000000000000000e+02,3.973223648456328760e+01,2.120381592287459682e+01,-8.381934749794784159e-03,2.257106903180509505e+02,1.841327090554705226e-01,0.000000000000000000e+00,7.998316926171961327e+00,1.000000000000000000e+00
2.310000000000000000e+02,1.036495401737986128e+02,3.810863536699316967e+01,-7.545371184833590643e-03,2.040287951259662975e+02,3.316853565559855221e-01,0.000000000000000000e+00,6.396524498012062132e+00,1.000000000000000000e+00
2.310000000000000000e+02,6.012000630730047135e+01,5.284298804632905444e+01,-6.232695643631212812e-02,1.623847491071573586e+03,4.596075324278281471e-02,0.000000000000000000e+00,1.170664638296674553e+01,1.000000000000000000e+00
2.320000000000000000e+02,1.781632789914947423e+01,1.327876183273639299e+01,-3.941649338385407042e-02,1.030058471908914726e+03,1.214516649255381608e-02,0.000000000000000000e+00,9.325376839972188137e+00,1.000000000000000000e+00
2.320000000000000000e+02,1.406385372897312038e+02,1.493377380634497520e+01,-2.608218086511349468e-02,6.844622989471537267e+02,4.502972757123502312e-02,0.000000000000000000e+00,6.186044606892827424e+00,1.000000000000000000e+00
2.320000000000000000e+02,5.542097815875686706e+01,2.087173865987194432e+01,-1.776941446481101333e-02,4.690136021634223766e+02,1.400772060181210144e-01,0.000000000000000000e+00,5.042743189220971978e+00,1.000000000000000000e+00
2.320000000000000000e+02,1.441905438987162569e+01,2.456130345536904258e+01,-3.606320586419572288e-02,9.431486044518844665e+02,1.186910844751365435e-02,0.000000000000000000e+00,6.580642300155651547e+00,1.000000000000000000e+00
2.330000000000000000e+02,5.190400963990225591e+01,3.322229047400288948e+01,-8.357179754516771281e-03,2.250690950638716572e+02,7.065429186752425483e-02,0.000000000000000000e+00,9.552338914438974982e+00,1.000000000000000000e+00
2.330000000000000000e+02,6.617988486611058363e+01,3.286006131617096315e+01,4.762140764756479273e-03,-1.318935590350506004e+02,1.716162872987854193e-01,0.000000000000000000e+00,8.413248608864844158e+00,1.000000000000000000e+00
2.330000000000000000e+02,1.335317815909641865e+02,3.933590807837144609e+01,-3.665528295461998459e-02,9.584939457479864586e+02,1.026768591282567478e-02,0.000000000000000000e+00,3.830660728785147739e+00,1.000000000000000000e+00
2.330000000000000000e+02,2.688490080861170384e+01,1.545215516880269924e+01,-7.720990531846011300e-03,2.085804639233066382e+02,1.454240298715303581e-01,0.000000000000000000e+00,9.325376839972188137e+00,1.000000000000000000e+00
2.340000000000000000e+02,1.426524390713227035e+02,4.180504202936271696e+01,-8.282624308139427752e-03,2.231367812002770279e+02,1.222545986906142801e-01,0.000000000000000000e+00,6.108787929217834645e+00,1.000000000000000000e+00
2.340000000000000000e+02,6.164531406860766793e+01,1.559898062754331249e+01,-7.737226864390529465e-03,2.090012740987418738e+02,1.694141329720199041e-01,0.000000000000000000e+00,8.157471102378744732e+00,1.000000000000000000e+00
2.340000000000000000e+02,2.817822568628529822e+01,2.481569021586912882e+01,-7.098493047989127419e-03,1.924466926623654501e+02,1.312831990427284490e-01,0.000000000000000000e+00,3.381502023306182103e+00,1.000000000000000000e+00
2.340000000000000000e+02,5.442148042336351210e+01,4.261692466465920859e+01,-7.190904917373923920e-03,1.948418058975428835e+02,2.065315495748002439e-01,0.000000000000000000e+00,9.726089179204031154e+00,1.000000000000000000e+00
2.350000000000000000e+02,3.512420068396035333e+01,3.448638082811305594e+01,-1.088807003040932579e-02,2.906642273442431588e+02,2.381433385969163874e-01,0.000000000000000000e+00,3.624126364032657754e+00,1.000000000000000000e+00
2.350000000000000000e+02,3.533801508827532700e+01,3.832384000424519144e+01,1.049843725971338730e-02,-2.805657993807652701e+02,2.860974339233938180e-01,0.000000000000000000e+00,3.843411183827889044e+00,1.000000000000000000e+00
2.350000000000000000e+02,1.224358587830443383e+02,3.184405010165189509e+01,-8.302693784372065441e-03,2.236569380639772362e+02,1.999920960851465646e-01,0.000000000000000000e+00,7.221506911066157386e+00,1.000000000000000000e+00
2.350000000000000000e+02,1.050292288929532987e+02,4.820873393228984582e+01,3.606435841351386413e-03,-1.019402188804290148e+02,2.631325235295055576e-01,0.000000000000000000e+00,5.581229984753106166e+00,1.000000000000000000e+00
2.360000000000000000e+02,7.304914900436375547e+01,2.800249378154263624e+01,-8.504265859769962257e-03,2.288812447341236123e+02,9.331422160209890126e-02,0.000000000000000000e+00,8.413248608864844158e+00,1.000000000000000000e+00
2.360000000000000000e+02,7.041784392891929656e+01,4.042102220041012117e+01,-7.738628724684191995e-03,2.090376072469140070e+02,2.088652357322853259e-01,0.000000000000000000e+00,4.301093871574168226e+00,1.000000000000000000e+00
2.360000000000000000e+02,9.802376373217428807e+01,4.115267299529759271e+01,-7.740850394669837251e-03,2.090951880665883493e+02,1.363997823685769717e-01,0.000000000000000000e+00,5.765216247383621706e+00,1.000000000000000000e+00
2.360000000000000000e+02,3.693978293954590697e+01,4.491328146709283686e+01,5.889363758504830015e-03,-1.611087099598860846e+02,3.851056009621662835e-01,0.000000000000000000e+00,6.781327233046616776e+00,1.000000000000000000e+00
2.360000000000000000e+02,1.412257604567742497e+01,4.614323746582797980e+01,3.224776442841001661e-03,-9.204844325909878933e+01,3.156849217793816775e-01,0.000000000000000000e+00,4.110638334350296574e+00,1.000000000000000000e+00
2.370000000000000000e+02,5.498753232361898569e+01,9.677181969310595377e+00,-7.253134671677574294e-03,1.964546648208256840e+02,2.210810770566671302e-01,0.000000000000000000e+00,8.387004572641304279e+00,1.000000000000000000e+00
2.370000000000000000e+02,1.228268938799299121e+02,1.664433252633062921e+01,4.496221122031414386e-03,-1.250015043669167767e+02,1.785720231182175155e-01,0.000000000000000000e+00,8.069144241742080226e+00,1.000000000000000000e+00
2.370000000000000000e+02,1.344541769195156178e+02,1.478943154027305873e+01,-6.131077227229806553e-03,1.673733936192243732e+02,1.643242242630102989e-01,0.000000000000000000e+00,6.186044606892827424e+00,1.000000000000000000e+00
2.370000000000000000e+02,1.369269860757718220e+02,3.204450713341281443e+01,8.380712660078738427e-03,-2.256790164294805834e+02,2.826504291468976415e-01,0.000000000000000000e+00,3.645337987813310754e+00,1.000000000000000000e+00
2.370000000000000000e+02,7.540691373835281297e+01,4.627153644548876343e+01,-8.117263788604106925e-03,2.188509987401721446e+02,1.809968763530873659e-01,0.000000000000000000e+00,7.562659329357563465e+00,1.000000000000000000e+00
2.380000000000000000e+02,1.373265798845869483e+02,3.881296684861944613e+01,3.776278982867210463e-03,-1.063421810835179571e+02,4.918099402778586260e-01,0.000000000000000000e+00,3.830660728785147739e+00,1.000000000000000000e+00
2.390000000000000000e+02,2.474097099832047775e+01,1.576071574606208436e+01,-4.948070368490560533e-02,1.290900758231318605e+03,1.515622953362638636e-02,0.000000000000000000e+00,6.417623191673295757e+00,1.000000000000000000e+00
2.390000000000000000e+02,2.701665826765772849e+01,2.799142903787680225e+01,-1.224882489714064319e-02,3.259320128877795355e+02,7.025338371461820053e-02,0.000000000000000000e+00,3.381502023306182103e+00,1.000000000000000000e+00
2.390000000000000000e+02,4.383739901877984124e+01,4.039451117413295123e+01,-4.665332115061750218e-02,1.217621196050996787e+03,1.431130341769826231e-02,0.000000000000000000e+00,8.039896183186233003e+00,1.000000000000000000e+00
2.400000000000000000e+02,1.356283125838818648e+01,1.111833880013131015e+01,-7.823879877281140691e-03,2.112471303878091078e+02,1.644064284900405015e-01,0.000000000000000000e+00,1.026347543033680587e+01,1.000000000000000000e+00
2.400000000000000000e+02,4.698686930060042499e+01,1.219337689292236782e+01,-2.198683356474922038e-02,5.783198673845214444e+02,2.026268284293564204e-02,0.000000000000000000e+00,8.387004572641304279e+00,1.000000000000000000e+00
2.400000000000000000e+02,1.110652209135242572e+02,1.832025949949230181e+01,-7.646091106645289646e-03,2.066392348820624534e+02,6.223251659624717824e-02,0.000000000000000000e+00,6.682853481822549568e+00,1.000000000000000000e+00
2.400000000000000000e+02,1.398974269857558284e+02,2.825497829366020142e+01,-8.326796821968950393e-03,2.242816360031120553e+02,1.834742019152822978e-01,0.000000000000000000e+00,4.814981622708792486e+00,1.000000000000000000e+00
2.400000000000000000e+02,1.021718877597772916e+02,3.714882666573913639e+01,-6.116796776406296758e-03,1.670032756138275829e+02,1.761265128868191310e-01,0.000000000000000000e+00,5.765216247383621706e+00,1.000000000000000000e+00
2.400000000000000000e+02,1.234281620046594696e+02,2.469104399352165657e+01,3.501584580351883597e-03,-9.922270386188456825e+01,2.437635465774432575e-01,0.000000000000000000e+00,7.221506911066157386e+00,1.000000000000000000e+00
2.400000000000000000e+02,1.189931491673499835e+02,4.953833303324229576e+01,-5.226110238539372239e-03,1.439186315151723079e+02,3.000441721607909340e-01,0.000000000000000000e+00,8.713346229611913074e+00,1.000000000000000000e+00
2.400000000000000000e+02,1.320695430991934245e+02,5.170324886589067148e+01,-7.129287040776319598e-03,1.932448055041417661e+02,3.314500070358608053e-01,0.000000000000000000e+00,3.914956037053044291e+00,1.000000000000000000e+00
2.410000000000000000e+02,7.785645673041105397e+01,1.853354163501603580e+01,3.847901940060038418e-03,-1.081984912507843291e+02,3.680367599626442887e-01,0.000000000000000000e+00,5.821824986401611390e+00,1.000000000000000000e+00
2.410000000000000000e+02,9.286624250379773571e+00,2.846838727676214376e+01,-2.647252235113535523e-02,6.945790952595070848e+02,1.944975027652384725e-02,0.000000000000000000e+00,1.016694067925723566e+01,1.000000000000000000e+00
2.410000000000000000e+02,9.058680981222480000e+01,4.347159778723001011e+01,-3.675613484370478246e-02,9.611078058067399752e+02,1.529587662247616775e-01,0.000000000000000000e+00,3.805126726503146539e+00,1.000000000000000000e+00
2.410000000000000000e+02,1.046012799723517972e+01,4.800973734750270694e+01,6.449084388286278023e-03,-1.756154426698289797e+02,1.797022489466812978e-01,0.000000000000000000e+00,4.110638334350296574e+00,1.000000000000000000e+00
2.420000000000000000e+02,1.446155680598984929e+02,1.325982452680938195e+01,-6.619608942164081911e-03,1.800350655887724542e+02,3.729535968611956687e-01,0.000000000000000000e+00,1.027587307840500941e+01,1.000000000000000000e+00
2.420000000000000000e+02,3.440441863312787518e+01,3.311886000370552807e+01,-7.607421841381367851e-03,2.056370122277131713e+02,2.585681144630359585e-01,0.000000000000000000e+00,4.355682774062490381e+00,1.000000000000000000e+00
2.420000000000000000e+02,1.344574401499894236e+02,3.472589333570564207e+01,-1.245328204301278038e-02,3.312310942651499204e+02,1.635196592876677624e-01,0.000000000000000000e+00,3.645337987813310754e+00,1.000000000000000000e+00
2.430000000000000000e+02,8.306332381906804585e+01,1.394618296023404724e+01,5.639119466398631250e-03,-1.546229260444513613e+02,1.902087903036239203e-01,0.000000000000000000e+00,6.939403756090064768e+00,1.000000000000000000e+00
2.430000000000000000e+02,2.341779966640763178e+01,5.005971452060123994e+01,-6.930250462220199394e-03,1.880862133583732430e+02,2.072308472838531035e-01,0.000000000000000000e+00,4.883227366488929633e+00,1.000000000000000000e+00
2.440000000000000000e+02,1.087038176116675743e+02,2.457200366456240914e+01,2.971039199728838474e-03,-8.547212970456138237e+01,1.766066210047639862e-01,0.000000000000000000e+00,6.221422916242599577e+00,1.000000000000000000e+00
2.440000000000000000e+02,2.984716936927955899e+01,1.964821180737427042e+01,-2.686039509284538981e-02,7.046319071268438847e+02,9.551597770000097576e-02,0.000000000000000000e+00,6.417623191673295757e+00,1.000000000000000000e+00
2.440000000000000000e+02,7.290777419766442335e+01,4.464965275790429189e+01,-4.018789580042670187e-03,1.126275245662598792e+02,4.182827211029903625e-01,0.000000000000000000e+00,6.057191588636548829e+00,1.000000000000000000e+00
2.440000000000000000e+02,1.113954806198934051e+02,4.527244096239929405e+01,-7.160096424243348259e-03,1.940433172386276510e+02,1.838502301714007858e-01,0.000000000000000000e+00,8.713346229611913074e+00,1.000000000000000000e+00
2.450000000000000000e+02,1.218538619234937812e+02,9.678935942427479233e+00,-7.977223199551677565e-03,2.152214534173210154e+02,8.399547442764687677e-02,0.000000000000000000e+00,8.397239229112592795e+00,1.000000000000000000e+00
2.450000000000000000e+02,7.534284204609365077e+01,3.285065955520584424e+01,-3.485043334020427458e-02,9.117161970911331537e+02,1.362933896520079902e-02,0.000000000000000000e+00,3.881632205877227459e+00,1.000000000000000000e+00
2.450000000000000000e+02,4.325713493764302342e+01,5.072895635547232729e+01,-8.267983202782687793e-03,2.227573158193578422e+02,8.108066207330377750e-02,0.000000000000000000e+00,9.689591956850788890e+00,1.000000000000000000e+00
2.450000000000000000e+02,7.402812779581601887e+01,9.372225738279709617e+00,4.942796650033948712e-03,-1.365757638721702563e+02,3.593313061510912121e-01,0.000000000000000000e+00,4.168029941330391175e+00,1.000000000000000000e+00
2.450000000000000000e+02,5.790077216195411935e+00,1.782081763327231272e+01,-4.000927506431660972e-03,1.121645787434099901e+02,3.107818937123760783e-01,0.000000000000000000e+00,1.026347543033680587e+01,1.000000000000000000e+00
2.450000000000000000e+02,3.759917342251956285e+01,4.286284780145088291e+01,3.274363625741631006e-03,-9.333363442394716003e+01,4.219073577119156759e-01,0.000000000000000000e+00,6.526815047127592528e+00,1.000000000000000000e+00
2.460000000000000000e+02,1.706250143091157412e+01,2.191839362418350845e+01,-9.100512489063430216e-03,2.443346513447431505e+02,1.319935107498558802e-01,0.000000000000000000e+00,1.016694067925723566e+01,1.000000000000000000e+00
2.460000000000000000e+02,1.427253898204949394e+02,2.657897718123999908e+01,-1.087337396738080608e-02,2.902833375808509686e+02,1.636444735135432760e-01,0.000000000000000000e+00,1.160737845432402260e+01,1.000000000000000000e+00
2.460000000000000000e+02,2.677658320161704353e+01,2.898586969949937853e+01,7.027072857098744067e-03,-1.905956377535184458e+02,1.199167150163717999e-01,0.000000000000000000e+00,8.675568121159217938e+00,1.000000000000000000e+00
2.460000000000000000e+02,7.512084147453224148e+01,1.339447018736197315e+01,-3.969237557937173484e-03,1.113432446922050190e+02,3.642992165555291040e-01,0.000000000000000000e+00,4.168029941330391175e+00,1.000000000000000000e+00
2.460000000000000000e+02,5.519721566557205250e+01,2.087497949891023907e+01,1.118458568871977081e-02,-2.983492637187322885e+02,1.677044295968713739e-01,0.000000000000000000e+00,1.032857005466160238e+01,1.000000000000000000e+00
2.470000000000000000e+02,3.395091301119747840e+01,3.745086936186049797e+01,-7.842730811800030857e-03,2.117357053193869376e+02,1.091886156773217431e-01,0.000000000000000000e+00,4.355682774062490381e+00,1.000000000000000000e+00
2.470000000000000000e+02,2.714679476669125080e+01,4.690685787069037360e+01,-5.213834521083803367e-03,1.436004718074977120e+02,3.662509936075493133e-01,0.000000000000000000e+00,4.883227366488929633e+00,1.000000000000000000e+00
2.470000000000000000e+02,1.302028906879243380e+02,4.610684765924202821e+01,-7.337414262714862453e-03,1.986390072142061740e+02,1.796452390259596354e-01,0.000000000000000000e+00,1.107876351492657108e+01,1.000000000000000000e+00
2.470000000000000000e+02,1.705129789279058983e+01,5.074149465449530538e+01,-1.054967565447785527e-02,2.818937863403041888e+02,1.703490116913513042e-01,0.000000000000000000e+00,6.402903168441762105e+00,1.000000000000000000e+00
2.470000000000000000e+02,5.061173102728837137e+01,3.835553545287512378e+01,-6.884336676433758413e-03,1.868962286005029796e+02,3.038234385064444432e-01,0.000000000000000000e+00,6.685309760784282851e+00,1.000000000000000000e+00
2.480000000000000000e+02,1.232139178590886530e+02,2.109897250697652282e+01,-8.947943296738737617e-03,2.403803920677706287e+02,7.111649590732438408e-02,0.000000000000000000e+00,3.301994671334954834e+00,1.000000000000000000e+00
2.480000000000000000e+02,1.770977183232318097e+01,6.998284358410051809e+00,-6.832518861781003428e-03,1.855532243466229829e+02,3.056359679102682581e-01,0.000000000000000000e+00,1.093740789358622045e+01,1.000000000000000000e+00
2.480000000000000000e+02,3.716245862748948525e+01,1.090384159207826187e+01,-1.113450807704095477e-02,2.970513617141901932e+02,9.644858294619107486e-02,0.000000000000000000e+00,5.996423157503366852e+00,1.000000000000000000e+00
2.490000000000000000e+02,1.033621631304206971e+02,2.776149116347563250e+01,-5.185073103506716331e-03,1.428550388630075645e+02,1.646804334799129022e-01,0.000000000000000000e+00,6.221422916242599577e+00,1.000000000000000000e+00
2.500000000000000000e+02,2.826088908792307919e+01,3.866712882154266850e+01,-7.315621921688372775e-03,1.980741974688182836e+02,1.313250096780043119e-01,0.000000000000000000e+00,5.818561619567274690e+00,1.000000000000000000e+00
2.510000000000000000e+02,9.933196094201832693e+01,5.931851108776914572e+00,-3.397494986678246086e-03,9.652492959206780654e+01,3.057909248418662074e-01,0.000000000000000000e+00,5.429331728049280770e+00,1.000000000000000000e+00
2.510000000000000000e+02,4.247749401572174577e+01,4.607802756310055514e+01,-5.683761801687902543e-03,1.557799575904245444e+02,1.421698812825367142e-01,0.000000000000000000e+00,1.121618010522452202e+01,1.000000000000000000e+00
2.520000000000000000e+02,7.815841914056788653e+01,3.696959041549699521e+01,-2.647748004272138314e-02,6.947075877660722654e+02,1.421712692361731811e-02,0.000000000000000000e+00,8.478332469626948864e+00,1.000000000000000000e+00
2.520000000000000000e+02,1.441537487248316154e+02,1.669648645923329511e+01,3.774314015095430949e-03,-1.062912534229456014e+02,3.903179919830147560e-01,0.000000000000000000e+00,1.001161079016630495e+01,1.000000000000000000e+00
2.520000000000000000e+02,6.222334289815043995e+00,2.760821309797662693e+01,4.185863531502955100e-03,-1.169577154287526639e+02,3.965205494759135307e-01,0.000000000000000000e+00,1.585258407757629051e+01,1.000000000000000000e+00
2.530000000000000000e+02,9.625074366441101859e+01,1.996224026025766918e+01,-9.814564420661897257e-03,2.628413133499689707e+02,7.527752512611129987e-02,0.000000000000000000e+00,9.629815805871517753e+00,1.000000000000000000e+00
2.530000000000000000e+02,9.000381853082828343e+01,3.284021718517442423e+01,-8.811321296051980237e-03,2.368394490672700101e+02,7.726799698197106547e-02,0.000000000000000000e+00,1.086317389999499561e+01,1.000000000000000000e+00
2.540000000000000000e+02,8.820192349361927597e+01,1.418378030502929832e+01,4.836182890552296471e-03,-1.338125687535512327e+02,2.767894860254144218e-01,0.000000000000000000e+00,8.398743365020889584e+00,1.000000000000000000e+00
2.540000000000000000e+02,8.699902801629218629e+01,4.327955534165189277e+01,4.789163648286455695e-03,-1.325939329851305786e+02,3.588935441809248950e-01,0.000000000000000000e+00,7.610743689357680530e+00,1.000000000000000000e+00
2.540000000000000000e+02,1.314763637218408121e+02,8.077092580282645429e+00,-7.732565428680691043e-03,2.088804598955676965e+02,3.971131229090306691e-01,0.000000000000000000e+00,5.360335275364314533e+00,1.000000000000000000e+00
2.540000000000000000e+02,1.263574444517530253e+02,1.392637021091434768e+01,-7.252107925003590909e-03,1.964280537960254946e+02,2.765488580196314716e-01,0.000000000000000000e+00,7.772861975738698526e+00,1.000000000000000000e+00
2.540000000000000000e+02,2.077816405722117210e+01,3.388772276983151244e+01,3.685528144483220508e-03,-1.039901181335534233e+02,3.193921749876247329e-01,0.000000000000000000e+00,8.878845425629734223e+00,1.000000000000000000e+00
2.540000000000000000e+02,1.220473224370036860e+02,3.309089265618075615e+01,-3.250056583290513411e-03,9.270364912584356887e+01,2.685046203246620466e-01,0.000000000000000000e+00,1.258024280938026251e+01,1.000000000000000000e+00
2.550000000000000000e+02,4.208987712987439522e+01,7.515306989675750060e+00,-7.707458413617433203e-03,2.082297410596201530e+02,1.744051790651165446e-01,0.000000000000000000e+00,1.137160120627326521e+01,1.000000000000000000e+00
2.550000000000000000e+02,7.982465366601871892e+01,1.478398056082377465e+01,4.059918825868557603e-03,-1.136935045284253931e+02,4.136174282936464497e-01,0.000000000000000000e+00,8.398743365020889584e+00,1.000000000000000000e+00
2.560000000000000000e+02,1.494548391285056077e+01,6.844823242582138256e+00,7.135728758176157309e-03,-1.934117607091856144e+02,2.491325166329585450e-01,0.000000000000000000e+00,4.030809671352781898e+00,1.000000000000000000e+00
2.560000000000000000e+02,1.003746363392064893e+02,1.126012203181574733e+01,-9.399153084309381026e-03,2.520747614301314172e+02,1.073912982963629581e-01,0.000000000000000000e+00,5.429331728049280770e+00,1.000000000000000000e+00
2.560000000000000000e+02,1.058183904819020000e+02,1.550712647583775095e+01,-4.574897564863859324e-03,1.270406254319828179e+02,4.393011909615288646e-01,0.000000000000000000e+00,6.904455511744368224e+00,1.000000000000000000e+00
2.570000000000000000e+02,1.355827237822609561e+02,1.152252452976318864e+01,-1.058388398586405238e-02,2.827803913597876999e+02,1.633237546826051823e-01,0.000000000000000000e+00,5.360335275364314533e+00,1.000000000000000000e+00
2.580000000000000000e+02,1.885841470205222947e+01,7.812500485049237220e+00,-7.703851424719429172e-03,2.081362558081447958e+02,1.814638143251459113e-01,0.000000000000000000e+00,4.030809671352781898e+00,1.000000000000000000e+00
2.580000000000000000e+02,5.597183453426068667e+01,3.267513632293329096e+01,-1.011228798422676156e-01,2.629352847029900659e+03,3.468379736017090931e-02,0.000000000000000000e+00,3.552553488520939773e+00,1.000000000000000000e+00
2.580000000000000000e+02,1.351233735506354492e+02,2.499984149060209049e+01,-6.310385484316789750e-03,1.720206708854960596e+02,1.526307539320013174e-01,0.000000000000000000e+00,8.791703994791237875e+00,1.000000000000000000e+00
2.590000000000000000e+02,9.305942021254325880e+01,3.048353653105282746e+01,-8.122313595451154458e-03,2.189818786725333268e+02,9.011210038056749472e-02,0.000000000000000000e+00,9.672839914142969064e+00,1.000000000000000000e+00
2.590000000000000000e+02,1.166745446990868658e+02,2.171566656955244667e+01,-7.622211965623704524e-03,2.060203398517355424e+02,1.760171160578773986e-01,0.000000000000000000e+00,6.148195596231945892e+00,1.000000000000000000e+00
2.600000000000000000e+02,7.374589570984453246e+01,3.496825918899497765e+01,-8.480113285033605286e-03,2.282552629008399947e+02,7.558443783724821952e-02,0.000000000000000000e+00,8.976755902173895407e+00,1.000000000000000000e+00
2.600000000000000000e+02,9.992065492781676994e+00,4.762869745827537571e+01,4.387659842809287121e-03,-1.221878338024785648e+02,2.293292184890085572e-01,0.000000000000000000e+00,6.822095229026978735e+00,1.000000000000000000e+00
2.600000000000000000e+02,7.771696010010279565e+01,6.420008295788426800e+00,-8.438053629814748144e-03,2.271651687651806526e+02,6.393087479413273044e-02,0.000000000000000000e+00,8.517471528990128604e+00,1.000000000000000000e+00
2.610000000000000000e+02,7.806752432942415965e+01,1.493026246169192106e+01,-6.519025497149274345e-03,1.774281630123124671e+02,1.354283656524482016e-01,0.000000000000000000e+00,8.517471528990128604e+00,1.000000000000000000e+00
2.610000000000000000e+02,1.027604584580466991e+02,2.395776156614940788e+01,-6.634991957747828073e-02,1.728113883778301670e+03,6.760824444990043425e-03,0.000000000000000000e+00,8.986889433620872225e+00,1.000000000000000000e+00
2.610000000000000000e+02,1.334081937399134006e+02,4.148068286494167012e+01,-8.471374415263265012e-03,2.280287705380431760e+02,1.674136053310339989e-01,0.000000000000000000e+00,6.099253742398046185e+00,1.000000000000000000e+00
2.610000000000000000e+02,8.899371651738425726e+01,4.461468600037213861e+01,-4.750197495737406260e-03,1.315840156626537407e+02,1.995969870386553602e-01,0.000000000000000000e+00,1.194904115186681004e+01,1.000000000000000000e+00
2.610000000000000000e+02,9.263496831666107312e+01,5.662707355609666315e+00,-7.928501035823194362e-03,2.139586816546737111e+02,1.689566143113595542e-01,0.000000000000000000e+00,6.342189752063079666e+00,1.000000000000000000e+00
2.610000000000000000e+02,9.588234576351710814e+01,1.633327986089431505e+01,-9.077105991613961325e-03,2.437280062005254138e+02,3.884144246451195492e-01,0.000000000000000000e+00,6.776253018827499197e+00,1.000000000000000000e+00
2.620000000000000000e+02,8.396408515970091457e+01,3.377575649350593068e+01,-3.304800425334187414e-02,8.650011832065297313e+02,9.676395201444587535e-03,0.000000000000000000e+00,9.672839914142969064e+00,1.000000000000000000e+00
2.620000000000000000e+02,6.434566521549817253e+01,4.100227661802721002e+01,-7.588631328312283805e-03,2.051500032877669639e+02,1.205290627251196511e-01,0.000000000000000000e+00,1.117021484487670691e+01,1.000000000000000000e+00
2.620000000000000000e+02,5.166762901640590400e+01,4.803010763030447805e+01,-7.785048727367696597e-03,2.102407120379369303e+02,1.425750178100958498e-01,0.000000000000000000e+00,1.260144928582140267e+01,1.000000000000000000e+00
2.620000000000000000e+02,1.248094402323258834e+02,1.091121489398740074e+01,-2.815019194385232071e-02,7.380606163294858106e+02,2.413735271901595869e-02,0.000000000000000000e+00,8.353027877242082511e+00,1.000000000000000000e+00
2.620000000000000000e+02,1.505102402265386452e+01,2.267114358487101100e+01,6.075328416638164572e-03,-1.659285065610754373e+02,2.751267426468878563e-01,0.000000000000000000e+00,9.772521239653283232e+00,1.000000000000000000e+00
2.630000000000000000e+02,1.426877244200942982e+02,2.051936662115517152e+01,-3.201409596644361893e-02,8.382045450863939777e+02,8.330098930933604873e-02,0.000000000000000000e+00,6.436964094363580635e+00,1.000000000000000000e+00
2.630000000000000000e+02,3.234494632360994615e+01,1.855009205209669787e+01,3.174140796193331698e-02,-8.311370693062297050e+02,2.184569275872644267e-01,0.000000000000000000e+00,3.156163430292560079e+00,1.000000000000000000e+00
2.630000000000000000e+02,3.130767487360552437e+01,3.277043016362583217e+01,-8.503385480915198746e-03,2.288584272425930237e+02,1.870551123143776584e-01,0.000000000000000000e+00,1.115734936211442196e+01,1.000000000000000000e+00
2.640000000000000000e+02,1.321776116833719641e+02,3.550685963218069219e+01,-1.214792629655458804e-02,3.233169421692306287e+02,8.923585330393024595e-02,0.000000000000000000e+00,6.099253742398046185e+00,1.000000000000000000e+00
2.640000000000000000e+02,1.170460840960781468e+02,1.557870742303621370e+01,-7.262870461982853278e-03,1.967069951802299386e+02,1.531297736812197163e-01,0.000000000000000000e+00,6.148195596231945892e+00,1.000000000000000000e+00
2.640000000000000000e+02,1.320786993967265346e+02,1.502593796106743262e+01,1.865830384668018538e-02,-4.920516679151126027e+02,9.995552563763410170e-02,0.000000000000000000e+00,8.353027877242082511e+00,1.000000000000000000e+00
2.640000000000000000e+02,1.212501652982482199e+02,2.772853396929129488e+01,-7.658457460902999385e-03,2.069597436971174034e+02,8.903283809297712903e-02,0.000000000000000000e+00,7.513202766810469946e+00,1.000000000000000000e+00
2.640000000000000000e+02,1.638839418083651012e+01,3.235172272247827863e+01,-8.837139350245175676e-03,2.375085964800029501e+02,1.572420436350372430e-01,0.000000000000000000e+00,9.772521239653283232e+00,1.000000000000000000e+00
2.640000000000000000e+02,2.441324668514217677e+01,4.154273343827366460e+01,5.494936023625027026e-03,-1.508860070276683985e+02,2.907798998194909279e-01,0.000000000000000000e+00,3.223445302534013290e+00,1.000000000000000000e+00
2.640000000000000000e+02,1.476233451409469488e+01,4.224622273337360667e+01,-8.135832114778781057e-03,2.193322490824942008e+02,1.294812061245034229e-01,0.000000000000000000e+00,7.192113785244574231e+00,1.000000000000000000e+00
2.650000000000000000e+02,3.131872826236077145e+01,1.556542388134771393e+01,-3.987968958159055638e-02,1.042063502767699902e+03,1.074873572600487659e-01,0.000000000000000000e+00,3.156163430292560079e+00,1.000000000000000000e+00
2.650000000000000000e+02,1.111083372620528280e+02,4.579246366916396482e+01,-5.212715367236592408e-03,1.435714657911764220e+02,4.381646247627485335e-01,0.000000000000000000e+00,5.809572829479633604e+00,1.000000000000000000e+00
2.650000000000000000e+02,1.081387995661362993e+02,5.210418111623648940e+01,-8.134138466987494639e-03,2.192883534415159943e+02,1.600250440768430371e-01,0.000000000000000000e+00,6.975380366628686879e+00,1.000000000000000000e+00
2.650000000000000000e+02,1.491500824684726112e+01,5.235157983603006926e+01,7.659918302572026397e-03,-2.069976055133459454e+02,1.564187721105867457e-01,0.000000000000000000e+00,4.105224091901003014e+00,1.000000000000000000e+00
2.660000000000000000e+02,8.639060889448275304e+01,6.772367780166110407e+00,4.934985691889778349e-03,-1.363733209462229468e+02,4.380129060449120537e-01,0.000000000000000000e+00,5.692401668272843551e+00,1.000000000000000000e+00
2.660000000000000000e+02,1.371314369546574881e+02,2.376931682901309273e+01,-8.545983505836789174e-03,2.299624747417003618e+02,3.420002744631058800e-01,0.000000000000000000e+00,6.436964094363580635e+00,1.000000000000000000e+00
2.660000000000000000e+02,1.138591063708053497e+02,2.637928834811049938e+01,-1.295492998643539215e-02,3.442327101472836830e+02,7.089042522195188045e-02,0.000000000000000000e+00,7.513202766810469946e+00,1.000000000000000000e+00
2.660000000000000000e+02,6.396352809600835521e+00,7.984141985677954523e+00,3.624457560705395941e-03,-1.024073023712489174e+02,4.125577098203004889e-01,0.000000000000000000e+00,5.048309449628320067e+00,1.000000000000000000e+00
2.660000000000000000e+02,1.165101346771758273e+02,4.365430531511287171e+01,-7.253371524033837801e-03,1.964608035150978083e+02,1.964317310123684379e-01,0.000000000000000000e+00,5.809572829479633604e+00,1.000000000000000000e+00
2.660000000000000000e+02,3.916734323853080468e+01,4.962365071870284794e+01,-6.530194793129938911e-03,1.777176466988669858e+02,2.131784101035240075e-01,0.000000000000000000e+00,1.260144928582140267e+01,1.000000000000000000e+00
2.670000000000000000e+02,9.184739518847766249e+01,5.151590159816930914e+00,4.929530013946783508e-03,-1.362319217240762441e+02,3.819760651740335966e-01,0.000000000000000000e+00,5.692401668272843551e+00,1.000000000000000000e+00
2.680000000000000000e+02,4.641364783938212213e+01,1.506978686726244554e+01,-1.054143916514057103e-02,2.816803145779163060e+02,2.644202541005975515e-01,0.000000000000000000e+00,8.236247415360585578e+00,1.000000000000000000e+00
2.680000000000000000e+02,9.631371198971741876e+01,2.934050366351651462e+01,4.727242319750959640e-03,-1.309890677821814791e+02,3.636594683384901661e-01,0.000000000000000000e+00,1.268548267697099519e+01,1.000000000000000000e+00
2.680000000000000000e+02,9.134832780812408259e+01,4.512041351825742197e+01,-3.328136876042743497e-02,8.710494800677688545e+02,1.827581563946545362e-02,0.000000000000000000e+00,9.558196635727039592e+00,1.000000000000000000e+00
2.680000000000000000e+02,1.346421467583591323e+02,4.723333224523251772e+01,-7.230642412858936073e-03,1.958717147393676328e+02,1.514753085375808439e-01,0.000000000000000000e+00,5.824606318823034812e+00,1.000000000000000000e+00
2.680000000000000000e+02,1.767006134795034100e+01,4.930813651393144426e+01,-7.162743080766057965e-03,1.941119127784507441e+02,3.049092920424489872e-01,0.000000000000000000e+00,4.105224091901003014e+00,1.000000000000000000e+00
2.690000000000000000e+02,5.110707633546920192e+01,2.750956620536138786e+01,-4.410301401471564825e-02,1.151522821289941021e+03,1.776630578706250851e-02,0.000000000000000000e+00,9.910084270195527623e+00,1.000000000000000000e+00
2.690000000000000000e+02,1.131534484219117331e+01,9.119459422573632068e+00,6.458484395019716169e-03,-1.758590702545526199e+02,1.375241461026649459e-01,0.000000000000000000e+00,5.048309449628320067e+00,1.000000000000000000e+00
2.690000000000000000e+02,2.457763551344607933e+01,4.476198427217236286e+01,-9.162504205686504422e-03,2.459413408527439628e+02,1.527202711171009586e-01,0.000000000000000000e+00,3.223445302534013290e+00,1.000000000000000000e+00
2.700000000000000000e+02,9.334114546814756608e+00,1.770024291014032869e+01,-7.555882963328882686e-03,2.043012373995284463e+02,1.431129154884990262e-01,0.000000000000000000e+00,8.806538408694677855e+00,1.000000000000000000e+00
2.700000000000000000e+02,4.128805435446862049e+01,2.616920148671043833e+01,-7.434668983373933678e-03,2.011596365466147347e+02,2.128130233111065195e-01,0.000000000000000000e+00,9.052949943320593107e+00,1.000000000000000000e+00
2.700000000000000000e+02,1.295030472999616791e+02,4.997480913296515581e+01,-3.984476699735492455e-03,1.117382098677488500e+02,3.581998527238706709e-01,0.000000000000000000e+00,5.488867022986399391e+00,1.000000000000000000e+00
2.710000000000000000e+02,3.707357989475809745e+01,4.686576229155385853e+00,-7.081883339606930006e-03,1.920162054030612353e+02,1.659293576635400003e-01,0.000000000000000000e+00,1.135077378257048153e+01,1.000000000000000000e+00
2.710000000000000000e+02,6.832863473088583817e+01,1.796610397487307154e+01,-3.297300410354338240e-02,8.630573436043390529e+02,2.342756770522158583e-02,0.000000000000000000e+00,8.786229906990213223e+00,1.000000000000000000e+00
2.710000000000000000e+02,9.393448571744347930e+01,1.688013636985086308e+01,-7.713679231845608879e-03,2.083909710419928558e+02,1.960495729768192419e-01,0.000000000000000000e+00,5.304445644109215152e+00,1.000000000000000000e+00
2.710000000000000000e+02,1.355738956829720792e+02,3.778905254358917887e+01,-9.721213610030095265e-03,2.604218648143292967e+02,1.606184397734392588e-01,0.000000000000000000e+00,4.221909814885209222e+00,1.000000000000000000e+00
2.710000000000000000e+02,1.078294063200018371e+02,1.566747436483881728e+01,-5.333187296348173081e-03,1.466938343116208046e+02,1.754114751060618094e-01,0.000000000000000000e+00,1.229228382013995891e+01,1.000000000000000000e+00
2.710000000000000000e+02,2.101011214612266187e+01,2.240652232344659112e+01,-7.915097209429764608e-03,2.136112838343434248e+02,9.823238017823077151e-02,0.000000000000000000e+00,1.204467259540069435e+01,1.000000000000000000e+00
2.710000000000000000e+02,3.225243279691330400e+01,2.672906374201076574e+01,-7.732833483875586021e-03,2.088874072990703610e+02,2.796983001836932381e-01,0.000000000000000000e+00,6.876754218131881480e+00,1.000000000000000000e+00
2.710000000000000000e+02,1.078702148654441686e+02,4.694163148724196333e+01,2.733944201640508848e-03,-7.932714668781100897e+01,2.745293750782845654e-01,0.000000000000000000e+00,8.771562206557439012e+00,1.000000000000000000e+00
2.720000000000000000e+02,8.658400002311782373e+01,1.138201658487608547e+01,-3.245258731822295295e-02,8.495692804515497301e+02,2.688501101756890499e-02,0.000000000000000000e+00,6.528896396396399737e+00,1.000000000000000000e+00
2.720000000000000000e+02,1.733962540121994067e+01,4.729211394430445026e+00,3.361128474177905827e-03,-9.558238924539303127e+01,3.638108117326985802e-01,0.000000000000000000e+00,6.896873431147618305e+00,1.000000000000000000e+00
2.720000000000000000e+02,2.991520463229392490e+01,3.319645217035682805e+01,-3.670330393214111739e-03,1.035962257098647541e+02,3.688716993577637604e-01,0.000000000000000000e+00,6.612500946122791490e+00,1.000000000000000000e+00
2.720000000000000000e+02,9.283710266504252573e+00,5.174149642477586042e+01,-8.045335605376962781e-03,2.169867777826644613e+02,1.513312448928013643e-01,0.000000000000000000e+00,8.732246269830961083e+00,1.000000000000000000e+00
2.720000000000000000e+02,3.748140957641391680e+01,5.169095362327640686e+01,4.555223982835048327e-03,-1.265307292788777715e+02,2.916903178842584765e-01,0.000000000000000000e+00,3.028982999325505521e+00,1.000000000000000000e+00
2.730000000000000000e+02,2.368203651252225583e+01,3.868463640266137560e+01,4.087833661278429502e-03,-1.144169959174978004e+02,2.894531925547587647e-01,0.000000000000000000e+00,6.142984185028111277e+00,1.000000000000000000e+00
2.730000000000000000e+02,9.961760718623965261e+01,4.991396559306544134e+01,-4.624344125625607857e-03,1.283221719790106192e+02,2.293283781023711665e-01,0.000000000000000000e+00,8.771562206557439012e+00,1.000000000000000000e+00
2.730000000000000000e+02,1.328648980358292704e+02,3.455086566930307868e+01,9.107677756349234766e-03,-2.445203593779650930e+02,2.576523552332380396e-01,0.000000000000000000e+00,4.221909814885209222e+00,1.000000000000000000e+00
2.740000000000000000e+02,1.428900060215228791e+02,6.042804633536559500e+00,5.577836473123142305e-03,-1.530346050932299136e+02,3.696054411317390986e-01,0.000000000000000000e+00,1.747761003151053671e+01,1.000000000000000000e+00
2.740000000000000000e+02,1.344248750643144206e+02,4.754514400087924031e+01,9.314226070677668681e-03,-2.498736392612201200e+02,1.286463518304422626e-01,0.000000000000000000e+00,4.438664359463081688e+00,1.000000000000000000e+00
2.740000000000000000e+02,1.266197517639741363e+02,2.262490515644646294e+01,-7.195798369081565435e-03,1.949686334471714986e+02,9.109577864930451518e-02,0.000000000000000000e+00,1.295245435504450526e+01,1.000000000000000000e+00
2.740000000000000000e+02,1.019137174208635486e+02,3.689281909892157074e+01,-4.962756531086099168e-03,1.370930802688498886e+02,1.647141698152950751e-01,0.000000000000000000e+00,1.168154494161439594e+01,1.000000000000000000e+00
2.750000000000000000e+02,4.590776411668613832e+01,1.181379550430941094e+01,2.809834716176094326e-03,-8.129406259372937882e+01,3.063417143948424792e-01,0.000000000000000000e+00,1.112650188192449363e+01,1.000000000000000000e+00
2.750000000000000000e+02,8.795050316067695917e+01,3.963775897836983120e+01,-6.584158772114771969e-03,1.791162748312686972e+02,4.490107141190128326e-01,0.000000000000000000e+00,4.261321700946779423e+00,1.000000000000000000e+00
2.750000000000000000e+02,6.667841004293683227e+01,4.010382991209857551e+01,-4.254328433908261681e-03,1.187321757333405401e+02,2.943729548657796347e-01,0.000000000000000000e+00,9.898429225116082364e+00,1.000000000000000000e+00
2.760000000000000000e+02,1.365519109389386898e+01,3.277033770398618628e+01,-2.940800823025403743e-02,7.706604593478991774e+02,1.533767768461469228e-02,0.000000000000000000e+00,7.680243779294958273e+00,1.000000000000000000e+00
2.760000000000000000e+02,9.310777729668978964e+01,1.164050882790056107e+01,-8.712720435335837010e-03,2.342839307331719567e+02,1.955498837317701799e-01,0.000000000000000000e+00,5.304445644109215152e+00,1.000000000000000000e+00
2.760000000000000000e+02,1.431804668832908476e+02,3.550816957212982317e+01,3.669474784922811036e-03,-1.035740502170815915e+02,3.930251237602367942e-01,0.000000000000000000e+00,7.307832043198215999e+00,1.000000000000000000e+00
2.760000000000000000e+02,3.597922126391554087e+01,4.906071251569782277e+01,-6.338716756378953709e-03,1.727549554004315837e+02,1.363035092230610035e-01,0.000000000000000000e+00,3.028982999325505521e+00,1.000000000000000000e+00
2.760000000000000000e+02,7.075989613358221675e+01,4.912161081520885375e+01,-3.320711724138019575e-03,9.453487561334745237e+01,3.493773265464392708e-01,0.000000000000000000e+00,9.898429225116082364e+00,1.000000000000000000e+00
2.770000000000000000e+02,1.100771369563545079e+02,1.084885780851598369e+01,-8.969719325660723344e-03,2.409447790391398598e+02,1.054458806802736071e-01,0.000000000000000000e+00,1.130356786227439336e+01,1.000000000000000000e+00
2.770000000000000000e+02,1.342953119101826474e+02,4.310837099732595590e+01,-9.146854226002983090e-03,2.455357276591164180e+02,1.033945739526862528e-01,0.000000000000000000e+00,4.438664359463081688e+00,1.000000000000000000e+00
2.770000000000000000e+02,1.761394421863226611e+01,1.162062723674350551e+01,-5.945194949263848082e-03,1.625557321315275772e+02,2.227841583880413312e-01,0.000000000000000000e+00,4.438174620898439393e+00,1.000000000000000000e+00
2.770000000000000000e+02,3.227965798534060582e+01,2.702113605668773744e+01,6.789237784584565769e-03,-1.844314736287116432e+02,1.307166408467529406e-01,0.000000000000000000e+00,6.598061389244870512e+00,1.000000000000000000e+00
2.770000000000000000e+02,1.169380570262958940e+02,3.122902398558433035e+01,-7.538924605765200820e-03,2.038617139171225574e+02,1.806538066413249100e-01,0.000000000000000000e+00,8.785864575143067512e+00,1.000000000000000000e+00
2.770000000000000000e+02,8.057073662054995111e+01,1.567320627672458322e+01,-4.926846737423894868e-03,1.361623770740610837e+02,3.081143912477436464e-01,0.000000000000000000e+00,4.954327425852773636e+00,1.000000000000000000e+00
2.780000000000000000e+02,4.632930847884826875e+01,4.647310178695369132e+01,5.636795470863920771e-03,-1.545626931706794664e+02,6.731061012557415513e-02,0.000000000000000000e+00,1.066864727321255302e+01,1.000000000000000000e+00
2.780000000000000000e+02,1.262653244210950305e+02,4.616927494743774929e+01,-7.865144445611572943e-03,2.123166176128815437e+02,1.931257132704917723e-01,0.000000000000000000e+00,7.680455475324596826e+00,1.000000000000000000e+00
2.780000000000000000e+02,3.044176494711976844e+01,1.776447717692355610e+01,-6.858794495386486695e-03,1.862342312154388821e+02,1.386328397278581148e-01,0.000000000000000000e+00,8.466996182865857534e+00,1.000000000000000000e+00
2.780000000000000000e+02,6.524353314822491257e+01,3.003947370943057038e+01,-3.039895828247515461e-02,7.963437141210685013e+02,4.278530051998419292e-02,0.000000000000000000e+00,3.551847250892095520e+00,1.000000000000000000e+00
2.780000000000000000e+02,1.189411986560327250e+02,3.978348714489299454e+01,8.558086251190741289e-03,-2.302761513913797558e+02,2.816459593442344200e-01,0.000000000000000000e+00,3.393306201935474498e+00,1.000000000000000000e+00
2.790000000000000000e+02,1.223280798103814959e+02,3.957476956918148403e+01,-8.355140502006364045e-03,2.250162421055876223e+02,3.028649834535019902e-01,0.000000000000000000e+00,3.393306201935474498e+00,1.000000000000000000e+00
2.790000000000000000e+02,1.465122419272989873e+01,4.373600889294471727e+01,-9.134588164593055240e-03,2.452178182149941676e+02,1.641361668476394309e-01,0.000000000000000000e+00,9.573321606437525944e+00,1.000000000000000000e+00
2.790000000000000000e+02,3.283343319801718962e+01,5.166286376644664813e+01,3.634221304696297252e-03,-1.026603572289546662e+02,4.750993972731107906e-01,0.000000000000000000e+00,4.082545001261120632e+00,1.000000000000000000e+00
2.800000000000000000e+02,7.422028117783321477e+01,6.671434796974218706e+00,-7.654845067660121828e-03,2.068661183768605554e+02,2.873786862189482427e-01,0.000000000000000000e+00,6.340115487690931140e+00,1.000000000000000000e+00
2.800000000000000000e+02,1.210136367126686849e+02,2.331790978509390655e+01,-3.604230901074506610e-02,9.426070037829832700e+02,1.720479145231312845e-02,0.000000000000000000e+00,8.899217812435864516e+00,1.000000000000000000e+00
2.800000000000000000e+02,1.363201767596304990e+02,2.790166522231717749e+01,-3.952743972374144626e-02,1.032933958021551007e+03,7.605543965479744095e-03,0.000000000000000000e+00,8.789710789158009518e+00,1.000000000000000000e+00
2.800000000000000000e+02,3.856012529241342435e+01,2.016910805600426571e+01,-3.509240797394137974e-03,9.942113623741566641e+01,3.873874308509372977e-01,0.000000000000000000e+00,4.011093806012643093e+00,1.000000000000000000e+00
2.800000000000000000e+02,1.111623737093802333e+02,2.210020917654838968e+01,3.544910621348886480e-03,-1.003456199430176952e+02,3.130642633695845944e-01,0.000000000000000000e+00,9.926236826310962158e+00,1.000000000000000000e+00
2.800000000000000000e+02,1.289121845053330695e+01,2.512818549995389716e+01,-4.524748899681418218e-03,1.257408818762626055e+02,2.142325424690164626e-01,0.000000000000000000e+00,6.908719087232046974e+00,1.000000000000000000e+00
2.800000000000000000e+02,3.810446188306008253e+01,3.012050270962764742e+01,4.555042297171438097e-03,-1.265260203844418925e+02,3.038505396872175357e-01,0.000000000000000000e+00,6.598061389244870512e+00,1.000000000000000000e+00
2.800000000000000000e+02,1.359679018998673428e+02,3.668431392189634010e+01,4.226791942266671515e-03,-1.180184901860165070e+02,3.850249546844494164e-01,0.000000000000000000e+00,6.638227668735892095e+00,1.000000000000000000e+00
2.800000000000000000e+02,3.677517449492543022e+01,4.021561380937528440e+01,7.268592180287463712e-03,-1.968552895858140062e+02,1.685678165793309535e-01,0.000000000000000000e+00,8.060526713327462289e+00,1.000000000000000000e+00
2.800000000000000000e+02,1.314707382051604725e+02,5.260234335672003425e+01,-9.544378442991247047e-03,2.558386846250403153e+02,9.497481758623438353e-02,0.000000000000000000e+00,8.275306750921334498e+00,1.000000000000000000e+00
2.810000000000000000e+02,2.426819421087100892e+01,3.442446524112485662e+01,-4.957054993621007322e-02,1.293229376265592464e+03,2.361171973967912674e-02,0.000000000000000000e+00,9.596301444574683259e+00,1.000000000000000000e+00
2.820000000000000000e+02,1.564110412087316249e+01,6.852925860817114412e+00,-4.150352563795875471e-02,1.084149776492681895e+03,2.778332616209167050e-02,0.000000000000000000e+00,3.718622431116756388e+00,1.000000000000000000e+00
2.820000000000000000e+02,7.679543318603951718e+01,1.246502233250774694e+01,-1.289253243796636625e-02,3.426155023667712385e+02,1.712035027084246597e-01,0.000000000000000000e+00,4.954327425852773636e+00,1.000000000000000000e+00
2.820000000000000000e+02,1.058679950177939588e+02,3.116416695772478818e+01,-1.064607007004821082e-02,2.843921184492284624e+02,1.185477802036704054e-01,0.000000000000000000e+00,1.049694128729274034e+01,1.000000000000000000e+00
2.820000000000000000e+02,6.110322564827747271e+00,3.898140618507480326e+01,-3.694347320101464601e-03,1.042186918480256992e+02,2.970834456307560600e-01,0.000000000000000000e+00,9.775134143692634225e+00,1.000000000000000000e+00
2.820000000000000000e+02,6.036828666150361045e+01,4.580699849067038087e+01,-3.250564461139483427e-03,9.271681220723148442e+01,3.239749998467996717e-01,0.000000000000000000e+00,1.390140300087574232e+01,1.000000000000000000e+00
2.830000000000000000e+02,1.176923822176578511e+02,3.246765472340472058e+01,-4.851522600723089801e-02,1.265877691611615091e+03,1.214765244324299553e-01,0.000000000000000000e+00,3.436882802486259436e+00,1.000000000000000000e+00
2.830000000000000000e+02,8.118406504377958299e+01,6.971450843825608423e+00,-9.094985679529881892e-03,2.441914085475761738e+02,4.156051298746235023e-01,0.000000000000000000e+00,5.460515187864430686e+00,1.000000000000000000e+00
2.830000000000000000e+02,6.653496499729430980e+01,3.334822312165249514e+01,-3.499432882521767013e-02,9.154456528735152006e+02,3.339354272169969828e-02,0.000000000000000000e+00,3.551847250892095520e+00,1.000000000000000000e+00
2.830000000000000000e+02,2.328642887108212278e+01,4.786901345902584382e+01,-7.877455367869637751e-03,2.126356897519241329e+02,1.693883746502168330e-01,0.000000000000000000e+00,7.668314721058078653e+00,1.000000000000000000e+00
2.830000000000000000e+02,1.432933594981947749e+02,4.547198633777151500e+00,-7.296977479481769023e-03,1.975909743656734179e+02,2.046179783846845401e-01,0.000000000000000000e+00,1.829715910757364838e+01,1.000000000000000000e+00
2.830000000000000000e+02,2.365319746088597697e+01,1.249733529389834352e+01,-8.133146725701494509e-03,2.192626496796964091e+02,1.795814398363124731e-01,0.000000000000000000e+00,8.175010382342589921e+00,1.000000000000000000e+00
2.830000000000000000e+02,7.707289018864635466e+00,1.526742679473941600e+01,3.028232101506021529e-03,-8.695444444309724474e+01,3.918116597943605006e-01,0.000000000000000000e+00,7.906846699483035756e+00,1.000000000000000000e+00
2.830000000000000000e+02,4.204348622205310448e+01,2.215784387417941304e+01,-5.781169849562132514e-03,1.583045608284015486e+02,2.292132718314782158e-01,0.000000000000000000e+00,4.011093806012643093e+00,1.000000000000000000e+00
2.840000000000000000e+02,8.664450362577562714e+01,6.942526647256853423e+00,-9.968942691400740214e-03,2.668424599768246708e+02,1.964258068847256622e-01,0.000000000000000000e+00,5.460515187864430686e+00,1.000000000000000000e+00
2.840000000000000000e+02,5.977597071813769958e+01,1.442868771589348675e+01,-4.167881676817351833e-02,1.088692938629554192e+03,2.728110252482029985e-02,0.000000000000000000e+00,1.063781061205824408e+01,1.000000000000000000e+00
2.840000000000000000e+02,3.781702363023085667e+01,1.405454257052929989e+01,-5.463395061287151799e-03,1.500685343713030591e+02,2.669776652613734536e-01,0.000000000000000000e+00,6.159554460876225157e+00,1.000000000000000000e+00
2.840000000000000000e+02,8.088989308869457773e+01,2.639113624738455144e+01,-6.986635367950656643e-03,1.895475866092153012e+02,1.527715875678089530e-01,0.000000000000000000e+00,8.741750788321372312e+00,1.000000000000000000e+00
2.840000000000000000e+02,4.570845628162717844e+01,1.462970617469328261e+01,-8.140299774469308275e-03,2.194480410356955247e+02,8.308305720493791569e-02,0.000000000000000000e+00,7.912365162394799256e+00,1.000000000000000000e+00
2.850000000000000000e+02,4.480566717380025921e+01,3.952043165281242665e+01,-9.185835114067996202e-03,2.465460268938902857e+02,3.805049392451520518e-02,0.000000000000000000e+00,7.514008320690717113e+00,1.000000000000000000e+00
2.850000000000000000e+02,2.833197401432628126e+01,2.573109448380780861e+01,-9.268613445428969949e-03,2.486914599248250397e+02,2.152848849840989232e-01,0.000000000000000000e+00,6.979983764435561788e+00,1.000000000000000000e+00
2.850000000000000000e+02,4.927669244656846814e+01,2.912364815752507141e+01,-5.944551254416338866e-03,1.625390489710315478e+02,1.388737456621194077e-01,0.000000000000000000e+00,9.792349189884310690e+00,1.000000000000000000e+00
2.850000000000000000e+02,1.431987489291988425e+01,3.188757454008997527e+01,-6.729032893503159724e-03,1.828710947248820560e+02,1.150348002942248593e-01,0.000000000000000000e+00,6.908719087232046974e+00,1.000000000000000000e+00
2.850000000000000000e+02,3.788576017944356522e+01,7.868493506363154033e+00,-9.753210268841938299e-03,2.612511481251407872e+02,8.251634308561517361e-02,0.000000000000000000e+00,5.825643080159770726e+00,1.000000000000000000e+00
2.860000000000000000e+02,2.553120641209225994e+01,4.540961928438536965e+00,-7.504363172983475640e-03,2.029659572829014564e+02,1.190052375387290473e-01,0.000000000000000000e+00,8.175010382342589921e+00,1.000000000000000000e+00
2.860000000000000000e+02,1.217946083563539759e+02,5.268557212626590314e+01,-2.608844274676200281e-02,6.846245932034360067e+02,4.218028716694044444e-02,0.000000000000000000e+00,9.830497961277179897e+00,1.000000000000000000e+00
2.860000000000000000e+02,3.095449024612516098e+01,4.780668040383756789e+01,3.306307292774148324e-03,-9.416154430391189578e+01,3.579630843172271204e-01,0.000000000000000000e+00,6.054272923188987576e+00,1.000000000000000000e+00
2.870000000000000000e+02,1.288036026011230035e+02,3.414130170435631584e+01,-9.212462703454837171e-03,2.472361556856338325e+02,2.644108909213457315e-01,0.000000000000000000e+00,1.111886440490436812e+01,1.000000000000000000e+00
2.870000000000000000e+02,5.812955129227319162e+01,2.493831747588765069e+01,-3.948310508574204465e-03,1.108008614113977615e+02,3.054732702351000695e-01,0.000000000000000000e+00,9.792349189884310690e+00,1.000000000000000000e+00
2.870000000000000000e+02,1.407226379229666122e+02,2.513974660874127309e+01,-8.502038728063116696e-03,2.288235223585991207e+02,2.506591581245745104e-01,0.000000000000000000e+00,1.493624441225935229e+01,1.000000000000000000e+00
2.870000000000000000e+02,9.037894762082156319e+01,2.622785370501101099e+01,-7.410803857904965479e-03,2.005411047687119606e+02,1.841242086763730246e-01,0.000000000000000000e+00,5.992788637460368939e+00,1.000000000000000000e+00
2.870000000000000000e+02,2.161475330373622938e+01,2.762822897482422491e+01,-6.139263589482524264e-03,1.675855661973787960e+02,2.732144271841120409e-01,0.000000000000000000e+00,6.979983764435561788e+00,1.000000000000000000e+00
2.880000000000000000e+02,9.369980006453269539e+01,4.553207817646228506e+01,-5.580422304998848559e-02,1.454792529115704383e+03,8.963371880819082094e-03,0.000000000000000000e+00,1.432865097777668240e+01,1.000000000000000000e+00
2.880000000000000000e+02,1.519405814572272462e+01,1.057899062288377046e+01,-7.066695805661545732e-03,1.916225777900234561e+02,1.654866293116084019e-01,0.000000000000000000e+00,8.673931301904035607e+00,1.000000000000000000e+00
2.880000000000000000e+02,7.480262926360420295e+01,2.011710835703664202e+01,-8.898136940308241927e-03,2.390895204051065832e+02,8.234314023867150834e-02,0.000000000000000000e+00,8.741750788321372312e+00,1.000000000000000000e+00
2.880000000000000000e+02,1.937887984857404078e+01,4.102513896942350868e+01,-7.429249568685303458e-03,2.010191771885899925e+02,9.720682088021337375e-02,0.000000000000000000e+00,7.450523611747926545e+00,1.000000000000000000e+00
2.880000000000000000e+02,3.678580401696434876e+01,4.617879824149270718e+01,-4.339502063175811226e-03,1.209396896393449765e+02,1.743150504413896185e-01,0.000000000000000000e+00,4.210356823924406910e+00,1.000000000000000000e+00
2.890000000000000000e+02,1.058162196141008309e+02,8.338818364166273867e+00,-3.448761992413841571e-02,9.023128680544604094e+02,1.586799034607766501e-02,0.000000000000000000e+00,1.469402550540644548e+01,1.000000000000000000e+00
2.890000000000000000e+02,1.198354874532075485e+02,1.631658311616242685e+01,-2.606250340365356966e-02,6.839523022476917049e+02,1.894924079330406741e-02,0.000000000000000000e+00,3.523980730723024646e+00,1.000000000000000000e+00
2.890000000000000000e+02,5.227065711151362137e+01,3.866354993796049655e+01,-5.427353094152491571e-03,1.491344055296214037e+02,2.215893442000199665e-01,0.000000000000000000e+00,7.514008320690717113e+00,1.000000000000000000e+00
2.890000000000000000e+02,7.403834757716235515e+01,3.859952211659118149e+01,-3.226719892875159340e-02,8.447644194718176323e+02,1.423840479910576384e-02,0.000000000000000000e+00,1.092197979396992835e+01,1.000000000000000000e+00
2.900000000000000000e+02,8.085243966321014852e+01,2.659480662294024356e+01,9.128980038711771716e-03,-2.450724678762095152e+02,8.691656225399646551e-02,0.000000000000000000e+00,3.396273329074549263e+00,1.000000000000000000e+00
2.910000000000000000e+02,1.128239075947026606e+02,2.125418497607721235e+01,-6.780077808053589991e-03,1.841940671010728181e+02,3.058654220681805702e-01,0.000000000000000000e+00,8.575672815541960148e+00,1.000000000000000000e+00
2.910000000000000000e+02,1.218978171568978723e+02,4.285561596613145952e+01,-7.391431888302226437e-03,2.000390257490377905e+02,6.004394637910792643e-02,0.000000000000000000e+00,9.830497961277179897e+00,1.000000000000000000e+00
2.910000000000000000e+02,1.755268040492856940e+01,4.824838600114285470e+01,3.886321158217036133e-03,-1.091942332318261606e+02,1.999080153233201429e-01,0.000000000000000000e+00,7.450523611747926545e+00,1.000000000000000000e+00
2.920000000000000000e+02,6.458342012222377093e+01,1.164272596084203215e+01,5.220469552162163365e-03,-1.437724372796539001e+02,3.598907034226532797e-01,0.000000000000000000e+00,5.517987759501204792e+00,1.000000000000000000e+00
2.920000000000000000e+02,1.024050419705873196e+02,3.024783546240031384e+01,-5.925896564063422994e-02,1.544331889785191152e+03,1.346024454086880429e-02,0.000000000000000000e+00,1.268018921937723498e+01,1.000000000000000000e+00
2.920000000000000000e+02,2.984116809510220847e+01,3.296462278396518286e+01,7.860974763185136355e-03,-2.122085485776750318e+02,1.282774646719031519e-01,0.000000000000000000e+00,9.805661589400427758e+00,1.000000000000000000e+00
2.920000000000000000e+02,8.889341310802143425e+01,3.203360110431747643e+01,-6.296970273525101698e-03,1.716729780064993349e+02,1.835352204082604244e-01,0.000000000000000000e+00,5.992788637460368939e+00,1.000000000000000000e+00
2.920000000000000000e+02,3.354489350716113449e+01,4.886647449659001552e+01,3.626389640119392650e-03,-1.024573776376262941e+02,4.123960474485410810e-01,0.000000000000000000e+00,4.210356823924406910e+00,1.000000000000000000e+00
2.930000000000000000e+02,3.585320611030407179e+01,8.096719377250378713e+00,-3.989192743539199393e-02,1.042380681132396376e+03,1.072635070760907805e-02,0.000000000000000000e+00,7.575073817786949881e+00,1.000000000000000000e+00
2.930000000000000000e+02,1.336089987520823286e+02,3.181493486124374215e+01,-8.998945399755711727e-02,2.340798835829260497e+03,7.055462702415526977e-03,0.000000000000000000e+00,1.327128482329106873e+01,1.000000000000000000e+00
2.940000000000000000e+02,1.800469275220970999e+01,2.170816359632756587e+01,-3.588088372870831128e-02,9.384232140590833069e+02,2.437160348695672774e-01,0.000000000000000000e+00,1.633432037110370061e+01,1.000000000000000000e+00
2.940000000000000000e+02,1.345422724569392017e+02,7.903115720605714323e+00,-4.169888294815227853e-03,1.165436722860201399e+02,3.660818834761224716e-01,0.000000000000000000e+00,3.467470624971961790e+00,1.000000000000000000e+00
2.950000000000000000e+02,8.955796858733330623e+01,4.738150985612037402e+01,-2.675733251218695777e-02,7.019607507848083969e+02,4.043878004309819918e-02,0.000000000000000000e+00,5.130149447394337869e+00,1.000000000000000000e+00
2.960000000000000000e+02,1.115579163342651867e+02,4.576608470658197092e+00,-3.582777343842582368e-02,9.370467116679236597e+02,1.226655076019000923e-02,0.000000000000000000e+00,1.672555804646315636e+01,1.000000000000000000e+00
2.960000000000000000e+02,7.978327854491797666e+01,2.076279586533144439e+01,-2.407323589918567569e-02,6.323948458302663767e+02,1.921405503343986965e-02,0.000000000000000000e+00,7.168561879262047576e+00,1.000000000000000000e+00
2.960000000000000000e+02,4.106707578196736819e+01,4.156579562547366891e+01,-3.792226756613013838e-02,9.913314116708799020e+02,2.948790522224375987e-02,0.000000000000000000e+00,3.961767959977211095e+00,1.000000000000000000e+00
2.960000000000000000e+02,6.534466675564874549e+01,6.177500212796095624e+00,3.596586166408185115e-03,-1.016849368806631020e+02,3.409041822007822242e-01,0.000000000000000000e+00,5.517987759501204792e+00,1.000000000000000000e+00
2.970000000000000000e+02,1.313366710920101639e+02,6.581195744128870651e+00,4.251220362506340049e-03,-1.186516213305330183e+02,2.676912220009759480e-01,0.000000000000000000e+00,3.467470624971961790e+00,1.000000000000000000e+00
2.970000000000000000e+02,9.678107605382118095e+01,1.697861035763632742e+01,-6.280175859157206136e-03,1.712377035726264864e+02,3.263851607986502090e-01,0.000000000000000000e+00,5.290412093247150338e+00,1.000000000000000000e+00
2.980000000000000000e+02,1.442462886561016262e+02,4.781988651957510683e+01,-7.075054069201423997e-03,1.918392056730079105e+02,1.215435093151578938e-01,0.000000000000000000e+00,1.180337309168777615e+01,1.000000000000000000e+00
2.980000000000000000e+02,1.217884320340776299e+02,3.784827583669967055e+01,-7.917303919740062423e-03,2.136684769320004875e+02,1.539573441288308864e-01,0.000000000000000000e+00,8.635337055340780665e+00,1.000000000000000000e+00
2.990000000000000000e+02,1.325670465999297960e+02,4.611257244919255527e+01,-8.125263103997613229e-03,2.190583234734438918e+02,1.517368841783600653e-01,0.000000000000000000e+00,9.847768719635539014e+00,1.000000000000000000e+00
2.990000000000000000e+02,2.082202664027068906e+01,5.260762570394986426e+01,-9.242007347123808864e-03,2.480018881348445063e+02,1.669696590997435948e-01,0.000000000000000000e+00,1.808338371641898945e+01,1.000000000000000000e+00
3.000000000000000000e+02,1.929091765771542200e+01,1.366910858547722540e+01,-3.028161144686963152e-02,7.933023411790856017e+02,5.428262064920041929e-02,0.000000000000000000e+00,8.193040991449837662e+00,1.000000000000000000e+00
3.000000000000000000e+02,9.360411336951284511e+01,4.422760025782150706e+01,-4.451082837790606289e-02,1.162092476305852870e+03,1.142518991067564826e-02,0.000000000000000000e+00,5.130149447394337869e+00,1.000000000000000000e+00
3.000000000000000000e+02,9.953035332379376143e+01,5.279743465932063629e+01,3.830315133099674446e-03,-1.077426797365741322e+02,3.461440233462833582e-01,0.000000000000000000e+00,1.041932731345135466e+01,1.000000000000000000e+00
3.010000000000000000e+02,3.671651097768981487e+01,4.183283699571129688e+01,-8.951843204137758039e-03,2.404814691251826559e+02,1.110429673125771233e-01,0.000000000000000000e+00,4.358752712604487378e+00,1.000000000000000000e+00
3.010000000000000000e+02,3.890457291824474595e+01,5.278165656378240556e+01,-7.585211094227679168e-03,2.050613583119865098e+02,5.180159488349833641e-02,0.000000000000000000e+00,1.116531526603175806e+01,1.000000000000000000e+00
3.010000000000000000e+02,7.223767859131466196e+01,1.056518781874205182e+01,-3.292235281668433929e-03,9.379682859943329731e+01,2.341607194632177036e-01,0.000000000000000000e+00,8.171010628680038579e+00,1.000000000000000000e+00
3.010000000000000000e+02,1.345617683483492328e+02,3.138885633632661154e+01,-2.199081755252100742e-02,5.784231236210256384e+02,5.837904349848277441e-02,0.000000000000000000e+00,3.148848911951705354e+00,1.000000000000000000e+00
3.010000000000000000e+02,4.500740444636922888e+01,4.115419462305136733e+01,-7.193380957731886939e-03,1.949059794400939722e+02,8.860428472400960764e-02,0.000000000000000000e+00,3.961767959977211095e+00,1.000000000000000000e+00
3.020000000000000000e+02,1.205587248590547773e+02,9.076982296051371080e+00,-4.354173543747543763e-03,1.213199422793027935e+02,2.454240827536128267e-01,0.000000000000000000e+00,8.820889011952415260e+00,1.000000000000000000e+00
3.020000000000000000e+02,9.923761989585689491e+01,1.229311652362778062e+01,-6.379588378824397471e-03,1.738142583288751268e+02,1.222656664337586907e-01,0.000000000000000000e+00,5.290412093247150338e+00,1.000000000000000000e+00
3.030000000000000000e+02,1.132234863838601626e+02,3.894861763276236388e+01,-7.616865336964131518e-03,2.058817669481531993e+02,9.123802613843823295e-02,0.000000000000000000e+00,8.635337055340780665e+00,1.000000000000000000e+00
3.040000000000000000e+02,1.418737581673974546e+02,1.678945407379401900e+01,-6.668714451597598791e-02,1.736854015525497289e+03,1.005320535042886210e-02,0.000000000000000000e+00,1.430486579391619983e+01,1.000000000000000000e+00
3.040000000000000000e+02,1.227938597310028683e+02,4.490287530508314973e+01,-5.644103555087872509e-03,1.547521027061114864e+02,1.475863486784092515e-01,0.000000000000000000e+00,9.847768719635539014e+00,1.000000000000000000e+00
3.050000000000000000e+02,5.508647630743062251e+01,3.126429834800324059e+01,4.561584459124287672e-03,-1.266955788922857096e+02,1.914698166894966969e-01,0.000000000000000000e+00,1.257408386239336373e+01,1.000000000000000000e+00
3.050000000000000000e+02,8.678893495076242459e+01,3.672921443792964880e+01,-8.209374194274933131e-03,2.212382986962106202e+02,1.027460066556240559e-01,0.000000000000000000e+00,7.754343900626256669e+00,1.000000000000000000e+00
3.050000000000000000e+02,8.384989573743213498e+01,4.822840346316900195e+01,-3.520843643495626205e-03,9.972185659345224451e+01,2.482764393887000320e-01,0.000000000000000000e+00,9.350271910640215012e+00,1.000000000000000000e+00
3.060000000000000000e+02,1.114280040667066629e+02,6.290500829465954347e+00,3.176753599781955047e-03,-9.080379635640888125e+01,4.394390903172671337e-01,0.000000000000000000e+00,9.546441282040245113e+00,1.000000000000000000e+00
3.060000000000000000e+02,6.331949135107193172e+01,2.176034925987797308e+01,-5.019231831216602359e-03,1.385567963445409418e+02,3.961325520701297620e-01,0.000000000000000000e+00,6.914397521236853805e+00,1.000000000000000000e+00
3.070000000000000000e+02,1.817956104001418893e+01,2.671262479354318842e+01,-6.372505835329165744e-03,1.736306943151063535e+02,2.043288984326661062e-01,0.000000000000000000e+00,1.404140883802710604e+01,1.000000000000000000e+00
3.070000000000000000e+02,7.450077364905662591e+01,4.808177133996064612e+01,3.359269691313517079e-03,-9.553421366503245338e+01,3.234896390986423675e-01,0.000000000000000000e+00,9.350271910640215012e+00,1.000000000000000000e+00
3.080000000000000000e+02,2.646992357968157705e+01,1.537988235768480472e+01,-8.642976733114843269e-02,2.248539554585862334e+03,5.585995036965107907e-03,0.000000000000000000e+00,7.926664593696359340e+00,1.000000000000000000e+00
3.080000000000000000e+02,8.342844332444774125e+01,1.441361596371929288e+01,-8.034909164801207204e-03,2.167165472810521578e+02,2.209821144332011489e-01,0.000000000000000000e+00,3.548177434367422833e+00,1.000000000000000000e+00
3.080000000000000000e+02,1.009671412922891278e+02,3.866449611616312865e+01,-3.275282148762295731e-02,8.573506924884406999e+02,2.577307706084319694e-02,0.000000000000000000e+00,7.421326387250895884e+00,1.000000000000000000e+00
3.080000000000000000e+02,1.089127743387098768e+01,4.758605404551263973e+01,5.360399355549191718e-03,-1.473991112807231616e+02,2.938155413974202768e-01,0.000000000000000000e+00,1.129288988621930834e+01,1.000000000000000000e+00
3.090000000000000000e+02,5.899617498379011238e+01,1.440662759495572409e+01,-3.562577522421294524e-02,9.318113604131089005e+02,5.216448437016052431e-02,0.000000000000000000e+00,8.530432974753024311e+00,1.000000000000000000e+00
3.090000000000000000e+02,8.059189406823412583e+01,2.658717524957193135e+01,-1.616711030560104637e-02,4.274853880492403277e+02,3.885348928694488668e-01,0.000000000000000000e+00,5.721722291338453559e+00,1.000000000000000000e+00
3.090000000000000000e+02,1.127733539137671954e+02,2.602856639802734762e+01,4.557325161519944212e-03,-1.265851872279612564e+02,3.191488113194169696e-01,0.000000000000000000e+00,9.815308322452644063e+00,1.000000000000000000e+00
3.090000000000000000e+02,8.041965575736047356e+01,3.230630454899039705e+01,-2.697054906208025057e-02,7.074868567277785587e+02,9.651572228107840878e-02,0.000000000000000000e+00,5.721722291338453559e+00,1.000000000000000000e+00
3.090000000000000000e+02,1.428738740232452074e+02,5.276542929854296915e+01,-7.895700830097289805e-03,2.131085721679416736e+02,1.319746693784857872e-01,0.000000000000000000e+00,1.830346305197367229e+01,1.000000000000000000e+00
3.090000000000000000e+02,6.976683930099525810e+01,4.514173801511595308e+00,-8.005876558782229133e-03,2.159640857261603060e+02,1.128542269909061924e-01,0.000000000000000000e+00,1.002354325362332688e+01,1.000000000000000000e+00
3.090000000000000000e+02,1.313956088552860706e+02,4.463927911631388135e+00,-8.876905217752053406e-03,2.385392406624882824e+02,1.024466582621638144e-01,0.000000000000000000e+00,1.115340278682201358e+01,1.000000000000000000e+00
3.100000000000000000e+02,9.315844820554576700e+01,2.823772669037299110e+01,-7.899702600274820935e-03,2.132122892854521012e+02,2.819330157260649949e-01,0.000000000000000000e+00,5.787557124568881939e+00,1.000000000000000000e+00
3.100000000000000000e+02,5.621636791673880396e+01,4.812107887394331840e+01,-4.439197733819769814e-02,1.159012117688338321e+03,1.034978327488722538e-02,0.000000000000000000e+00,1.276299971422447399e+01,1.000000000000000000e+00
3.100000000000000000e+02,9.505537546793232195e+01,4.830548387834629409e+01,-4.050515109380110890e-02,1.058274095151150505e+03,9.035545928970156737e-03,0.000000000000000000e+00,9.084397275362450230e+00,1.000000000000000000e+00
3.100000000000000000e+02,1.245243102427605777e+02,4.803287559310211918e+01,-7.767094992183564903e-03,2.097753905478875254e+02,1.592633543219417191e-01,0.000000000000000000e+00,7.070915108697264806e+00,1.000000000000000000e+00
3.110000000000000000e+02,9.297897564826587313e+01,3.946156858897915498e+01,-9.555029736999386472e-03,2.561147428351002873e+02,1.725166211546753647e-01,0.000000000000000000e+00,8.027833760316323009e+00,1.000000000000000000e+00
3.110000000000000000e+02,1.050038136388291434e+02,1.787951107315346988e+01,-3.375746811985604751e-02,8.833889326144842471e+02,1.381991713364338903e-02,0.000000000000000000e+00,7.128696297710392926e+00,1.000000000000000000e+00
3.110000000000000000e+02,9.743447480051320042e+01,3.213790797196481464e+01,-8.782824797229879174e-03,2.361008822366301558e+02,3.164608436176726824e-01,0.000000000000000000e+00,5.787557124568881939e+00,1.000000000000000000e+00
3.110000000000000000e+02,1.105394327125751772e+02,4.139143880028661471e+01,-7.846052825073593709e-03,2.118218046268883938e+02,8.478204080003326482e-02,0.000000000000000000e+00,6.952539901844661863e+00,1.000000000000000000e+00
3.110000000000000000e+02,3.718915293389861176e+01,2.432434222396586065e+01,-8.958118309585221331e-03,2.406441061133683661e+02,3.207280393372093918e-01,0.000000000000000000e+00,4.933702913970950732e+00,1.000000000000000000e+00
3.130000000000000000e+02,3.086195942142764537e+01,2.197852106167348296e+01,-8.113085889057392724e-03,2.187427167352068409e+02,1.531300592769233582e-01,0.000000000000000000e+00,6.748055621415212535e+00,1.000000000000000000e+00
3.130000000000000000e+02,1.733663609419973994e+01,2.894222732078255333e+01,-4.312864005363143544e-02,1.126269182490713092e+03,2.147634084517802133e-02,0.000000000000000000e+00,7.498009119440989245e+00,1.000000000000000000e+00
3.130000000000000000e+02,3.179610010118731012e+01,3.779396140101351165e+01,-8.141751202870606621e-03,2.194856588806433990e+02,1.484462746909157582e-01,0.000000000000000000e+00,6.332084469575057106e+00,1.000000000000000000e+00
3.130000000000000000e+02,1.281141703766921296e+02,4.194101670658708514e+01,-5.292522134182953836e-03,1.456398823814093646e+02,1.279025336914414446e-01,0.000000000000000000e+00,7.070915108697264806e+00,1.000000000000000000e+00
3.130000000000000000e+02,1.206123642647092566e+02,1.867882575121323185e+01,-4.325975637118955816e-03,1.205891143042814377e+02,3.230755242116416515e-01,0.000000000000000000e+00,5.912869826871804513e+00,1.000000000000000000e+00
3.130000000000000000e+02,1.355206852499886452e+02,2.822578130048874101e+01,-2.843348708230656469e-02,7.454030057875743296e+02,2.334204810653472961e-02,0.000000000000000000e+00,1.126214440018263119e+01,1.000000000000000000e+00
3.140000000000000000e+02,1.303671204904999854e+02,1.821195751732171431e+01,-8.877525624698560935e-03,2.385553202516002500e+02,8.393579399698958277e-02,0.000000000000000000e+00,5.377935556893750579e+00,1.000000000000000000e+00
3.140000000000000000e+02,3.994427816447017676e+01,4.990792973699014823e+01,-7.503629646475675451e-03,2.029469458825383015e+02,5.817514280542834815e-02,0.000000000000000000e+00,7.689361946127243108e+00,1.000000000000000000e+00
3.140000000000000000e+02,3.594141796147202683e+01,6.494462026027321144e+00,-5.553340289316882443e-03,1.523997176654968939e+02,1.771839216191315458e-01,0.000000000000000000e+00,8.788657957510976004e+00,1.000000000000000000e+00
3.140000000000000000e+02,7.726666743420638284e+01,1.116428638172801158e+01,-3.944316839390432823e-03,1.106973542539011106e+02,4.544013117901438692e-01,0.000000000000000000e+00,5.176068401397284191e+00,1.000000000000000000e+00
3.140000000000000000e+02,1.172999549284614034e+02,4.301413731056231171e+01,-3.634507135626258850e-03,1.026677653405742063e+02,2.855214264573423533e-01,0.000000000000000000e+00,6.952539901844661863e+00,1.000000000000000000e+00
3.160000000000000000e+02,9.044754769926830917e+00,1.470129187780242042e+01,-1.024246922069561860e-02,2.739316684826975461e+02,1.562925877246104100e-01,0.000000000000000000e+00,1.152412882613162992e+01,1.000000000000000000e+00
3.160000000000000000e+02,1.112315346140675132e+02,3.057619594557430176e+01,-3.957088305374755616e-02,1.034059913976889902e+03,1.875112342018914191e-02,0.000000000000000000e+00,6.580748598769454283e+00,1.000000000000000000e+00
3.160000000000000000e+02,1.061731065226831987e+02,1.084736594831722734e+01,-7.037021278032596153e-03,1.908534790330684530e+02,2.072406148528721515e-01,0.000000000000000000e+00,7.128696297710392926e+00,1.000000000000000000e+00
3.160000000000000000e+02,6.370202740601419222e+00,2.591076629205170434e+01,-3.114877784387047339e-03,8.920011075437169268e+01,4.614990306050805735e-01,0.000000000000000000e+00,1.137771578427003938e+01,1.000000000000000000e+00
3.170000000000000000e+02,2.180142357184265833e+01,2.291845661343460350e+01,-4.268880803686421477e-02,1.114869700025669090e+03,2.359151348106369728e-02,0.000000000000000000e+00,5.506773288853427317e+00,1.000000000000000000e+00
3.170000000000000000e+02,5.969429538994616280e+01,1.596086103585193250e+01,-6.877600735333324819e-03,1.867216477616082955e+02,2.579646678480248534e-01,0.000000000000000000e+00,1.821525151279778854e+01,1.000000000000000000e+00
3.170000000000000000e+02,7.900866053460099181e+01,3.578164340026036427e+01,4.564802596156446006e-03,-1.267789859551408398e+02,2.728077019148501536e-01,0.000000000000000000e+00,4.184336993919963277e+00,1.000000000000000000e+00
3.170000000000000000e+02,4.939217177604996323e+01,3.684425644343823336e+01,-6.471761347284629359e-03,1.762031797753772651e+02,2.055488947931574106e-01,0.000000000000000000e+00,3.542829207618130027e+00,1.000000000000000000e+00
3.170000000000000000e+02,1.086728459957322173e+02,4.424251820692516191e+01,3.444931312133448463e-03,-9.775437524317625559e+01,1.691793000312289408e-01,0.000000000000000000e+00,8.711773336626487563e+00,1.000000000000000000e+00
3.170000000000000000e+02,3.227600701256328364e+01,5.047705597903340191e+01,-8.917029316349552384e-03,2.395791694101719145e+02,1.447747242373480514e-01,0.000000000000000000e+00,4.864414892124800716e+00,1.000000000000000000e+00
3.180000000000000000e+02,9.875834191657028782e+01,6.737259136111624969e+00,3.838584689045592205e-03,-1.079570085130285406e+02,2.728059003325783438e-01,0.000000000000000000e+00,8.477718571160737682e+00,1.000000000000000000e+00
3.180000000000000000e+02,9.140170831156542874e+01,1.321866753698809660e+01,-3.845193514926543467e-03,1.081282948038678597e+02,2.161339783479929721e-01,0.000000000000000000e+00,4.976029178193849489e+00,1.000000000000000000e+00
3.180000000000000000e+02,7.531006187918431749e+01,4.397272496164270450e+01,6.278553673555334856e-03,-1.711956600750668827e+02,1.400211087038759628e-01,0.000000000000000000e+00,7.757832383486448435e+00,1.000000000000000000e+00
3.190000000000000000e+02,1.827131560462363424e+01,6.248865333597307448e+00,-8.371808060366909068e-03,2.254482287096157904e+02,2.791389550391809582e-01,0.000000000000000000e+00,1.251291090520284044e+01,1.000000000000000000e+00
3.190000000000000000e+02,1.250106479365647090e+02,1.773196519129952264e+01,-2.394160174699109384e-02,6.289831769372824510e+02,2.687917743716228269e-02,0.000000000000000000e+00,5.377935556893750579e+00,1.000000000000000000e+00
3.190000000000000000e+02,4.464071366113823558e+01,5.244356820898563143e+00,4.631522152207506043e-03,-1.285082107052392928e+02,4.504245748154394047e-01,0.000000000000000000e+00,8.788657957510976004e+00,1.000000000000000000e+00
3.190000000000000000e+02,1.354737900268009128e+02,3.201465649283852599e+01,-7.313493355417088025e-03,1.980190296934854643e+02,1.186573590680467527e-01,0.000000000000000000e+00,9.392036997305087453e+00,1.000000000000000000e+00
3.190000000000000000e+02,4.011458667672278722e+01,3.470312543095840141e+01,3.429183106839501366e-03,-9.734621625688016877e+01,3.749841213676257112e-01,0.000000000000000000e+00,3.131142955944245632e+00,1.000000000000000000e+00
3.190000000000000000e+02,2.813910440317823358e+01,4.737563654249503742e+01,4.737086464917424598e-03,-1.312442064622468365e+02,4.964985921312357053e-01,0.000000000000000000e+00,3.688283845537812411e+00,1.000000000000000000e+00
3.190000000000000000e+02,7.187909602951570776e+01,5.093062957644440303e+01,-5.978576052153511747e-03,1.634208972003451095e+02,2.140841178929706601e-01,0.000000000000000000e+00,7.757832383486448435e+00,1.000000000000000000e+00
3.190000000000000000e+02,9.571886918238183739e+01,5.295825166356809888e+01,4.035777334313540333e-03,-1.130678099469254647e+02,3.333009841534042561e-01,0.000000000000000000e+00,9.752899750763077691e+00,1.000000000000000000e+00
3.210000000000000000e+02,1.164791095352044294e+02,3.697490250761894970e+01,-9.508902665478562513e-03,2.549192301781766048e+02,6.709523971096686967e-02,0.000000000000000000e+00,8.275293844939788812e+00,1.000000000000000000e+00
3.210000000000000000e+02,2.586005817953074981e+01,3.808736153280641901e+01,3.476576845116007008e-03,-9.857455814159990837e+01,2.950459647333257829e-01,0.000000000000000000e+00,7.442024687494967594e+00,1.000000000000000000e+00
3.220000000000000000e+02,9.996132344317177854e+01,4.417641612687420150e+01,-8.092949071029616540e-03,2.182208145196823352e+02,4.973353560290805220e-02,0.000000000000000000e+00,8.711773336626487563e+00,1.000000000000000000e+00
3.220000000000000000e+02,1.435940692818449520e+02,2.093384947906851323e+01,-1.258718900329467705e-01,3.270792980855276255e+03,8.650753844705927342e-03,0.000000000000000000e+00,1.089164042375746888e+01,1.000000000000000000e+00
3.220000000000000000e+02,8.180071290764603020e+01,2.323451378014782520e+01,3.896263303295533723e-03,-1.094519118549520158e+02,2.111188871879635665e-01,0.000000000000000000e+00,4.342804280526251226e+00,1.000000000000000000e+00
3.220000000000000000e+02,7.501448890143056758e+01,3.453453913699130595e+01,4.118802670098207358e-03,-1.152196447914830202e+02,2.441859712969076668e-01,0.000000000000000000e+00,4.184336993919963277e+00,1.000000000000000000e+00
3.220000000000000000e+02,2.743945451451734385e+01,5.099695229212969139e+01,-7.339438471128953770e-03,1.986914702624663391e+02,1.843533328810352812e-01,0.000000000000000000e+00,3.688283845537812411e+00,1.000000000000000000e+00
3.230000000000000000e+02,4.125460443518716858e+01,3.178689229196811894e+01,-7.710038921255195181e-03,2.082966221652381762e+02,8.945583695153080939e-02,0.000000000000000000e+00,3.131142955944245632e+00,1.000000000000000000e+00
3.230000000000000000e+02,1.351553320991098417e+02,4.212136440237846813e+01,-9.423384093356537705e-03,2.527027761089481714e+02,1.260780825201783806e-01,0.000000000000000000e+00,8.902733973983076865e+00,1.000000000000000000e+00
3.230000000000000000e+02,9.517747552551747958e+01,1.645972420546542025e+01,4.041484618843342591e-03,-1.132157302606822782e+02,3.127747357483421364e-01,0.000000000000000000e+00,4.976029178193849489e+00,1.000000000000000000e+00
3.240000000000000000e+02,8.571849156267562364e+01,7.309409112556504162e+00,9.850984825298263886e-03,-2.637852504627640542e+02,2.547745927400066890e-01,0.000000000000000000e+00,5.439744978363811434e+00,1.000000000000000000e+00
3.240000000000000000e+02,1.190827368268796427e+01,1.829338619323519310e+01,-7.170392016445942956e-03,1.943101564370183496e+02,1.727611293087927269e-01,0.000000000000000000e+00,6.946512119967015231e+00,1.000000000000000000e+00
3.240000000000000000e+02,1.257942526731946913e+02,4.262249283697991586e+01,-7.096764517538677042e-03,1.924018929392688051e+02,1.030381051851211316e-01,0.000000000000000000e+00,9.374483331163270705e+00,1.000000000000000000e+00
3.240000000000000000e+02,1.328969356299713525e+02,2.298303535506443751e+01,-5.296579334810661878e-03,1.457450361347733576e+02,3.209690442244961250e-01,0.000000000000000000e+00,7.571477953128919580e+00,1.000000000000000000e+00
3.250000000000000000e+02,4.661825156533375747e+01,1.945426149152372730e+01,-2.681003975427250982e-02,7.033268070495416850e+02,3.724471277061092156e-02,0.000000000000000000e+00,8.844626077898023908e+00,1.000000000000000000e+00
3.250000000000000000e+02,8.402855865640704280e+01,1.950669238707054731e+01,-4.415749100462504698e-03,1.229158458340434095e+02,2.157506988294746186e-01,0.000000000000000000e+00,3.962386743628896202e+00,1.000000000000000000e+00
3.250000000000000000e+02,3.232010758838652009e+01,2.605565862003860644e+01,-6.999738031390313232e-03,1.898871789454521490e+02,2.570120228303317544e-01,0.000000000000000000e+00,5.771304839645917006e+00,1.000000000000000000e+00
3.250000000000000000e+02,5.459119429066408458e+01,2.773458873361123977e+01,-6.246086276805317902e-03,1.703541762680039540e+02,1.388405740937982413e-01,0.000000000000000000e+00,1.149485254091823450e+01,1.000000000000000000e+00
3.250000000000000000e+02,8.796785552544623954e+01,4.300775962397584351e+01,-8.591822524570771197e-03,2.311505217013409208e+02,8.627914031472205814e-02,0.000000000000000000e+00,9.559765968037996942e+00,1.000000000000000000e+00
3.250000000000000000e+02,1.335275180018185495e+02,1.443174986805727045e+01,-6.220754859446986883e-03,1.696976414160996853e+02,3.280976138509568152e-01,0.000000000000000000e+00,4.890694861633251733e+00,1.000000000000000000e+00
3.250000000000000000e+02,1.339904031112148743e+02,5.134354781982749216e+01,-5.927627917847692364e-03,1.621004331561068454e+02,2.047025089644622931e-01,0.000000000000000000e+00,9.295468064164911226e+00,1.000000000000000000e+00
3.260000000000000000e+02,1.101057367215950507e+02,3.167507782040431508e+01,-4.036818264270643219e-02,1.054724172914942756e+03,9.028389569226580313e-03,0.000000000000000000e+00,8.289030265143495058e+00,1.000000000000000000e+00
3.260000000000000000e+02,1.398438708621414719e+02,3.455325522775219582e+01,-1.333721408823457591e-02,3.541406767095073178e+02,1.182443024463070147e-01,0.000000000000000000e+00,8.902733973983076865e+00,1.000000000000000000e+00
3.260000000000000000e+02,1.129356196812554103e+01,5.174401016655345842e+01,-7.079402740977088111e-03,1.919519137200875036e+02,2.111662148806351391e-01,0.000000000000000000e+00,8.754350051041155822e+00,1.000000000000000000e+00
3.260000000000000000e+02,5.161314116013310027e+00,1.664033832989124306e+01,-2.984029254581188183e-03,8.580880347287346410e+01,3.692661615783446871e-01,0.000000000000000000e+00,6.946512119967015231e+00,1.000000000000000000e+00
3.260000000000000000e+02,7.537230216916685777e+01,5.273613542799597553e+01,5.829237993885172213e-03,-1.595503818406261303e+02,4.518673592334924161e-01,0.000000000000000000e+00,1.219944441778089939e+01,1.000000000000000000e+00
3.270000000000000000e+02,6.098232100448134929e+01,4.021198351134078308e+01,8.931790039226290834e-03,-2.399617350151988262e+02,7.046827972387592620e-02,0.000000000000000000e+00,8.382915229157868353e+00,1.000000000000000000e+00
3.270000000000000000e+02,4.794274045059447786e+01,1.045078457977488284e+01,-8.396034558323769298e-03,2.260761264708531826e+02,9.767715526610865062e-02,0.000000000000000000e+00,8.464701426257017047e+00,1.000000000000000000e+00
3.280000000000000000e+02,6.420772603526124556e+01,1.091014385104261031e+01,-8.881968402334555063e-03,2.386704673164497876e+02,1.322398969909969191e-01,0.000000000000000000e+00,1.586322534223302227e+01,1.000000000000000000e+00
3.280000000000000000e+02,1.141197001871885277e+02,9.804460835000408991e+00,-3.320776226031631195e-02,8.691417608128194843e+02,9.612217680071222237e-02,0.000000000000000000e+00,1.868013197976364737e+01,1.000000000000000000e+00
3.280000000000000000e+02,7.403608116090872215e+01,3.915703320036148938e+01,-8.193951352606391667e-03,2.208385724224074522e+02,1.507336268462722284e-01,0.000000000000000000e+00,1.158387755022399723e+01,1.000000000000000000e+00
3.280000000000000000e+02,6.047989970010267946e+00,4.473525712276933319e+01,-2.705350778043611598e-02,7.096369649945005449e+02,1.909865147545664055e-02,0.000000000000000000e+00,8.754350051041155822e+00,1.000000000000000000e+00
3.280000000000000000e+02,2.646597672435892079e+01,4.525879360645975424e+01,-8.557004172342291479e-03,2.302481062778171861e+02,1.393222812446734959e-01,0.000000000000000000e+00,6.661756938924945359e+00,1.000000000000000000e+00
3.280000000000000000e+02,6.413910411392960498e+01,4.797780530553288969e+01,-9.503891565293434013e-03,2.547893534377091385e+02,7.594861528822205443e-02,0.000000000000000000e+00,8.382915229157868353e+00,1.000000000000000000e+00
3.280000000000000000e+02,4.473197813290381220e+01,5.038727897918776932e+01,-8.907993185228153463e-03,2.393449726842779341e+02,1.133082517651411436e-01,0.000000000000000000e+00,1.690569668877130383e+01,1.000000000000000000e+00
3.280000000000000000e+02,8.031128759213969204e+01,6.715295781065984571e+00,-3.356851729890714120e-02,8.784917412140166562e+02,1.832897159793911435e-01,0.000000000000000000e+00,5.439744978363811434e+00,1.000000000000000000e+00
3.280000000000000000e+02,2.398581979009813381e+01,2.494915967041951177e+01,-6.467801660010278654e-03,1.761005533545387323e+02,2.844072838860693953e-01,0.000000000000000000e+00,6.136896873015139420e+00,1.000000000000000000e+00
3.280000000000000000e+02,8.446420462019729314e+01,3.411317949348032386e+01,-6.797108875827533384e-03,1.846354750728640397e+02,8.474469117450444955e-02,0.000000000000000000e+00,9.559765968037996942e+00,1.000000000000000000e+00
3.290000000000000000e+02,9.824427952687072363e+00,3.255597758329678015e+01,-6.991655573489191297e-03,1.896776993404986342e+02,2.069343142540104319e-01,0.000000000000000000e+00,5.418030022186985484e+00,1.000000000000000000e+00
3.290000000000000000e+02,3.626788698271817424e+01,1.061764756235914930e+01,-6.735655610492977466e-03,1.830427410428360417e+02,2.186092655710050181e-01,0.000000000000000000e+00,7.533011976864050219e+00,1.000000000000000000e+00
3.290000000000000000e+02,3.918220887770217331e+01,2.424306923516458312e+01,-3.848671227455505855e-02,1.005960582151623271e+03,1.895626382336225157e-01,0.000000000000000000e+00,6.438014824309475692e+00,1.000000000000000000e+00
3.290000000000000000e+02,1.443079810029196324e+02,4.448547481441737972e+01,-2.548949467223771397e-03,7.453248838483159489e+01,2.615561545665447962e-01,0.000000000000000000e+00,1.088931886146851369e+01,1.000000000000000000e+00
3.290000000000000000e+02,2.536053554874223082e+01,5.182819276624338301e+01,-4.389054042226897198e-03,1.222239683975238194e+02,3.187383697294499107e-01,0.000000000000000000e+00,6.661756938924945359e+00,1.000000000000000000e+00
3.300000000000000000e+02,1.306950379501156476e+02,1.841872277821241966e+01,-3.526649472373183380e-02,9.224995968098824051e+02,1.598533753671016466e-02,0.000000000000000000e+00,4.890694861633251733e+00,1.000000000000000000e+00
3.300000000000000000e+02,8.706392024410345698e+01,2.205366877840657835e+01,4.819625603346656614e-03,-1.333834401363198765e+02,1.900052221044201683e-01,0.000000000000000000e+00,3.962386743628896202e+00,1.000000000000000000e+00
3.300000000000000000e+02,3.388368842453951402e+01,3.742127763196702261e+01,-8.077995792390199603e-03,2.178332582910616111e+02,1.131459653696001988e-01,0.000000000000000000e+00,1.079115858086724700e+01,1.000000000000000000e+00
3.300000000000000000e+02,9.465388517328483076e+00,1.032985174768125880e+01,3.992921013057744092e-03,-1.119570679726086837e+02,2.819783462511868954e-01,0.000000000000000000e+00,5.999451318529263943e+00,1.000000000000000000e+00
3.300000000000000000e+02,3.073378775246538908e+01,1.572842198051661278e+01,4.550732660953901894e-03,-1.264143240535253483e+02,4.537276794623479326e-01,0.000000000000000000e+00,7.533011976864050219e+00,1.000000000000000000e+00
3.310000000000000000e+02,5.573583746282484697e+01,2.432166957613017644e+01,-8.368139465315437356e-03,2.253531467615848669e+02,8.165126554649748680e-02,0.000000000000000000e+00,1.308512713006187944e+01,1.000000000000000000e+00
3.320000000000000000e+02,4.351684711130567962e+01,2.900321064711982544e+01,-4.483452582619840837e-02,1.170482005137586611e+03,5.998748031412859394e-02,0.000000000000000000e+00,6.438014824309475692e+00,1.000000000000000000e+00
3.320000000000000000e+02,2.010563259007076198e+01,1.426132497868987059e+01,-4.638701322896617713e-03,1.286942790842209092e+02,2.109249879479252465e-01,0.000000000000000000e+00,6.764879127399551884e+00,1.000000000000000000e+00
3.320000000000000000e+02,1.930630465867394108e+01,2.097881442538161778e+01,-6.969098685042763794e-03,1.890930742006532626e+02,2.396291161574197748e-01,0.000000000000000000e+00,6.136896873015139420e+00,1.000000000000000000e+00
3.320000000000000000e+02,7.535619903791119611e+01,2.393665552552894482e+01,-3.488253942906116654e-03,9.887720293876439825e+01,3.534645438962558117e-01,0.000000000000000000e+00,7.563944125372191962e+00,1.000000000000000000e+00
3.330000000000000000e+02,8.008365809577442462e+01,5.075273388861811696e+01,-8.170256913899224399e-03,2.202244644714977255e+02,7.009215898375964482e-02,0.000000000000000000e+00,1.307797619032680636e+01,1.000000000000000000e+00
3.330000000000000000e+02,1.426053952659929358e+01,6.724308387563167955e+00,2.909899040723848852e-03,-8.388751070476658356e+01,2.490886956761187987e-01,0.000000000000000000e+00,5.999451318529263943e+00,1.000000000000000000e+00
3.330000000000000000e+02,1.344127512971166141e+02,3.160367105807721089e+01,6.305651675890613234e-03,-1.718979809400398153e+02,3.287467678728618337e-01,0.000000000000000000e+00,3.830223629319007284e+00,1.000000000000000000e+00
3.340000000000000000e+02,1.225454203314303214e+02,6.414846083623727324e+00,-8.165022198520091937e-03,2.200887921150091699e+02,2.276273859638148211e-01,0.000000000000000000e+00,9.249679953941837951e+00,1.000000000000000000e+00
3.340000000000000000e+02,9.458106183470533779e+01,5.958524709848386891e+00,-9.268400174235438133e-03,2.486859324026386560e+02,2.261080614209078909e-01,0.000000000000000000e+00,3.220719535855482984e+00,1.000000000000000000e+00
3.340000000000000000e+02,9.930891346844896361e+01,3.246579378429442642e+01,-6.687379205725435538e-02,1.741691510962016309e+03,5.527606614058266921e-03,0.000000000000000000e+00,1.341134027155153419e+01,1.000000000000000000e+00
3.340000000000000000e+02,5.407097617489290187e+00,3.569321235791294811e+01,-2.796379814064630862e-02,7.332296972280134923e+02,8.996347387860259559e-03,0.000000000000000000e+00,5.418030022186985484e+00,1.000000000000000000e+00
3.340000000000000000e+02,1.313601380785563890e+02,4.757042941977547912e+01,-8.200640772676688617e-03,2.210119475381008272e+02,1.673876281956893086e-01,0.000000000000000000e+00,6.045162994163720604e+00,1.000000000000000000e+00
3.340000000000000000e+02,6.426569520097581290e+01,5.259043336170529415e+01,-5.197833828412708884e-02,1.355633976215724260e+03,6.116000506239283041e-03,0.000000000000000000e+00,6.731003625461005946e+00,1.000000000000000000e+00
3.340000000000000000e+02,2.643806309766653229e+01,8.723702444240126752e+00,5.665779906706235394e-03,-1.553139062601043463e+02,2.361860221496709933e-01,0.000000000000000000e+00,8.217015643878271547e+00,1.000000000000000000e+00
3.340000000000000000e+02,6.568812721990815362e+01,1.234950753522120870e+01,5.081986497970193868e-03,-1.401832598487561654e+02,3.325935062248930318e-01,0.000000000000000000e+00,1.240364276537078148e+01,1.000000000000000000e+00
3.340000000000000000e+02,1.067449506068481071e+02,4.762638863004895740e+01,4.037766462935216127e-03,-1.131193638038051290e+02,2.738083614830147949e-01,0.000000000000000000e+00,7.361498047654119858e+00,1.000000000000000000e+00
3.350000000000000000e+02,1.352359857251110213e+02,2.786296281936647290e+01,-8.919238549525055140e-03,2.396364278949689890e+02,1.730345259878420805e-01,0.000000000000000000e+00,3.830223629319007284e+00,1.000000000000000000e+00
3.350000000000000000e+02,5.482174661873095545e+01,4.952157041104525348e+01,-9.511191402297123135e-03,2.549785492232566924e+02,1.366664179673052759e-01,0.000000000000000000e+00,6.760148428226389505e+00,1.000000000000000000e+00
3.350000000000000000e+02,1.239842231701078390e+02,3.628216415954052110e+01,3.381844020581116841e-03,-9.611929083276017138e+01,2.901004032933189869e-01,0.000000000000000000e+00,8.890452566795001843e+00,1.000000000000000000e+00
3.350000000000000000e+02,9.959505043623592258e+01,4.587408127804267366e+01,5.727086629707459943e-03,-1.569028422338391806e+02,2.615891412190473053e-01,0.000000000000000000e+00,7.361498047654119858e+00,1.000000000000000000e+00
3.360000000000000000e+02,1.235473826072087888e+02,2.740245035981488542e+01,-8.110117328174818938e-03,2.186657781394765152e+02,1.434324079781302830e-01,0.000000000000000000e+00,8.890452566795001843e+00,1.000000000000000000e+00
3.360000000000000000e+02,1.446263405191573099e+02,3.983931201243637332e+01,-5.561260671024883390e-03,1.526049966105369435e+02,2.140077957242775275e-01,0.000000000000000000e+00,9.482639665070614399e+00,1.000000000000000000e+00
3.360000000000000000e+02,1.253151374392052020e+02,4.752612483479577321e+01,-8.226473748041624942e-03,2.216814816749219119e+02,1.616570842214930526e-01,0.000000000000000000e+00,6.045162994163720604e+00,1.000000000000000000e+00
3.370000000000000000e+02,1.245535636625533158e+02,1.544390692138640730e+01,-2.320889761990920994e-02,6.099930908809595849e+02,2.628114610866316703e-02,0.000000000000000000e+00,5.177629227519687127e+00,1.000000000000000000e+00
3.370000000000000000e+02,8.271732040213629489e+01,2.567652419669390085e+01,-8.155098616849458179e-03,2.198315946147537545e+02,1.406759629454937821e-01,0.000000000000000000e+00,6.176827202333860178e+00,1.000000000000000000e+00
3.370000000000000000e+02,5.684733480565552100e+01,2.805022714098484826e+01,-2.767726781055162080e-02,7.258034586889795037e+02,3.294462875737569352e-02,0.000000000000000000e+00,1.289960358130586826e+01,1.000000000000000000e+00
3.370000000000000000e+02,1.098440694574874641e+02,4.093350736035118587e+01,-8.333857189583003880e-03,2.244646252666148314e+02,1.455746022003246987e-01,0.000000000000000000e+00,7.375581152740403823e+00,1.000000000000000000e+00
3.370000000000000000e+02,3.439748628674241360e+01,2.331079014600829069e+01,-7.401886430729399946e-03,2.003099845890844506e+02,2.219322269831224270e-01,0.000000000000000000e+00,4.966107938115801979e+00,1.000000000000000000e+00
3.370000000000000000e+02,4.474992512798956312e+01,4.778592361853954884e+01,-4.325044551870617891e-03,1.205649826140968486e+02,2.133283835313273258e-01,0.000000000000000000e+00,3.860538561365959520e+00,1.000000000000000000e+00
3.380000000000000000e+02,8.865178015648181997e+01,2.109808487300624691e+01,-7.846820741896127008e-03,2.118417073488808171e+02,9.442147076549467499e-02,0.000000000000000000e+00,7.495326491663736768e+00,1.000000000000000000e+00
3.380000000000000000e+02,1.409795117558049924e+02,3.108596436777169103e+01,-8.319337333386772615e-03,2.240883023983514590e+02,8.177769762694087063e-02,0.000000000000000000e+00,6.586032967293868445e+00,1.000000000000000000e+00
3.390000000000000000e+02,5.344737121938237578e+01,1.034594910419727753e+01,-8.781745017039986265e-03,2.360728966992623725e+02,6.551420907852900655e-02,0.000000000000000000e+00,1.240364276537078148e+01,1.000000000000000000e+00
3.390000000000000000e+02,1.724619906842800177e+01,3.887369767232635098e+01,-7.723487311040502616e-03,2.086451749710741126e+02,2.227138245413511353e-01,0.000000000000000000e+00,5.525636936343746086e+00,1.000000000000000000e+00
3.390000000000000000e+02,7.680865417480934809e+01,4.306794756630383603e+01,-3.260690282560753384e-02,8.535688003897399767e+02,1.133849538836817494e-02,0.000000000000000000e+00,9.022223343144540664e+00,1.000000000000000000e+00
3.390000000000000000e+02,5.214754482896911014e+01,4.331284658409931154e+01,-8.405027574881351535e-03,2.263092057616913166e+02,8.464948928399729233e-02,0.000000000000000000e+00,6.760148428226389505e+00,1.000000000000000000e+00
3.390000000000000000e+02,6.863246669699889502e+00,4.926806443086406517e+01,-7.857507907909727987e-03,2.121186952827481491e+02,1.185892326881201608e-01,0.000000000000000000e+00,1.365272789096593264e+01,1.000000000000000000e+00
3.400000000000000000e+02,1.830501368611835744e+01,1.065659993063283828e+01,-4.551187446755915189e-03,1.264261111053491504e+02,1.989723299482926144e-01,0.000000000000000000e+00,1.894596845855961931e+01,1.000000000000000000e+00
3.400000000000000000e+02,7.219376695653879494e+01,3.344340623025936310e+01,-1.899598889330209386e-02,5.008037246570651178e+02,7.051497728354982897e-02,0.000000000000000000e+00,3.682029542942847566e+00,1.000000000000000000e+00
3.410000000000000000e+02,1.058271017606832629e+02,1.897821205592441984e+01,-3.957348092293283548e-03,1.110350957854418255e+02,2.081030729755409814e-01,0.000000000000000000e+00,9.996452478314008516e+00,1.000000000000000000e+00
3.410000000000000000e+02,7.770185287002659891e+01,2.928183690460774002e+01,-8.998643109307183710e-03,2.416944201565009678e+02,3.452556772179403710e-01,0.000000000000000000e+00,6.176827202333860178e+00,1.000000000000000000e+00
3.410000000000000000e+02,4.092297219287537757e+01,4.829404684789879809e+01,5.424791421727494060e-03,-1.490680125914615530e+02,2.952166461112132323e-01,0.000000000000000000e+00,3.860538561365959520e+00,1.000000000000000000e+00
3.420000000000000000e+02,1.193952331483583720e+02,1.499728546647023464e+01,-1.504625046318393278e-02,3.984351560690419660e+02,6.694337719205856185e-02,0.000000000000000000e+00,5.177629227519687127e+00,1.000000000000000000e+00
3.420000000000000000e+02,1.027998582157472640e+02,3.194868541955423780e+01,-7.580076587904302325e-03,2.049282831547249089e+02,2.521508551326913095e-01,0.000000000000000000e+00,5.274330600261955659e+00,1.000000000000000000e+00
3.420000000000000000e+02,1.313472917894369516e+02,1.045796853989321917e+01,-8.323345534752064900e-03,2.241921861981617781e+02,1.089383058314744579e-01,0.000000000000000000e+00,8.426999668094021345e+00,1.000000000000000000e+00
3.420000000000000000e+02,7.996760151155021390e+01,1.474163369220514852e+01,-3.789226632771775221e-03,1.066777558084674098e+02,2.269275168415991750e-01,0.000000000000000000e+00,7.571829774193247431e+00,1.000000000000000000e+00
3.420000000000000000e+02,3.210747256634915914e+01,2.771738352564152308e+01,-3.600021344796302744e-03,1.017739691800565680e+02,4.620259328469777937e-01,0.000000000000000000e+00,4.966107938115801979e+00,1.000000000000000000e+00
3.430000000000000000e+02,1.281497131592134622e+02,1.898471109863259088e+01,-7.271391778232046826e-03,1.969278490322886341e+02,2.429612502602598312e-01,0.000000000000000000e+00,5.313801600875692976e+00,1.000000000000000000e+00
3.430000000000000000e+02,9.799888457397698005e+01,2.617414627464872012e+01,3.808100118964480654e-03,-1.071669152300332684e+02,3.706062243699065339e-01,0.000000000000000000e+00,7.509637158013639180e+00,1.000000000000000000e+00
3.440000000000000000e+02,5.367149379102841067e+01,2.294778107399942257e+01,-8.693493943772612198e-03,2.337856221856264085e+02,2.805715259914187687e-01,0.000000000000000000e+00,5.395886689310832374e+00,1.000000000000000000e+00
3.440000000000000000e+02,9.905171985400380663e+01,3.565948346068861241e+01,-9.148560146576728211e-03,2.455799413837335976e+02,1.677478458691691321e-01,0.000000000000000000e+00,5.274330600261955659e+00,1.000000000000000000e+00
3.440000000000000000e+02,3.786894438331092516e+01,2.524480155478015675e+01,-5.642023932396360124e-03,1.546982034411601887e+02,3.808032239008546371e-01,0.000000000000000000e+00,6.269626711397847885e+00,1.000000000000000000e+00
3.440000000000000000e+02,1.419209970610059202e+02,3.063452039300033292e+01,-8.046606155895325713e-03,2.170197076690822087e+02,8.260747335871920782e-02,0.000000000000000000e+00,7.469350482121306811e+00,1.000000000000000000e+00
3.440000000000000000e+02,1.188865041487697738e+02,3.925404228856694289e+01,3.452921406091918194e-03,-9.796146097705050693e+01,2.088229717984034783e-01,0.000000000000000000e+00,8.581284592397041777e+00,1.000000000000000000e+00
3.440000000000000000e+02,2.561776005277073054e+01,5.191566730922238548e+01,3.891475738368556977e-03,-1.093278286587434849e+02,2.045200320825162343e-01,0.000000000000000000e+00,1.099494886339980937e+01,1.000000000000000000e+00
3.450000000000000000e+02,4.668501991800448536e+01,7.309058545156782216e+00,-8.119153124887333595e-03,2.188999661982246892e+02,2.489906320433346032e-01,0.000000000000000000e+00,5.852080796563662091e+00,1.000000000000000000e+00
3.450000000000000000e+02,4.120694776006951798e+01,9.367595666990371939e+00,-9.741255460005055627e-03,2.609413056659431618e+02,3.214689827907055708e-01,0.000000000000000000e+00,5.852080796563662091e+00,1.000000000000000000e+00
3.450000000000000000e+02,1.203869061952896828e+02,2.207098794488624804e+01,-9.539025158133703636e-03,2.556999392073863646e+02,9.086631652602961129e-02,0.000000000000000000e+00,7.142876324363937712e+00,1.000000000000000000e+00
3.450000000000000000e+02,8.530821912336810442e+01,2.545040516603456382e+01,-8.506187890453945077e-03,2.289310595594298263e+02,6.798023028347077723e-02,0.000000000000000000e+00,8.516846643407310680e+00,1.000000000000000000e+00
3.450000000000000000e+02,9.146381205078043308e+01,4.761000155040598258e+01,-8.187465592302512266e-03,2.206704757217625854e+02,3.050533438936394726e-01,0.000000000000000000e+00,8.523403312399347342e+00,1.000000000000000000e+00
3.460000000000000000e+02,1.280705483050252838e+02,2.429792296899221782e+01,-8.448293234192841283e-03,2.274305568817961785e+02,1.771658797397824836e-01,0.000000000000000000e+00,5.313801600875692976e+00,1.000000000000000000e+00
3.460000000000000000e+02,1.125438249928606496e+02,2.638190648327073262e+01,-8.843259239535069746e-03,2.376672106053704567e+02,5.857470428249844652e-02,0.000000000000000000e+00,8.634617298367581739e+00,1.000000000000000000e+00
3.460000000000000000e+02,1.513708739752954102e+01,2.983481019621999053e+01,5.326605415958658024e-03,-1.465232463888980021e+02,1.875258688468867119e-01,0.000000000000000000e+00,3.532328654079996522e+00,1.000000000000000000e+00
3.460000000000000000e+02,7.215018742909154525e+01,3.356013582219074465e+01,1.801138133853088033e-02,-4.752848535251690691e+02,3.689036831807623873e-02,0.000000000000000000e+00,7.008910813832953224e+00,1.000000000000000000e+00
3.460000000000000000e+02,2.632393017221905751e+01,4.094341939591058832e+01,-6.935318642918564952e-03,1.882175695007144611e+02,1.369430763455247169e-01,0.000000000000000000e+00,7.576844282556545629e+00,1.000000000000000000e+00
3.470000000000000000e+02,9.343244511005195818e+01,9.785979123844640526e+00,-3.699286292633707784e-02,9.672432791785628297e+02,1.647492693939800468e-02,0.000000000000000000e+00,8.481569587033069624e+00,1.000000000000000000e+00
3.470000000000000000e+02,8.557947104964890173e+01,3.629766155840118813e+01,-1.972725706181014185e-02,5.197565938124827198e+02,1.955724277460957339e-02,0.000000000000000000e+00,6.464062472330492248e+00,1.000000000000000000e+00
3.470000000000000000e+02,9.890877244999458640e+01,5.175981704991354349e+01,-2.832593392979136301e-02,7.426154636591754752e+02,1.194263640135706517e-02,0.000000000000000000e+00,8.523403312399347342e+00,1.000000000000000000e+00
3.480000000000000000e+02,4.348264757206207776e+01,4.270070988300188475e+01,-3.927522930077126558e-03,1.102620929099369249e+02,2.285799894393497622e-01,0.000000000000000000e+00,7.946034335845618024e+00,1.000000000000000000e+00
3.480000000000000000e+02,5.864417446979247472e+01,2.085301616334038144e+01,-2.789085597699199337e-02,7.313391961188597179e+02,2.343696197753830646e-02,0.000000000000000000e+00,5.395886689310832374e+00,1.000000000000000000e+00
3.480000000000000000e+02,1.415225352755620065e+02,2.317580570276672347e+01,-8.882648838614110379e-03,2.386881027343858932e+02,1.163295836306924569e-01,0.000000000000000000e+00,7.469350482121306811e+00,1.000000000000000000e+00
3.480000000000000000e+02,1.272604900107593977e+02,3.737926069091116688e+01,-7.702017647733505959e-03,2.080887283253810836e+02,9.372316470428199153e-02,0.000000000000000000e+00,6.400588884588695571e+00,1.000000000000000000e+00
3.490000000000000000e+02,1.067317038639115765e+02,1.999630832243314060e+01,-9.389731785108934581e-03,2.518305819913020116e+02,1.078168038781690541e-01,0.000000000000000000e+00,8.634617298367581739e+00,1.000000000000000000e+00
3.490000000000000000e+02,8.167196954090877625e+01,4.652661459596556881e+01,-1.239738114547708249e-02,3.297822654465427945e+02,4.286586059698160867e-02,0.000000000000000000e+00,9.851594136543655011e+00,1.000000000000000000e+00
3.490000000000000000e+02,6.621954914337392495e+01,6.248394733885183072e+00,-7.529898627630502404e-03,2.036277803344047470e+02,2.381388799813539681e-01,0.000000000000000000e+00,8.023151719553071715e+00,1.000000000000000000e+00
3.490000000000000000e+02,1.651518249268768201e+01,1.333795620735264364e+01,-3.054584356945144828e-03,8.763743718200838373e+01,3.045010416296036748e-01,0.000000000000000000e+00,7.438076507158500661e+00,1.000000000000000000e+00
3.490000000000000000e+02,6.975198275176242646e+01,1.573612422182639037e+01,2.834626085895499727e-03,-8.193660059375487492e+01,2.978277612412115749e-01,0.000000000000000000e+00,5.807047687703793315e+00,1.000000000000000000e+00
3.490000000000000000e+02,4.354140377037462883e+01,2.918331894496220258e+01,-8.617869552993909568e-03,2.318256036245680320e+02,1.708807498170109573e-01,0.000000000000000000e+00,5.883596621447558128e+00,1.000000000000000000e+00
3.500000000000000000e+02,2.508703838578832901e+01,2.548281839498601542e+01,-2.363179842857224267e-02,6.209537535181198109e+02,1.219109276295138322e-02,0.000000000000000000e+00,8.207359095043134545e+00,1.000000000000000000e+00
3.500000000000000000e+02,5.965947744374270201e+01,3.533304359687056007e+01,-8.157636411917960906e-03,2.198973687041342941e+02,1.427462735283899775e-01,0.000000000000000000e+00,6.237230318540449403e+00,1.000000000000000000e+00
3.500000000000000000e+02,1.185787952380629662e+02,4.403975026955008332e+01,-7.572352652808243302e-03,2.047280956755690227e+02,6.423972597886662417e-02,0.000000000000000000e+00,1.038442407185862493e+01,1.000000000000000000e+00
3.500000000000000000e+02,7.937781457224274106e+01,3.447459804265698580e+01,-1.565506311830542133e-02,4.142142465444576374e+02,5.409504984460800081e-02,0.000000000000000000e+00,6.393120418665785287e+00,1.000000000000000000e+00
3.510000000000000000e+02,1.518725393701125093e+01,4.310130791562544061e+01,-1.129506502294749457e-02,3.012126460676012698e+02,9.520839945692372019e-02,0.000000000000000000e+00,1.129842901396322219e+01,1.000000000000000000e+00
3.510000000000000000e+02,5.810798197745961602e+01,2.929185961816049044e+01,-6.981195330875250744e-03,1.894065927640967004e+02,1.818238224203079234e-01,0.000000000000000000e+00,6.237230318540449403e+00,1.000000000000000000e+00
3.510000000000000000e+02,6.629948044275700170e+01,4.425997985595178363e+01,-4.310062985700877612e-03,1.201766932346512391e+02,1.566798745562208994e-01,0.000000000000000000e+00,1.112563844462950158e+01,1.000000000000000000e+00
3.510000000000000000e+02,1.015670212344964085e+02,7.384793180336179930e+00,-8.229804036951371068e-03,2.217677954687862609e+02,1.708808445734257830e-01,0.000000000000000000e+00,8.481569587033069624e+00,1.000000000000000000e+00
3.510000000000000000e+02,8.912370899638295896e+01,2.129885086558736873e+01,-7.827699975936717319e-03,2.113461389774044221e+02,5.439390434187907353e-02,0.000000000000000000e+00,1.229273861428175252e+01,1.000000000000000000e+00
3.520000000000000000e+02,1.328551271521035062e+02,3.426998853714054860e+01,-5.129156793298598853e-03,1.414058105816913269e+02,3.479880758011809627e-01,0.000000000000000000e+00,6.400588884588695571e+00,1.000000000000000000e+00
3.520000000000000000e+02,2.631546521269487116e+01,4.114748807047239154e+01,8.255263585924476136e-03,-2.224276512114855109e+02,9.964686083965057506e-02,0.000000000000000000e+00,1.129842901396322219e+01,1.000000000000000000e+00
3.530000000000000000e+02,5.685203292544650822e+01,8.996594777380312991e+00,-7.604681272440518350e-03,2.055659826837180049e+02,1.443752713251506004e-01,0.000000000000000000e+00,5.304926110478388246e+00,1.000000000000000000e+00
3.530000000000000000e+02,7.282190550397714901e+01,1.080688724814574186e+01,-8.449309338971859595e-03,2.274568920919889479e+02,1.115914681289484900e-01,0.000000000000000000e+00,3.778139233752650039e+00,1.000000000000000000e+00
3.530000000000000000e+02,1.341514780925858759e+02,1.990360677091090125e+01,2.704255876153708205e-03,-7.855769032060337054e+01,3.755422942583718227e-01,0.000000000000000000e+00,8.064723792191671237e+00,1.000000000000000000e+00
3.530000000000000000e+02,1.246352239773098631e+02,2.642914300882132395e+01,-3.527043831353284670e-02,9.226018060194718373e+02,1.086040634584795050e-02,0.000000000000000000e+00,1.014897753902985222e+01,1.000000000000000000e+00
3.530000000000000000e+02,1.081943845725801481e+02,4.405643663534830523e+01,-8.614996153653894928e-03,2.317511314075786686e+02,2.741994835630463534e-01,0.000000000000000000e+00,7.955131517059513158e+00,1.000000000000000000e+00
3.530000000000000000e+02,8.550527507148680684e+01,3.629838983937202102e+01,1.809616605906398668e-02,-4.774822877686438005e+02,3.772262525341119055e-02,0.000000000000000000e+00,6.393120418665785287e+00,1.000000000000000000e+00
3.540000000000000000e+02,3.834186674476530499e+01,3.193677566756142738e+01,-8.921716053745372410e-03,2.397006393776258619e+02,7.873732314525005993e-02,0.000000000000000000e+00,5.883596621447558128e+00,1.000000000000000000e+00
3.540000000000000000e+02,2.255809470380017601e+01,1.767479770032085185e+01,-2.798804465165726906e-03,8.100818264824039261e+01,4.106962079162150836e-01,0.000000000000000000e+00,7.438076507158500661e+00,1.000000000000000000e+00
3.540000000000000000e+02,1.449555406951108338e+01,2.308396646827890564e+01,-7.375506783218442781e-03,1.996262819076710571e+02,6.917077271544014305e-02,0.000000000000000000e+00,9.708947844118620552e+00,1.000000000000000000e+00
3.550000000000000000e+02,9.125984612515418704e+00,6.632139045894612117e+00,-4.349997890368705392e-03,1.212117184900888276e+02,3.099252356369120998e-01,0.000000000000000000e+00,1.730592100090072094e+01,1.000000000000000000e+00
3.550000000000000000e+02,3.439563176815640588e+01,7.099848275657762997e+00,-7.414668212940071952e-03,2.006412603867253779e+02,1.873327921421422682e-01,0.000000000000000000e+00,6.188561635239226533e+00,1.000000000000000000e+00
3.550000000000000000e+02,1.104106685851504750e+02,3.601361422584981398e+01,-6.761125890201270111e-03,1.837028749026867445e+02,4.263684039237758405e-01,0.000000000000000000e+00,4.061992281740680610e+00,1.000000000000000000e+00
3.560000000000000000e+02,6.433162733968860891e+01,3.156595127240159471e+01,-3.526800590019272662e-03,9.987624759922900353e+01,4.037831985169105797e-01,0.000000000000000000e+00,6.626104017194681006e+00,1.000000000000000000e+00
3.560000000000000000e+02,7.974618506218864411e+01,5.190321203863336308e+01,-8.271833841223418318e-03,2.228571159332899185e+02,7.335843602308345091e-02,0.000000000000000000e+00,7.490690886082378874e+00,1.000000000000000000e+00
3.570000000000000000e+02,9.002494791905409954e+01,6.835881843851440820e+00,7.368480104709853803e-03,-1.994441657919892066e+02,1.529530189797951856e-01,0.000000000000000000e+00,1.598036702774537510e+01,1.000000000000000000e+00
3.570000000000000000e+02,3.188227129609263955e+01,1.275505068146272336e+01,-8.594551040138074041e-03,2.312212388482955419e+02,1.637728165443228523e-01,0.000000000000000000e+00,5.224999830078589369e+00,1.000000000000000000e+00
3.570000000000000000e+02,9.128403803081245371e+01,3.328191673886487933e+01,-7.764844803466610865e-03,2.097170705851651746e+02,1.082372820956410964e-01,0.000000000000000000e+00,6.518681715359116779e+00,1.000000000000000000e+00
3.570000000000000000e+02,6.907478900815679879e+01,1.032371643324475663e+01,5.293650514228476212e-03,-1.456691275205817817e+02,2.276386748417598138e-01,0.000000000000000000e+00,3.778139233752650039e+00,1.000000000000000000e+00
3.570000000000000000e+02,4.115537670798745751e+01,1.674726995739737134e+01,-4.661291570221392372e-03,1.292797688131236384e+02,2.650971118969326357e-01,0.000000000000000000e+00,4.915311674452569335e+00,1.000000000000000000e+00
3.570000000000000000e+02,8.477261820788737623e+01,2.192843507207120624e+01,-6.424146782491696808e-03,1.749691145510509216e+02,7.613252458480523899e-02,0.000000000000000000e+00,1.308816771242642929e+01,1.000000000000000000e+00
3.570000000000000000e+02,1.185065866098957201e+02,4.883480699672616510e+01,-6.802341702437720780e-03,1.847710984765986950e+02,1.583099781474371914e-01,0.000000000000000000e+00,1.136548873427402562e+01,1.000000000000000000e+00
3.580000000000000000e+02,5.853064416985423435e+01,2.531617763387680853e+01,3.841250675092019225e-03,-1.080261050317669458e+02,4.675753383624898785e-01,0.000000000000000000e+00,8.527078999839336149e+00,1.000000000000000000e+00
3.580000000000000000e+02,1.165330497745103173e+02,3.254114090437249729e+01,-9.296814967343636216e-03,2.494223816001426144e+02,1.330310021948003518e-01,0.000000000000000000e+00,4.804135762256455777e+00,1.000000000000000000e+00
3.580000000000000000e+02,7.464538034246928078e+01,3.508533511257301285e+01,-8.095210317750718351e-03,2.182794210816506961e+02,9.245890701814818424e-02,0.000000000000000000e+00,1.069464118602544112e+01,1.000000000000000000e+00
3.580000000000000000e+02,1.326814465595339527e+02,3.538053022396421454e+01,6.373033485262658351e-03,-1.736443698456162679e+02,2.997760339978221555e-01,0.000000000000000000e+00,6.791210167283249000e+00,1.000000000000000000e+00
3.590000000000000000e+02,7.056638721678737625e+01,2.519912425206273099e+01,-2.906627373990094618e-02,7.618034498943499102e+02,2.142607620614433994e-02,0.000000000000000000e+00,8.911156885163547869e+00,1.000000000000000000e+00
3.590000000000000000e+02,1.440468318309038978e+02,2.681945709631645869e+01,-1.016646993311046132e-01,2.643395621377284442e+03,7.482529832887219179e-03,0.000000000000000000e+00,1.422898293848177431e+01,1.000000000000000000e+00
3.590000000000000000e+02,1.828549424858599437e+01,4.039941391397572090e+01,-7.888193127379164449e-03,2.129139889583857155e+02,2.060859036377435949e-01,0.000000000000000000e+00,1.130922352850827473e+01,1.000000000000000000e+00
3.590000000000000000e+02,1.321643577648222561e+02,4.523264171147550883e+01,-7.901507466302243668e-03,2.132590674594981692e+02,2.476656644164422216e-01,0.000000000000000000e+00,9.865671876966535692e+00,1.000000000000000000e+00
3.600000000000000000e+02,4.052429871406898343e+01,3.149624420534985703e+01,-3.683529726099976642e-02,9.631595222653949122e+02,2.433359505126964084e-02,0.000000000000000000e+00,1.185963207738998548e+01,1.000000000000000000e+00
3.600000000000000000e+02,2.666566642802354536e+01,1.305111971861304632e+01,-5.472285908529081304e-03,1.502989656572714807e+02,2.973497263332434137e-01,0.000000000000000000e+00,5.224999830078589369e+00,1.000000000000000000e+00
3.600000000000000000e+02,4.558263698721621182e+01,1.461193502419062717e+01,3.546007463813345261e-03,-1.003740476971689617e+02,4.368317530766923085e-01,0.000000000000000000e+00,4.417263625876204358e+00,1.000000000000000000e+00
3.610000000000000000e+02,1.709272373986961924e+01,2.492327393191473917e+01,-7.683633743726174872e-03,2.076122578016776004e+02,1.213536945237683184e-01,0.000000000000000000e+00,1.139770833107427173e+01,1.000000000000000000e+00
3.610000000000000000e+02,7.885564698946446072e+00,3.164160539109316517e+01,-8.981832520381169069e-03,2.412587265135104531e+02,8.703136877517592129e-02,0.000000000000000000e+00,8.562589391385525772e+00,1.000000000000000000e+00
3.610000000000000000e+02,4.832699506300394887e+01,4.794528144693170191e+01,-7.900236409862124859e-03,2.132261244606966670e+02,1.512617276757324269e-01,0.000000000000000000e+00,1.122178007051055815e+01,1.000000000000000000e+00
3.610000000000000000e+02,6.452546103842107073e+01,8.403066122203528110e+00,3.298868622789108418e-03,-9.396875027158797877e+01,3.853413626619007770e-01,0.000000000000000000e+00,4.938145663457343737e+00,1.000000000000000000e+00
3.610000000000000000e+02,4.499868407995661812e+01,1.023344019804408234e+01,-2.609788502249625174e-03,7.610930291067019482e+01,4.808770415656822284e-01,0.000000000000000000e+00,4.417263625876204358e+00,1.000000000000000000e+00
3.610000000000000000e+02,1.443070232889204760e+02,4.310395492440424903e+01,-8.287265699333464658e-03,2.232570758935072490e+02,9.211576478273797441e-02,0.000000000000000000e+00,1.232783977295192201e+01,1.000000000000000000e+00
3.610000000000000000e+02,7.972252175158517140e+00,4.504005770041855072e+01,4.364748952558076579e-03,-1.215940337112599821e+02,4.613477869492100814e-01,0.000000000000000000e+00,4.383223895465646613e+00,1.000000000000000000e+00
3.620000000000000000e+02,7.055376929845287748e+01,4.720236665363209028e+01,-4.983417030019332040e-03,1.376285551463713830e+02,2.542892854622763599e-01,0.000000000000000000e+00,1.278920381816387852e+01,1.000000000000000000e+00
3.630000000000000000e+02,1.312138695343919892e+02,1.970351323699636481e+01,-7.426571149649602473e-03,2.009497584340028880e+02,1.194052710480770774e-01,0.000000000000000000e+00,9.636191205677228311e+00,1.000000000000000000e+00
3.630000000000000000e+02,8.505235441847594302e+01,2.828043769525552875e+01,-3.662517975582314095e-02,9.577137367733224664e+02,1.571260393431117564e-02,0.000000000000000000e+00,1.243429685502517223e+01,1.000000000000000000e+00
3.630000000000000000e+02,1.131571437833016915e+02,5.061197482627535038e+01,-7.126588640279059306e-02,1.855524975939757724e+03,9.202883670566763818e-03,0.000000000000000000e+00,1.838346485008941755e+01,1.000000000000000000e+00
3.630000000000000000e+02,9.296753502035548422e+01,1.107173039456639607e+01,-6.180500010855846833e-03,1.686543239149761177e+02,2.117844011456989639e-01,0.000000000000000000e+00,9.586124725548149428e+00,1.000000000000000000e+00
3.630000000000000000e+02,1.297927137747180097e+02,2.923433152605825569e+01,-4.700733674272064740e-03,1.303020217559967477e+02,2.812457471340075177e-01,0.000000000000000000e+00,6.791210167283249000e+00,1.000000000000000000e+00
3.630000000000000000e+02,6.750302181841790983e+00,4.012860227472197749e+01,-5.125309417244446226e-03,1.413060950216734284e+02,2.881380287670558538e-01,0.000000000000000000e+00,5.061181303289880695e+00,1.000000000000000000e+00
3.630000000000000000e+02,6.382640117556456438e+00,4.912488146945769785e+01,-6.670284366302476481e-03,1.813484615828163271e+02,2.319297115183467373e-01,0.000000000000000000e+00,4.383223895465646613e+00,1.000000000000000000e+00
3.640000000000000000e+02,1.072456563649462566e+02,1.653800502665098904e+01,-3.097920259654466518e-02,8.113823757726092936e+02,2.480175575507437280e-02,0.000000000000000000e+00,8.049340699407981248e+00,1.000000000000000000e+00
3.640000000000000000e+02,1.129970495891537610e+02,3.115235744602642498e+01,-3.595706657597405077e-03,1.016621419387668226e+02,3.363716667323926046e-01,0.000000000000000000e+00,8.930314249172527141e+00,1.000000000000000000e+00
3.650000000000000000e+02,1.350315452668973535e+02,5.151620602339479404e+01,-3.167918674770250215e-02,8.295244317229286253e+02,2.330831969456959030e-02,0.000000000000000000e+00,1.252199908519009597e+01,1.000000000000000000e+00
3.650000000000000000e+02,1.121942069749539996e+02,7.948925761710960991e+00,-7.845463264217984733e-03,2.118065245008871500e+02,3.152758240847565174e-01,0.000000000000000000e+00,7.504606225880673165e+00,1.000000000000000000e+00
3.650000000000000000e+02,2.938985220739088788e+01,2.352529672853996701e+01,-4.978125382537014129e-03,1.374914072344725469e+02,2.224955807045356782e-01,0.000000000000000000e+00,9.613246618717896652e+00,1.000000000000000000e+00
3.660000000000000000e+02,1.183625913893492196e+02,2.401362690206210360e+01,-8.194854614365745457e-03,2.208619829887022377e+02,1.621530036918147344e-01,0.000000000000000000e+00,8.930314249172527141e+00,1.000000000000000000e+00
3.670000000000000000e+02,3.072983567524598669e+01,1.400589785790921127e+01,-7.585417874235335714e-03,2.050667175968533229e+02,1.840984646253525092e-01,0.000000000000000000e+00,9.324135610374003846e+00,1.000000000000000000e+00
3.670000000000000000e+02,1.007688958703827069e+02,5.501043171123662034e+00,-4.086410888718282515e-03,1.143801207691846997e+02,2.169656352853348569e-01,0.000000000000000000e+00,9.586124725548149428e+00,1.000000000000000000e+00
3.670000000000000000e+02,6.056268149971907633e+01,7.920896467813779651e+00,-2.745416450384967691e-02,7.200211096655153824e+02,1.705906956957570220e-02,0.000000000000000000e+00,1.332992490092488325e+01,1.000000000000000000e+00
3.670000000000000000e+02,1.034157889859756239e+02,2.361783564289050474e+01,-4.416783776068345518e-03,1.229426623593898000e+02,3.074273685750610330e-01,0.000000000000000000e+00,8.049340699407981248e+00,1.000000000000000000e+00
3.670000000000000000e+02,1.252296625777413936e+02,3.496558078998432961e+01,-4.096431227138520002e-03,1.146398259924535239e+02,2.263267461899579613e-01,0.000000000000000000e+00,7.325889321541985133e+00,1.000000000000000000e+00
3.680000000000000000e+02,6.197216490188686322e+01,4.209024366389613192e+01,-8.917014052792400503e-02,2.319564025323411443e+03,6.675093797877451607e-03,0.000000000000000000e+00,9.870059872001922585e+00,1.000000000000000000e+00
3.680000000000000000e+02,1.187118476707542669e+02,1.166907016293723132e+01,2.325973505486258596e-03,-6.875343986390862483e+01,4.453669402200617355e-01,0.000000000000000000e+00,6.735688583249532790e+00,1.000000000000000000e+00
3.690000000000000000e+02,8.580672495794152610e+01,2.916039601958784644e+01,-6.843833733112215587e-03,1.858464810273949297e+02,7.818450413087696393e-02,0.000000000000000000e+00,1.528081369499598985e+01,1.000000000000000000e+00
3.690000000000000000e+02,5.208666062148503784e+01,3.750072689964807893e+01,-3.411045451375747245e-02,8.925375667617980753e+02,1.320029226196117733e-02,0.000000000000000000e+00,1.083155301499221501e+01,1.000000000000000000e+00
3.690000000000000000e+02,7.732563363312287663e+01,8.804113436136749016e+00,-4.859107766215567219e-03,1.344067313160167032e+02,2.588077730104993979e-01,0.000000000000000000e+00,7.184920515627822191e+00,1.000000000000000000e+00
3.690000000000000000e+02,1.331893310261257000e+02,3.816536563306660668e+01,-7.691554999180230494e-03,2.078175593923015754e+02,1.219247467865346435e-01,0.000000000000000000e+00,8.578749608784704606e+00,1.000000000000000000e+00
3.700000000000000000e+02,5.911578039665279505e+00,2.391368124561076058e+01,-1.051017511770576188e-02,2.808700189492830646e+02,5.396341727956210921e-02,0.000000000000000000e+00,9.595281310591408541e+00,1.000000000000000000e+00
3.700000000000000000e+02,6.299001168215347946e+01,2.180526145251634418e+01,3.239439863708763138e-03,-9.242848700918368365e+01,4.115584023290331794e-01,0.000000000000000000e+00,7.036742511136203859e+00,1.000000000000000000e+00
3.710000000000000000e+02,4.723509185037153202e+01,8.170399980617641944e+00,-8.772367182105649669e-03,2.358298437590062520e+02,1.492550982579604613e-01,0.000000000000000000e+00,7.339939129766574588e+00,1.000000000000000000e+00
3.710000000000000000e+02,1.223743169622394866e+01,1.669890481489663259e+01,-4.327499740632112339e-03,1.206286157289408862e+02,2.361143480120261318e-01,0.000000000000000000e+00,9.595281310591408541e+00,1.000000000000000000e+00
3.710000000000000000e+02,3.702397654894095780e+01,4.024329223831618663e+01,-8.102600970616866127e-03,2.184709706154298203e+02,1.278955086616998527e-01,0.000000000000000000e+00,4.802364631557748176e+00,1.000000000000000000e+00
3.710000000000000000e+02,6.054354760372483923e+01,5.185636543726629810e+01,-7.453149474679037455e-03,2.016386104015113006e+02,3.462977078601475744e-01,0.000000000000000000e+00,9.870059872001922585e+00,1.000000000000000000e+00
3.720000000000000000e+02,8.852967714347657591e+01,9.790101396307402837e+00,-7.909557336141268685e-03,2.134677024532631151e+02,7.165489398133739751e-02,0.000000000000000000e+00,8.143864417036553505e+00,1.000000000000000000e+00
3.720000000000000000e+02,5.713494155383375528e+01,2.570832421917658550e+01,-7.459457180422940543e-03,2.018020923179729209e+02,1.154256191495902639e-01,0.000000000000000000e+00,7.036742511136203859e+00,1.000000000000000000e+00
3.720000000000000000e+02,3.227362239272616051e+01,3.296345354385590554e+01,4.092380909004243901e-03,-1.145348506182438513e+02,3.104924963941403382e-01,0.000000000000000000e+00,8.692635735312297385e+00,1.000000000000000000e+00
3.730000000000000000e+02,8.182186690985982125e+01,1.440830554000443620e+01,-1.002919558659549903e-02,2.684040830421240003e+02,5.462325449388027998e-02,0.000000000000000000e+00,3.852268063971587164e+00,1.000000000000000000e+00
3.730000000000000000e+02,1.276350137012778418e+02,2.387833423124807553e+01,-8.022161991119478031e-03,2.163861684606748099e+02,1.532160645327820259e-01,0.000000000000000000e+00,9.250602337636271599e+00,1.000000000000000000e+00
3.730000000000000000e+02,4.639237178988844335e+01,1.546180103448499032e+01,-8.306781616978398119e-03,2.237628857311307797e+02,3.370014412483062216e-01,0.000000000000000000e+00,7.339939129766574588e+00,1.000000000000000000e+00
3.740000000000000000e+02,1.147785224730878326e+02,8.833707786202225520e+00,-4.956096142550561745e-02,1.292980863070839860e+03,2.227334176734185878e-02,0.000000000000000000e+00,3.798923884963185671e+00,1.000000000000000000e+00
3.740000000000000000e+02,1.357654114249987742e+02,1.946582060937730319e+01,-7.340044206404567478e-03,1.987071695940056202e+02,1.054459465249266703e-01,0.000000000000000000e+00,9.250602337636271599e+00,1.000000000000000000e+00
3.740000000000000000e+02,1.256601348271441481e+02,4.668444017813300206e+01,-8.134101032835312078e-03,2.192873832302873325e+02,1.883265643296705427e-01,0.000000000000000000e+00,1.136940748267720558e+01,1.000000000000000000e+00
3.740000000000000000e+02,3.369577337859936961e+01,4.370533927892164172e+01,-3.635479938925019819e-03,1.026929782712464032e+02,3.634369318461295739e-01,0.000000000000000000e+00,4.802364631557748176e+00,1.000000000000000000e+00
3.750000000000000000e+02,1.076495390120541060e+02,2.164996829839282810e+01,-6.888751753607348649e-03,1.870106577300421975e+02,1.371710145295702565e-01,0.000000000000000000e+00,8.402516827634551433e+00,1.000000000000000000e+00
3.750000000000000000e+02,1.427889144569072073e+02,1.142759602800338925e+01,-8.852516809196716088e-03,2.379071465331878983e+02,9.992796869042486207e-02,0.000000000000000000e+00,1.067439221969245366e+01,1.000000000000000000e+00
3.750000000000000000e+02,9.702325742685967214e+01,2.531125161781225685e+01,-8.199697044767350132e-03,2.209874881778356439e+02,1.703678532369097276e-01,0.000000000000000000e+00,3.916321012411714708e+00,1.000000000000000000e+00
3.750000000000000000e+02,1.628608658235691919e+01,2.849541107818297903e+01,-3.654410300547626667e-02,9.556124049951243933e+02,1.473488103934439408e-02,0.000000000000000000e+00,6.811290207779713057e+00,1.000000000000000000e+00
3.750000000000000000e+02,2.080670133479319617e+01,4.198048490669239641e+01,-5.701747326757104078e-03,1.562461030046622739e+02,2.143056365708259081e-01,0.000000000000000000e+00,6.155512567860549566e+00,1.000000000000000000e+00
3.750000000000000000e+02,1.407521740177432150e+02,4.905799045857001772e+01,5.608737436163806385e-03,-1.538354903696682072e+02,3.086475713540621779e-01,0.000000000000000000e+00,1.208615591245641596e+01,1.000000000000000000e+00
3.760000000000000000e+02,1.428985156761129929e+02,3.268541582060441897e+01,-4.025822111919868419e-03,1.128097923884348575e+02,2.742876239615786860e-01,0.000000000000000000e+00,4.747171626688861501e+00,1.000000000000000000e+00
3.760000000000000000e+02,8.356994453426831626e+01,4.492141260732679342e+01,-8.400740230171918274e-03,2.261980871778374080e+02,1.390768096285265321e-01,0.000000000000000000e+00,1.001820158586249754e+01,1.000000000000000000e+00
3.760000000000000000e+02,1.324335464901621719e+02,7.930377550774359463e+00,-6.630719299750239583e-03,1.803230217212401953e+02,1.039699075086101265e-01,0.000000000000000000e+00,1.092996719135795658e+01,1.000000000000000000e+00
3.760000000000000000e+02,1.003096590534206598e+02,1.274795380641672082e+01,-3.744635447261057681e-03,1.055220499527156903e+02,2.879929434870521776e-01,0.000000000000000000e+00,7.499521786792428202e+00,1.000000000000000000e+00
3.760000000000000000e+02,8.404888592266708258e+01,3.108533991840235799e+01,2.603383908539484010e-03,-7.594330987034742009e+01,3.582314026186148581e-01,0.000000000000000000e+00,1.327853708075283912e+01,1.000000000000000000e+00
3.770000000000000000e+02,5.095577921591999626e+01,4.604876836411736285e+00,-2.124098433349352194e-02,5.589890890210947418e+02,6.817129090236939692e-02,0.000000000000000000e+00,1.177698986917576107e+01,1.000000000000000000e+00
3.770000000000000000e+02,3.209987716980309358e+01,8.949571911750838993e+00,-6.796610216127137692e-03,1.846225509056957037e+02,1.897939430082647982e-01,0.000000000000000000e+00,8.445264288221640214e+00,1.000000000000000000e+00
3.770000000000000000e+02,7.815742831104735444e+01,1.559652226780653450e+01,4.341222444257786424e-03,-1.209842781486611472e+02,2.763575048095001652e-01,0.000000000000000000e+00,3.852268063971587164e+00,1.000000000000000000e+00
3.770000000000000000e+02,4.303081688703830565e+01,5.256886625957950088e+01,-7.167336322124207362e-03,1.942309595334023129e+02,1.189512569754939131e-01,0.000000000000000000e+00,6.905569866300671933e+00,1.000000000000000000e+00
3.770000000000000000e+02,9.423235598575256233e+01,2.256380927660038438e+01,4.680931675966019424e-03,-1.297887973342692192e+02,3.258982429637552469e-01,0.000000000000000000e+00,3.916321012411714708e+00,1.000000000000000000e+00
3.770000000000000000e+02,7.427410510189892534e+01,4.118621083733039967e+01,-2.024380293399443212e-02,5.331443313756448106e+02,2.083436550696871059e-02,0.000000000000000000e+00,9.521345618179479331e+00,1.000000000000000000e+00
3.770000000000000000e+02,6.034264602017872647e+01,4.569283092696977633e+01,-6.797632156214902625e-03,1.846490373543094847e+02,1.076980044891178157e-01,0.000000000000000000e+00,1.464223947277141846e+01,1.000000000000000000e+00
3.780000000000000000e+02,6.574604282261903521e+00,1.083422612884150205e+01,-6.813174379376406992e-03,1.850518577349166094e+02,1.181739490604010179e-01,0.000000000000000000e+00,7.211585341064192356e+00,1.000000000000000000e+00
3.780000000000000000e+02,1.159470600898560946e+02,2.485017929547936077e+01,-8.712684017477495199e-03,2.342829868620535194e+02,9.606789634117973709e-02,0.000000000000000000e+00,7.505232554681700030e+00,1.000000000000000000e+00
3.780000000000000000e+02,1.346868462626100040e+02,3.860394990177974250e+01,-8.209475562510107002e-03,2.212409259388290081e+02,1.241526171355834540e-01,0.000000000000000000e+00,3.935895713134870633e+00,1.000000000000000000e+00
3.780000000000000000e+02,2.668615374463331236e+01,4.380322304847646109e+01,-8.371376146276194100e-03,2.254370344424505674e+02,1.115841587684623937e-01,0.000000000000000000e+00,6.155512567860549566e+00,1.000000000000000000e+00
3.780000000000000000e+02,1.438274116648940293e+01,4.854696874462714362e+01,-3.595001395987356546e-02,9.402149182277905766e+02,9.278695907405820620e-03,0.000000000000000000e+00,9.186183877857658331e+00,1.000000000000000000e+00
3.790000000000000000e+02,9.254447466320812055e+01,1.066984109202865483e+01,-8.787243016143966509e-03,2.362153927932014028e+02,7.923604087705626853e-02,0.000000000000000000e+00,8.038447677736156649e+00,1.000000000000000000e+00
3.790000000000000000e+02,1.149080562391072107e+02,1.741721308420253322e+01,-2.453229429950416762e-03,7.205163468420504103e+01,4.599494046154347648e-01,0.000000000000000000e+00,4.338481479798588225e+00,1.000000000000000000e+00
3.800000000000000000e+02,3.267683600502655850e+01,1.737510497502756834e+01,-7.693924969636741981e-03,2.078789838353428934e+02,1.783565018198369767e-01,0.000000000000000000e+00,8.445264288221640214e+00,1.000000000000000000e+00
3.800000000000000000e+02,2.305871081885833362e+01,2.922014223230113572e+01,-3.675161794226291384e-02,9.609907376152029883e+02,2.986982840102681003e-02,0.000000000000000000e+00,6.811290207779713057e+00,1.000000000000000000e+00
3.800000000000000000e+02,1.205989750867593671e+02,5.182830100035036480e+01,-9.289317388337901826e-03,2.492280607750368233e+02,1.187149823143349714e-01,0.000000000000000000e+00,1.206283170530473114e+01,1.000000000000000000e+00
3.800000000000000000e+02,3.793901058810051552e+01,4.757026461159364317e+01,-4.641870293701977866e-03,1.287764118661712871e+02,2.851264025883543107e-01,0.000000000000000000e+00,7.135300261457080850e+00,1.000000000000000000e+00
3.810000000000000000e+02,2.036517179304654590e+01,1.254459728256337137e+01,-3.139638572673285333e-02,8.221948487077243044e+02,2.481959980863779336e-02,0.000000000000000000e+00,1.173537373622984958e+01,1.000000000000000000e+00
3.810000000000000000e+02,9.744728595282893480e+01,2.908404080893494736e+01,-6.510007419508461769e-03,1.771944341930908990e+02,2.215931730958256018e-01,0.000000000000000000e+00,6.854151106858194176e+00,1.000000000000000000e+00
3.810000000000000000e+02,1.085992593897733940e+02,5.059593257247927056e+01,-5.405349541903317623e-03,1.485641216519793204e+02,2.377362354236941533e-01,0.000000000000000000e+00,1.206283170530473114e+01,1.000000000000000000e+00
3.810000000000000000e+02,1.425311241320746376e+02,2.795248206799294977e+01,5.241994479997675975e-03,-1.443303162608744401e+02,1.956516328214985556e-01,0.000000000000000000e+00,4.747171626688861501e+00,1.000000000000000000e+00
3.810000000000000000e+02,1.519400848944714966e+01,3.919973567803871362e+01,-8.651250735619009369e-03,2.326907707599534092e+02,1.053105982509975336e-01,0.000000000000000000e+00,9.382372869931314696e+00,1.000000000000000000e+00
3.810000000000000000e+02,1.384188399097577076e+02,3.985434923092329029e+01,4.492056700488953648e-03,-1.248935716822994664e+02,3.037604707401109216e-01,0.000000000000000000e+00,3.807908393981339401e+00,1.000000000000000000e+00
3.810000000000000000e+02,4.510547625434684704e+01,4.598231301163571771e+01,-8.239708559931726087e-03,2.220244990095358730e+02,7.133547959081598666e-02,0.000000000000000000e+00,6.905569866300671933e+00,1.000000000000000000e+00
3.820000000000000000e+02,8.829776129748454139e+01,4.071479071282519158e+01,-2.840789227475916737e-02,7.447396444389003136e+02,2.540810619857103436e-02,0.000000000000000000e+00,1.079001710292297211e+01,1.000000000000000000e+00
3.820000000000000000e+02,1.172081403574891993e+02,1.373862169633104280e+01,4.145072803040511338e-03,-1.159005090951580144e+02,2.093846588573379242e-01,0.000000000000000000e+00,4.338481479798588225e+00,1.000000000000000000e+00
3.820000000000000000e+02,8.435539018034193148e+00,2.393199305091400930e+01,-7.358977964661874739e-03,1.991978911354658237e+02,2.439412909046541067e-01,0.000000000000000000e+00,6.692435961122654930e+00,1.000000000000000000e+00
3.830000000000000000e+02,1.323413859625527493e+02,8.053937910454937565e+00,-4.284729709907445470e-03,1.195201102161798872e+02,4.127549398356927801e-01,0.000000000000000000e+00,1.616572770674360626e+01,1.000000000000000000e+00
3.830000000000000000e+02,6.083696674703296026e+01,1.350271962667500425e+01,-3.857924305431558506e-03,1.084582490081905632e+02,4.045104623585799031e-01,0.000000000000000000e+00,8.030274611983266198e+00,1.000000000000000000e+00
3.830000000000000000e+02,8.748750331194062824e+01,2.121397128756730410e+01,3.230452015226627661e-03,-9.219554166354095059e+01,4.255804595426970760e-01,0.000000000000000000e+00,4.301278173197188970e+00,1.000000000000000000e+00
3.830000000000000000e+02,1.401033153586973015e+02,3.643927839726942608e+01,-4.942076952674338830e-03,1.365571108930367359e+02,2.042781954410282097e-01,0.000000000000000000e+00,3.807908393981339401e+00,1.000000000000000000e+00
3.840000000000000000e+02,7.066519976652416801e+01,1.492668892911936851e+01,-4.652134874896353758e-03,1.290424473271555712e+02,2.175052839292720419e-01,0.000000000000000000e+00,6.727811976883504741e+00,1.000000000000000000e+00
3.840000000000000000e+02,1.074702225774410635e+02,3.629333463732374554e+01,-7.746195651351942858e-03,2.092337254115198846e+02,1.124310442403881893e-01,0.000000000000000000e+00,7.859206809402664362e+00,1.000000000000000000e+00
3.840000000000000000e+02,3.366394578795657111e+01,3.842832750661320063e+01,-8.601210490229174721e-03,2.313938372077744816e+02,2.329209956304894025e-01,0.000000000000000000e+00,5.761323323555842535e+00,1.000000000000000000e+00
3.850000000000000000e+02,1.261585530877253376e+02,3.387653103072345573e+01,4.373263966892125022e-03,-1.218147242314818328e+02,3.049187639287624929e-01,0.000000000000000000e+00,1.058089755053166492e+01,1.000000000000000000e+00
3.850000000000000000e+02,2.908353435954155941e+01,4.192299166572687596e+01,-7.324808147390319928e-03,1.983122843174723755e+02,2.661256621986309856e-01,0.000000000000000000e+00,5.761323323555842535e+00,1.000000000000000000e+00
3.850000000000000000e+02,5.164772585904637836e+00,9.856591819313107905e+00,4.142532651820388448e-03,-1.158346739394883969e+02,4.372256921145019071e-01,0.000000000000000000e+00,8.740412844810760973e+00,1.000000000000000000e+00
3.850000000000000000e+02,6.629879128022622581e+01,2.578415782475634543e+01,-3.130125174963045882e-03,8.959528972016482840e+01,4.710914011775469978e-01,0.000000000000000000e+00,5.762511723816944986e+00,1.000000000000000000e+00
3.860000000000000000e+02,7.298059096750519359e+01,2.124352497121487104e+01,-8.267468992896565352e-03,2.227439886254366570e+02,7.525108799440516361e-02,0.000000000000000000e+00,6.727811976883504741e+00,1.000000000000000000e+00
3.860000000000000000e+02,9.488636996772889631e+01,2.272628202828712318e+01,6.149977218012207293e-03,-1.678632399816993939e+02,3.297421386335788185e-01,0.000000000000000000e+00,3.979564006552298583e+00,1.000000000000000000e+00
3.860000000000000000e+02,1.065194804142774814e+02,2.849184625290989459e+01,-7.817011413311772405e-03,2.110691148464301818e+02,1.054929292055712953e-01,0.000000000000000000e+00,7.859206809402664362e+00,1.000000000000000000e+00
3.860000000000000000e+02,7.994030020514875901e+01,3.389003334193911599e+01,3.192865348408958828e-03,-9.122137758959122777e+01,2.891256518845782830e-01,0.000000000000000000e+00,8.015345175536296551e+00,1.000000000000000000e+00
3.870000000000000000e+02,2.976348711087880972e+01,1.467412418948732977e+01,-8.385175078244901797e-03,2.257946725338514398e+02,2.048737812835188521e-01,0.000000000000000000e+00,6.158699624028916908e+00,1.000000000000000000e+00
3.870000000000000000e+02,1.334006023836805923e+02,2.616238072302261486e+01,-3.624724794283817192e-02,9.479185720038948375e+02,5.727090497580245021e-03,0.000000000000000000e+00,1.058089755053166492e+01,1.000000000000000000e+00
3.870000000000000000e+02,6.915177174056100107e+00,4.865693109666302263e+01,-8.602141792402507106e-03,2.314179745201797687e+02,7.289315353445513512e-02,0.000000000000000000e+00,4.074580047597428312e+00,1.000000000000000000e+00
3.870000000000000000e+02,2.029745097550616606e+01,5.085519930735295446e+01,-7.501100557362568554e-03,2.028813974324520473e+02,9.760250114978807900e-02,0.000000000000000000e+00,1.008788759598167672e+01,1.000000000000000000e+00
3.880000000000000000e+02,6.264721888008654105e+01,2.132629282302448104e+01,-8.116880827709446050e-03,2.188410732326213974e+02,6.430829869353604789e-02,0.000000000000000000e+00,5.762511723816944986e+00,1.000000000000000000e+00
3.880000000000000000e+02,1.849073990648111376e+01,1.914360957365722982e+01,-3.281441156564295081e-02,8.589469724036002845e+02,1.761969064313739786e-02,0.000000000000000000e+00,5.174928189377088650e+00,1.000000000000000000e+00
3.880000000000000000e+02,8.689234534811429000e+01,2.547387515048682260e+01,-7.529312754426373613e-03,2.036125957842523917e+02,1.936197279537573701e-01,0.000000000000000000e+00,4.301278173197188970e+00,1.000000000000000000e+00
3.880000000000000000e+02,3.773469273448130679e+01,4.805473348748534335e+01,-8.467307327923294727e-03,2.279233605427532439e+02,1.016958254128979000e-01,0.000000000000000000e+00,8.801066315329768130e+00,1.000000000000000000e+00
3.880000000000000000e+02,8.478071370569422527e+01,1.711996854987117445e+01,3.660652101714539919e-03,-1.033453855935588308e+02,2.605762427562917649e-01,0.000000000000000000e+00,4.907908759211703220e+00,1.000000000000000000e+00
3.880000000000000000e+02,1.348548511009034883e+02,4.627980739310239500e+01,3.892165963031510821e-03,-1.093457177701367584e+02,2.917621127074067067e-01,0.000000000000000000e+00,9.451884347930622710e+00,1.000000000000000000e+00
3.890000000000000000e+02,3.460384593530485375e+01,1.848207738113961796e+01,-9.203676678746573747e-03,2.470084411701343754e+02,1.339251014816588148e-01,0.000000000000000000e+00,6.158699624028916908e+00,1.000000000000000000e+00
3.890000000000000000e+02,2.149166360449425284e+01,3.765116545038280549e+01,8.673024027047421258e-03,-2.332550867814854314e+02,9.355171624816660536e-02,0.000000000000000000e+00,8.711199732266699414e+00,1.000000000000000000e+00
3.890000000000000000e+02,6.403591917268587963e+01,4.911367878582645830e+01,3.006434755690024115e-03,-8.638950498452781801e+01,4.253592507696413172e-01,0.000000000000000000e+00,1.086811966833048970e+01,1.000000000000000000e+00
3.890000000000000000e+02,7.322987696605048313e+01,4.404764686542885777e+00,-7.610298924446452264e-03,2.057115799187874927e+02,1.820507505164492557e-01,0.000000000000000000e+00,1.082997963545125053e+01,1.000000000000000000e+00
3.890000000000000000e+02,9.580498545302596369e+01,1.345777953510546787e+01,-7.557116783634105529e-03,2.043332153192755811e+02,1.036160044498966037e-01,0.000000000000000000e+00,9.313913939689486554e+00,1.000000000000000000e+00
3.900000000000000000e+02,2.740228673288975259e+01,2.090247082797911560e+01,-1.068902320411845366e-02,2.855053695996365377e+02,9.331581112059594840e-02,0.000000000000000000e+00,6.660898518535438129e+00,1.000000000000000000e+00
3.900000000000000000e+02,9.538820529021134575e+01,4.171769668967753830e+01,-6.835985510625465500e-02,1.780207010114491368e+03,8.783981532093920741e-03,0.000000000000000000e+00,9.889811847982796778e+00,1.000000000000000000e+00
3.900000000000000000e+02,4.580537009819872196e+01,4.454432963926337408e+01,-8.427259841801582746e-03,2.268854174226297857e+02,1.169412310370218089e-01,0.000000000000000000e+00,8.801066315329768130e+00,1.000000000000000000e+00
3.900000000000000000e+02,1.021148406541121467e+01,5.105204350368776289e+01,5.202603086064898352e-03,-1.433093776131815673e+02,2.281600774034718837e-01,0.000000000000000000e+00,4.074580047597428312e+00,1.000000000000000000e+00
3.910000000000000000e+02,1.063560798911434659e+02,1.844637875904442481e+01,-7.031533069000232145e-03,1.907112366763415139e+02,1.504730127098066195e-01,0.000000000000000000e+00,8.823338022078909049e+00,1.000000000000000000e+00
3.910000000000000000e+02,8.577806196908484537e+01,3.938241860432911068e+01,-3.503250423264180763e-02,9.164350758144050815e+02,1.783112066218761615e-02,0.000000000000000000e+00,3.213385680691283941e+00,1.000000000000000000e+00
3.920000000000000000e+02,1.432413608498161466e+02,1.561966826169226863e+01,-7.767276723595156057e-03,2.097801006280108709e+02,1.371139467034350190e-01,0.000000000000000000e+00,1.442183460004685891e+01,1.000000000000000000e+00
3.920000000000000000e+02,4.994496474493328719e+01,2.985392211878829016e+01,-8.294755705594470882e-03,2.234512004496570512e+02,2.889418571787114587e-01,0.000000000000000000e+00,8.530075466134347195e+00,1.000000000000000000e+00
3.920000000000000000e+02,1.249875861335976452e+02,4.188880006267734046e+01,-8.131470205364336665e-03,2.192191979448131747e+02,8.871787053301527504e-02,0.000000000000000000e+00,1.080017885550363133e+01,1.000000000000000000e+00
3.920000000000000000e+02,8.726897271264090250e+01,4.840686319919358027e+01,-9.034700708331766181e-03,2.426289541425292384e+02,2.408119199954359413e-01,0.000000000000000000e+00,9.146770746609396596e+00,1.000000000000000000e+00
3.920000000000000000e+02,1.475579147052651763e+01,2.272551436663679070e+01,8.113957845321631904e-03,-2.187653159316399183e+02,4.321022250908306273e-01,0.000000000000000000e+00,5.020803711638531119e+00,1.000000000000000000e+00
3.920000000000000000e+02,5.320214163693072607e+01,4.997698025745675920e+01,3.608162119191161542e-03,-1.019849602207910948e+02,4.113193512770580984e-01,0.000000000000000000e+00,9.177468165869756334e+00,1.000000000000000000e+00
3.930000000000000000e+02,7.662614574630892150e+01,1.964242147976965214e+01,-7.823637525124837316e-03,2.112408491507667065e+02,1.208186402415958316e-01,0.000000000000000000e+00,8.535792135928968349e+00,1.000000000000000000e+00
3.930000000000000000e+02,1.881166714968945186e+01,2.568496404283975920e+01,-8.349576884373752228e-03,2.248720453231175043e+02,3.181586079400822165e-01,0.000000000000000000e+00,5.020803711638531119e+00,1.000000000000000000e+00
3.930000000000000000e+02,1.437780960018470751e+02,4.316310750950112407e+01,-3.463327944956722665e-02,9.060880439004496338e+02,1.383485427420516611e-02,0.000000000000000000e+00,9.096556385875899764e+00,1.000000000000000000e+00
3.940000000000000000e+02,2.517565815835858345e+01,4.831434634280380891e+01,-4.172912305991138132e-02,1.089996767520324966e+03,7.967792477291957276e-03,0.000000000000000000e+00,1.128163297654175778e+01,1.000000000000000000e+00
3.940000000000000000e+02,1.253557208231278679e+02,3.048816124162085472e+01,4.516651044764163729e-03,-1.255310032143766392e+02,2.727847800994357419e-01,0.000000000000000000e+00,6.315926626869294402e+00,1.000000000000000000e+00
3.940000000000000000e+02,1.778317872365867913e+01,1.269821059723822643e+01,6.332588978001606021e-03,-1.725961368071975528e+02,3.253078696754491128e-01,0.000000000000000000e+00,4.620699899255575893e+00,1.000000000000000000e+00
3.940000000000000000e+02,7.811091123144882431e+01,4.493505642416845802e+01,-4.354676475789844708e-02,1.137106058963523992e+03,1.839228311198171095e-02,0.000000000000000000e+00,7.903186812156424601e+00,1.000000000000000000e+00
3.950000000000000000e+02,4.283940109443288691e+01,2.513447801310862673e+01,-9.111412086921873155e-02,2.369947737668546324e+03,6.304787334116768172e-03,0.000000000000000000e+00,8.530075466134347195e+00,1.000000000000000000e+00
3.950000000000000000e+02,9.941819557565136734e+01,2.389771392363594771e+01,3.987743491852391471e-03,-1.118228779638261869e+02,3.421022851876784898e-01,0.000000000000000000e+00,8.823338022078909049e+00,1.000000000000000000e+00
3.950000000000000000e+02,1.407294876310575091e+02,3.096120633696626712e+01,8.425115407585882094e-03,-2.268298383849349023e+02,2.841613076913661606e-01,0.000000000000000000e+00,3.502470769117066673e+00,1.000000000000000000e+00
3.950000000000000000e+02,1.418983024441216116e+02,3.426289884555658460e+01,-8.510225274319464447e-03,2.290356997057245962e+02,3.193266301558504994e-01,0.000000000000000000e+00,3.502470769117066673e+00,1.000000000000000000e+00
3.960000000000000000e+02,2.806820715304456471e+01,7.271423763772881799e+00,-8.522941807033375047e-03,2.293652843793321665e+02,6.705562848399959641e-02,0.000000000000000000e+00,8.141959892780677777e+00,1.000000000000000000e+00
3.960000000000000000e+02,1.492755371386568264e+01,9.065543070141197646e+00,-6.412250042244107932e-03,1.746607771024941655e+02,3.208392357963789632e-01,0.000000000000000000e+00,4.620699899255575893e+00,1.000000000000000000e+00
3.960000000000000000e+02,4.997398820168958622e+01,1.843013635374836667e+01,-2.945420363626872692e-02,7.718577430852237740e+02,9.288100899655837850e-02,0.000000000000000000e+00,8.440245883605694388e+00,1.000000000000000000e+00
3.960000000000000000e+02,4.300916092383278055e+01,4.567535380511608167e+01,-9.433226758521071065e-02,2.453355051507425287e+03,7.200508369135882880e-03,0.000000000000000000e+00,1.106349158055736659e+01,1.000000000000000000e+00
3.960000000000000000e+02,6.332202790445242613e+01,3.658202489498309973e+01,-6.807809914633622915e-03,1.849128225591256580e+02,1.278348402450549814e-01,0.000000000000000000e+00,7.811067708039420410e+00,1.000000000000000000e+00
3.970000000000000000e+02,7.292559150767030474e+01,3.325097749588443463e+01,-9.108890194196327117e-03,2.445517831112337035e+02,6.611980234486924957e-02,0.000000000000000000e+00,1.016485664710000414e+01,1.000000000000000000e+00
3.980000000000000000e+02,5.310074131450928547e+01,1.059041916833949593e+01,-8.755098736036946022e-03,2.353822834617691058e+02,3.307812434024448578e-01,0.000000000000000000e+00,6.782377205346438842e+00,1.000000000000000000e+00
3.980000000000000000e+02,9.780178212757246570e+01,3.508559060193083212e+01,-7.190044756743449623e-03,1.948195124180998050e+02,9.384487960751219937e-02,0.000000000000000000e+00,1.096412599933775311e+01,1.000000000000000000e+00
3.980000000000000000e+02,1.232958245920700620e+02,2.451758700849466521e+01,4.758399981838481139e-03,-1.317966061356398484e+02,4.329532561648679057e-01,0.000000000000000000e+00,6.315926626869294402e+00,1.000000000000000000e+00
3.980000000000000000e+02,7.716639613041995460e+01,5.278160044123556816e+01,5.488310127117874970e-03,-1.507142783035895093e+02,2.795150281151348448e-01,0.000000000000000000e+00,7.903186812156424601e+00,1.000000000000000000e+00
3.990000000000000000e+02,1.008865110958113434e+02,1.480505823740676696e+01,8.304182402234202773e-03,-2.236955197782901621e+02,1.950324858923651039e-01,0.000000000000000000e+00,9.210447214715392406e+00,1.000000000000000000e+00
3.990000000000000000e+02,3.531751039614177046e+01,1.097805476581091533e+01,-7.585008820283889279e-03,2.050561158144250555e+02,9.377191721027011706e-02,0.000000000000000000e+00,5.575505726693789299e+00,1.000000000000000000e+00
3.990000000000000000e+02,1.282779319356348537e+02,5.123106757341231088e+01,-7.457594984355833505e-03,2.017538282748741665e+02,2.404415920389898487e-01,0.000000000000000000e+00,3.561542242189331908e+00,1.000000000000000000e+00
3.990000000000000000e+02,1.391664198703332715e+02,5.294849408462022211e+01,-8.487913131135685352e-03,2.284574178269961919e+02,1.271729768382752201e-01,0.000000000000000000e+00,1.049517457705716339e+01,1.000000000000000000e+00
4.000000000000000000e+02,1.298834988257022474e+02,4.805195793321140485e+01,5.769296866112424982e-03,-1.579968391040088989e+02,4.074356816080358934e-01,0.000000000000000000e+00,3.561542242189331908e+00,1.000000000000000000e+00
4.000000000000000000e+02,4.384718702762142328e+01,1.149577152693091620e+01,-6.745811381016294031e-03,1.833059563695657346e+02,2.160106062925496451e-01,0.000000000000000000e+00,8.545373840994590964e+00,1.000000000000000000e+00
4.000000000000000000e+02,5.813444904177396921e+01,3.038759849220603115e+01,-7.395625746875562553e-03,2.001477213770164383e+02,8.679818326072474832e-02,0.000000000000000000e+00,7.539947435951295240e+00,1.000000000000000000e+00
4.000000000000000000e+02,3.782271110722285812e+01,3.378212908109251345e+01,-3.601545578932474709e-03,1.018134739901784513e+02,3.468825905055250569e-01,0.000000000000000000e+00,9.173194965843757487e+00,1.000000000000000000e+00
4.000000000000000000e+02,6.765452967693694575e+01,4.308142541587690744e+01,3.537306916727566298e-03,-1.001485485744138231e+02,2.239742307186568526e-01,0.000000000000000000e+00,7.811067708039420410e+00,1.000000000000000000e+00
4.010000000000000000e+02,8.903986372857890785e+01,5.164638685653191175e+01,-6.230849186061278473e-03,1.699592642512943996e+02,2.228888206156001139e-01,0.000000000000000000e+00,1.192761261474509205e+01,1.000000000000000000e+00
4.020000000000000000e+02,1.271773644324081971e+02,1.597017616907652560e+01,-4.150223478934648991e-02,1.084116320524131197e+03,9.410006889633337757e-03,0.000000000000000000e+00,9.387469498748579610e+00,1.000000000000000000e+00
4.020000000000000000e+02,3.635434887934724202e+01,1.645630540521574403e+01,-8.695015778389110495e-03,2.338250648054542467e+02,1.573379754231843952e-01,0.000000000000000000e+00,5.575505726693789299e+00,1.000000000000000000e+00
4.020000000000000000e+02,9.634171338800911144e+01,2.421911655534589869e+01,-7.106336564038347701e-03,1.926499794178967022e+02,1.213669511755774977e-01,0.000000000000000000e+00,1.045369218115797594e+01,1.000000000000000000e+00
4.020000000000000000e+02,1.418001270371134979e+02,3.039603097811150434e+01,-8.977558396801105928e-03,2.411479505923701936e+02,1.788281272103978692e-01,0.000000000000000000e+00,4.777856983572260852e+00,1.000000000000000000e+00
4.020000000000000000e+02,6.868194105107205516e+00,4.218053561394537354e+01,-3.688505807371576101e-02,9.644492135347379644e+02,1.608558240405403295e-01,0.000000000000000000e+00,8.906002232670935825e+00,1.000000000000000000e+00
4.020000000000000000e+02,3.247691172392787706e+01,5.220935622380500973e+01,-5.403754373923342139e-03,1.485227783919997933e+02,3.245824721566582527e-01,0.000000000000000000e+00,8.714093554153695464e+00,1.000000000000000000e+00
4.020000000000000000e+02,1.168151479376574713e+02,1.397401561625218847e+01,-5.115472901384826403e-03,1.410511540765302527e+02,2.859897293397787310e-01,0.000000000000000000e+00,8.146608043438263280e+00,1.000000000000000000e+00
4.030000000000000000e+02,7.865831835996617372e+01,1.794167397654773310e+01,4.656830900454150303e-03,-1.291641580234231412e+02,3.568474675293209497e-01,0.000000000000000000e+00,8.996599316669994906e+00,1.000000000000000000e+00
4.030000000000000000e+02,5.562871275962638151e+01,3.749900433220965823e+01,-7.761431252112923479e-03,2.096285988111322354e+02,1.810802029484676057e-01,0.000000000000000000e+00,5.995046749648445861e+00,1.000000000000000000e+00
4.030000000000000000e+02,1.013422469972108217e+02,4.714729518663332897e+01,-3.677409509636843377e-02,9.615732962155825589e+02,1.276944459378470675e-02,0.000000000000000000e+00,8.783401393571399041e+00,1.000000000000000000e+00
4.030000000000000000e+02,5.941400632867117082e+01,1.306899243063425686e+01,4.596969308356825545e-03,-1.276126766772976566e+02,4.121477032640669114e-01,0.000000000000000000e+00,6.782377205346438842e+00,1.000000000000000000e+00
4.040000000000000000e+02,1.141150148035728762e+02,4.638366050431194054e+01,-5.981056373436511447e-02,1.558628104152334345e+03,7.417979587697987043e-02,0.000000000000000000e+00,4.789315736762162601e+00,1.000000000000000000e+00
4.040000000000000000e+02,3.645733089034737162e+01,2.471111796078479372e+01,6.597407523582392297e-03,-1.794596534491986688e+02,2.229628620431255426e-01,0.000000000000000000e+00,3.141770811018029796e+00,1.000000000000000000e+00
4.040000000000000000e+02,1.123540182330341253e+02,2.995147660744559204e+01,2.813131137840349776e-03,-8.137949862277352508e+01,4.624467621915205884e-01,0.000000000000000000e+00,4.423800882425338976e+00,1.000000000000000000e+00
4.040000000000000000e+02,3.964211083667711932e+01,4.724998649114739635e+01,-7.442619469661518154e-03,2.013656957364163986e+02,1.354540605723035807e-01,0.000000000000000000e+00,8.714093554153695464e+00,1.000000000000000000e+00
4.060000000000000000e+02,7.768253982317567363e+01,8.998148077225586405e+00,-6.495298145950104129e-02,1.691908307618389017e+03,8.411430330826918933e-03,0.000000000000000000e+00,8.996599316669994906e+00,1.000000000000000000e+00
4.060000000000000000e+02,1.404282475694375876e+02,3.497269614847731134e+01,-8.210430049620449575e-03,2.212656641540172302e+02,1.386670007534419602e-01,0.000000000000000000e+00,4.777856983572260852e+00,1.000000000000000000e+00
4.060000000000000000e+02,1.111432999531978396e+02,8.126164467787972967e+00,4.456574334657672706e-03,-1.239739464806487916e+02,1.895507477466773505e-01,0.000000000000000000e+00,6.975484810867147445e+00,1.000000000000000000e+00
4.060000000000000000e+02,6.885011170451936380e+01,3.415046490133484269e+01,-7.893770235615526695e-03,2.130585353877551711e+02,2.971360893865971908e-01,0.000000000000000000e+00,8.832484476988408773e+00,1.000000000000000000e+00
4.060000000000000000e+02,1.318306368368742021e+01,3.590046411961811401e+01,3.844552919344900767e-03,-1.081116919695544567e+02,3.262329024629631036e-01,0.000000000000000000e+00,7.781981438218642744e+00,1.000000000000000000e+00
4.070000000000000000e+02,6.768274036246612013e+01,9.669601037374221164e+00,-7.014950649751354114e-03,1.902814566915987484e+02,1.879593175221725421e-01,0.000000000000000000e+00,7.956258472181708008e+00,1.000000000000000000e+00
4.070000000000000000e+02,1.084055824160096364e+02,2.795651574412386609e+01,-6.417711087305802767e-03,1.748023154286014176e+02,1.765159349270912781e-01,0.000000000000000000e+00,4.423800882425338976e+00,1.000000000000000000e+00
4.070000000000000000e+02,9.057081664379040831e+01,3.886750460438275923e+01,-8.348532335727723921e-03,2.248449729101953949e+02,7.581873388805304703e-02,0.000000000000000000e+00,1.131293123025274383e+01,1.000000000000000000e+00
4.070000000000000000e+02,6.940705626580823662e+01,4.904403736418425552e+01,-1.512381171789958789e-02,4.004453739008327489e+02,1.032628701718149022e-01,0.000000000000000000e+00,1.022683609771415547e+01,1.000000000000000000e+00
4.070000000000000000e+02,1.815017093022254713e+01,4.335273399736607303e+01,-7.287886600551102267e-03,1.973553586964830231e+02,1.408732540829257252e-01,0.000000000000000000e+00,5.451642459870138957e+00,1.000000000000000000e+00
4.070000000000000000e+02,1.069450880080090727e+01,5.256676655443644108e+01,4.243069181169739287e-03,-1.184403605646639619e+02,3.351021998763324961e-01,0.000000000000000000e+00,9.406183682193596240e+00,1.000000000000000000e+00
4.080000000000000000e+02,1.313074216665029041e+02,2.267113924873297393e+01,-3.406555464115841592e-02,8.913738604128660654e+02,3.167321538069911568e-02,0.000000000000000000e+00,6.933581089131126696e+00,1.000000000000000000e+00
4.080000000000000000e+02,6.004579629740543112e+01,3.344561580521749278e+01,-4.402152529689323801e-02,1.149410812217151943e+03,1.827065754350587490e-02,0.000000000000000000e+00,5.995046749648445861e+00,1.000000000000000000e+00
4.080000000000000000e+02,3.373085346117911598e+01,3.609606163168026427e+01,-8.185384977814522470e-03,2.206165507516190303e+02,9.317234092198145579e-02,0.000000000000000000e+00,7.206290107428641178e+00,1.000000000000000000e+00
4.080000000000000000e+02,1.099715183084376235e+02,4.878553102979818590e+01,-6.294751995024355784e-02,1.639931138068221344e+03,5.646695647568489296e-02,0.000000000000000000e+00,4.789315736762162601e+00,1.000000000000000000e+00
4.080000000000000000e+02,1.547273062552476830e+01,1.500994593514897879e+01,3.942036440475358769e-03,-1.106382513090160131e+02,3.498563699208250277e-01,0.000000000000000000e+00,9.155782209174892827e+00,1.000000000000000000e+00
4.080000000000000000e+02,1.103307105547016675e+02,1.585143595928899352e+01,2.697390602505378085e-03,-7.837975746535767030e+01,4.850686495980336410e-01,0.000000000000000000e+00,7.767890392374674491e+00,1.000000000000000000e+00
4.090000000000000000e+02,3.957943914755293235e+01,2.436017087181874530e+01,-4.410207437611119580e-02,1.151498467915501124e+03,1.110458489106280755e-02,0.000000000000000000e+00,3.141770811018029796e+00,1.000000000000000000e+00
4.090000000000000000e+02,1.247798342283950035e+02,3.495477245408219602e+01,-4.076014681794373068e-02,1.064883025777415924e+03,1.275887566851863220e-02,0.000000000000000000e+00,1.043851045219460794e+01,1.000000000000000000e+00
4.090000000000000000e+02,8.682707261580863189e+01,2.477872539159277920e+01,-7.815216572963320715e-03,2.110225965160227872e+02,1.804989760363242546e-01,0.000000000000000000e+00,6.813450119230668456e+00,1.000000000000000000e+00
4.100000000000000000e+02,1.972454128835644482e+01,6.901280573372459592e+00,-7.774485228008210652e-03,2.099669292728643768e+02,1.889577423937982559e-01,0.000000000000000000e+00,6.102751598803684452e+00,1.000000000000000000e+00
4.100000000000000000e+02,1.349892411421475629e+02,3.277979867722935126e+01,-7.004871643350643780e-03,1.900202309227826163e+02,8.898917925140492624e-02,0.000000000000000000e+00,5.864434349151493642e+00,1.000000000000000000e+00
4.100000000000000000e+02,9.570822424962498687e+00,4.279328271534112105e+01,-3.090751435573430277e-03,8.857480863956014616e+01,2.513066125192184863e-01,0.000000000000000000e+00,7.781981438218642744e+00,1.000000000000000000e+00
4.100000000000000000e+02,2.009510022367870619e+01,5.289106944261576615e+01,-9.220668678819413447e-03,2.474488365926870017e+02,9.309236859072322900e-02,0.000000000000000000e+00,9.406183682193596240e+00,1.000000000000000000e+00
4.100000000000000000e+02,1.049581858312022291e+02,4.900989798947733789e+00,-6.647279663248082185e-03,1.807522300692271244e+02,2.678593953040484532e-01,0.000000000000000000e+00,3.201814710483735116e+00,1.000000000000000000e+00
4.100000000000000000e+02,2.854435031842698933e+01,7.827495331183851768e+00,-7.370751612615658761e-03,1.995030383013889548e+02,1.310939743555912251e-01,0.000000000000000000e+00,8.868309032983770379e+00,1.000000000000000000e+00
4.100000000000000000e+02,1.370575450949164917e+02,1.879678416981132827e+01,-8.205139618962990419e-03,2.211285477795534007e+02,4.785324404772339779e-01,0.000000000000000000e+00,5.626858232893408918e+00,1.000000000000000000e+00
4.100000000000000000e+02,9.354818627046407187e+01,2.795339982540115997e+01,-5.138017534871375420e-03,1.416354615946588922e+02,1.938549713312314182e-01,0.000000000000000000e+00,7.433163964253201250e+00,1.000000000000000000e+00
4.100000000000000000e+02,2.309025887315459613e+01,4.104710249464142180e+01,-6.842858213710489683e-03,1.858211977012832392e+02,1.872446604758841726e-01,0.000000000000000000e+00,5.451642459870138957e+00,1.000000000000000000e+00
4.110000000000000000e+02,1.018259259945783697e+02,5.564741074760533479e+00,6.078720369048393538e-03,-1.660164185378043555e+02,4.094730680476359463e-01,0.000000000000000000e+00,3.201814710483735116e+00,1.000000000000000000e+00
4.110000000000000000e+02,8.475886862122945331e+01,1.646881716654709393e+01,-4.284860490024619550e-03,1.195234997503558247e+02,2.240992880338320559e-01,0.000000000000000000e+00,8.115138258186190612e+00,1.000000000000000000e+00
4.110000000000000000e+02,4.928456493589060727e+01,4.247675682597402869e+01,3.441544875594784985e-03,-9.766660622575633965e+01,2.195830293304692482e-01,0.000000000000000000e+00,8.668830878093009673e+00,1.000000000000000000e+00
4.120000000000000000e+02,6.408892362343766536e+01,1.676794803667216271e+01,-8.416044390289471877e-03,2.265947374857994419e+02,8.223220155231447670e-02,0.000000000000000000e+00,7.956258472181708008e+00,1.000000000000000000e+00
4.120000000000000000e+02,5.552739656703371907e+01,4.849137917639453121e+01,-8.941626552880567111e-03,2.402166759031843242e+02,7.491831723896857920e-02,0.000000000000000000e+00,6.522165319686750173e+00,1.000000000000000000e+00
4.130000000000000000e+02,1.384555320376439624e+02,1.334635610579251797e+01,-8.855435492093175279e-03,2.379827924007710749e+02,2.026184224391082145e-01,0.000000000000000000e+00,4.130769731264386735e+00,1.000000000000000000e+00
4.130000000000000000e+02,8.380993931253992457e+01,3.088773588082516142e+01,-3.210115281331998166e-02,8.404608678678125671e+02,1.315316334734006887e-02,0.000000000000000000e+00,6.813450119230668456e+00,1.000000000000000000e+00
4.130000000000000000e+02,1.105727970793314654e+02,3.445852144087452729e+01,3.475652288120867090e-03,-9.855059564943870498e+01,2.541451190396394333e-01,0.000000000000000000e+00,1.421570151708951180e+01,1.000000000000000000e+00
4.140000000000000000e+02,5.491171228270313520e+01,1.791722883564480995e+01,-4.005544009951029355e-03,1.122842284026268231e+02,3.271531401102155678e-01,0.000000000000000000e+00,9.248894763559247778e+00,1.000000000000000000e+00
4.140000000000000000e+02,1.147834419347434221e+02,1.879338542568942572e+01,6.209800013573231643e-03,-1.694137158065840367e+02,2.383970102787228429e-01,0.000000000000000000e+00,1.217171360986921336e+01,1.000000000000000000e+00
4.140000000000000000e+02,3.204782019591127096e+01,3.423769692064829684e+01,-5.907458845371586081e-03,1.615776949759318768e+02,3.165594659181567572e-01,0.000000000000000000e+00,5.140208494709475495e+00,1.000000000000000000e+00
4.140000000000000000e+02,1.409719419478506275e+01,4.539810318388365573e+00,3.600430402359518049e-03,-1.017845710560940233e+02,4.661311345015816121e-01,0.000000000000000000e+00,6.102751598803684452e+00,1.000000000000000000e+00
4.140000000000000000e+02,5.049968642153847753e+01,2.745480619874151174e+01,-3.733025209195185712e-02,9.759876673329092682e+02,1.663404409453517196e-02,0.000000000000000000e+00,1.050863236375887233e+01,1.000000000000000000e+00
4.140000000000000000e+02,7.187985228979312069e+01,2.728159229481772741e+01,-7.193628231207405306e-03,1.949123882269507533e+02,2.707800765664744036e-01,0.000000000000000000e+00,8.261510012637282685e+00,1.000000000000000000e+00
4.140000000000000000e+02,3.628875433513427851e+01,3.041253892920497748e+01,-6.348965749034197331e-03,1.730205868406267484e+02,3.685600860043358740e-01,0.000000000000000000e+00,4.473727806602395773e+00,1.000000000000000000e+00
4.150000000000000000e+02,6.378364159681994749e+01,2.892595238430327242e+01,-2.879790929561138954e-02,7.548480313247662252e+02,2.342567307010057220e-02,0.000000000000000000e+00,8.261510012637282685e+00,1.000000000000000000e+00
4.150000000000000000e+02,1.189135176639133959e+02,4.885192755144711185e+01,-6.792031682428663515e-03,1.845038853410671891e+02,1.500013228323842096e-01,0.000000000000000000e+00,9.393580545901913936e+00,1.000000000000000000e+00
4.150000000000000000e+02,1.262433285637202545e+02,1.469196973697004971e+01,-8.833925305566118699e-03,2.374252954819762920e+02,2.290803686764574243e-01,0.000000000000000000e+00,7.236826635650967177e+00,1.000000000000000000e+00
4.160000000000000000e+02,7.667102589862226125e+01,1.713385028139709121e+01,-4.211461287213986993e-02,1.099987819075077368e+03,9.184122408951167493e-03,0.000000000000000000e+00,8.115138258186190612e+00,1.000000000000000000e+00
4.160000000000000000e+02,5.174332328868031183e+00,2.348488681395217981e+01,4.548133543023660970e-03,-1.263469606098903597e+02,2.985656720703494527e-01,0.000000000000000000e+00,6.741065358625711212e+00,1.000000000000000000e+00
4.160000000000000000e+02,6.540836909368602292e+00,3.008599485735932788e+01,7.992466683711386272e-03,-2.156165311373605391e+02,1.163804465066949900e-01,0.000000000000000000e+00,6.741065358625711212e+00,1.000000000000000000e+00
4.160000000000000000e+02,2.191709297517731869e+01,3.181385625606881362e+01,-8.063498421408868411e-03,2.174575181903167618e+02,7.999155172837801864e-02,0.000000000000000000e+00,7.112646114909236594e+00,1.000000000000000000e+00
4.160000000000000000e+02,1.008131217423505177e+01,1.052571717243436211e+01,2.077683322165526768e-03,-6.231830216790660870e+01,4.581853579311297997e-01,0.000000000000000000e+00,7.208216788380582329e+00,1.000000000000000000e+00
4.160000000000000000e+02,4.089082304527007494e+01,3.443222246724528901e+01,2.666628495788510821e-03,-7.758247104068080091e+01,4.858084115683879434e-01,0.000000000000000000e+00,6.110392144437476247e+00,1.000000000000000000e+00
4.160000000000000000e+02,2.490479883538046124e+01,3.963590899415932256e+01,2.619332950540624767e-03,-7.635667410418054146e+01,2.837608366119651615e-01,0.000000000000000000e+00,8.373224907080988544e+00,1.000000000000000000e+00
4.170000000000000000e+02,1.322157825186521336e+02,6.569874202137766517e+00,-4.208170923792611123e-02,1.099135028948490117e+03,6.469325677768655858e-02,0.000000000000000000e+00,5.180897591746701281e+00,1.000000000000000000e+00
4.170000000000000000e+02,8.813988821134387308e+01,1.269599607204531466e+01,-8.048619701874069193e-03,2.170718943703732009e+02,9.267431575559437196e-02,0.000000000000000000e+00,7.910816003719213008e+00,1.000000000000000000e+00
4.170000000000000000e+02,5.349491621658024343e+01,4.229398746033001544e+01,-5.824767479540448809e-03,1.594345159010408963e+02,1.404617763708387868e-01,0.000000000000000000e+00,6.522165319686750173e+00,1.000000000000000000e+00
4.170000000000000000e+02,6.966795625729186270e+01,3.753446375891790865e+01,6.494441483583713974e-03,-1.767909992296009989e+02,3.281343121265382079e-01,0.000000000000000000e+00,4.243568628314017488e+00,1.000000000000000000e+00
4.180000000000000000e+02,8.309841418755830489e+01,4.047183327653311125e+01,-7.486720011404660730e-03,2.025086851804203718e+02,1.775085988883170485e-01,0.000000000000000000e+00,6.156544047120800833e+00,1.000000000000000000e+00
4.180000000000000000e+02,1.690943394962998170e+01,4.791011331058197698e+01,-7.830917410477934368e-03,2.114295278332330952e+02,1.588098490050414702e-01,0.000000000000000000e+00,1.150601219911568940e+01,1.000000000000000000e+00
4.180000000000000000e+02,6.899362747230458126e+01,5.074698083767764700e+01,-3.300364510979647559e-02,8.638514913702537115e+02,1.715809409094237736e-02,0.000000000000000000e+00,8.567888594182425877e+00,1.000000000000000000e+00
4.180000000000000000e+02,1.376258309061536806e+02,1.739294165476263743e+01,-6.123006459967197425e-03,1.671642170100139140e+02,1.383958367464966921e-01,0.000000000000000000e+00,4.130769731264386735e+00,1.000000000000000000e+00
4.180000000000000000e+02,8.953616942052263994e+01,2.048261334975932257e+01,-7.424673108459439903e-03,2.009005653638298270e+02,1.190693992427722669e-01,0.000000000000000000e+00,7.016139636511999456e+00,1.000000000000000000e+00
4.180000000000000000e+02,3.506254077052168583e+01,2.341872073501922458e+01,-6.586607751561504402e-03,1.791797470142750228e+02,1.262410663672635103e-01,0.000000000000000000e+00,6.744773011362509507e+00,1.000000000000000000e+00
4.190000000000000000e+02,1.748836530435091419e+01,2.263523104564596622e+01,-7.705121949263525963e-03,2.081691850213664452e+02,1.211457943544158589e-01,0.000000000000000000e+00,1.019121138706058538e+01,1.000000000000000000e+00
4.190000000000000000e+02,2.850092911671335827e+01,2.497987911244632997e+01,-6.070975810826115607e-03,1.658156965523898521e+02,2.409932393333423795e-01,0.000000000000000000e+00,6.744773011362509507e+00,1.000000000000000000e+00
4.190000000000000000e+02,1.406800038909939303e+02,3.804360724277251649e+01,-8.603685354877869951e-03,2.314579802785166294e+02,2.876799930889758494e-01,0.000000000000000000e+00,4.004380974909572011e+00,1.000000000000000000e+00
4.190000000000000000e+02,5.504615721881798862e+01,5.105178486565078089e+01,-4.429887242377987012e-03,1.232822755042580383e+02,3.909282813972987380e-01,0.000000000000000000e+00,8.894119632637437434e+00,1.000000000000000000e+00
4.200000000000000000e+02,1.179506003619497676e+02,1.342018256611317994e+01,-3.699140797599869551e-02,9.672055700527199633e+02,2.028422628693266061e-01,0.000000000000000000e+00,7.030083375393366474e+00,1.000000000000000000e+00
4.200000000000000000e+02,1.142187058993902582e+02,1.937795362459636550e+01,-6.954749505028814949e-02,1.810988036053222004e+03,4.976939398136726034e-02,0.000000000000000000e+00,7.030083375393366474e+00,1.000000000000000000e+00
4.200000000000000000e+02,1.265561529821680438e+02,4.339029035510080234e+01,4.842501514512445593e-03,-1.339763336462626455e+02,3.654723540697669693e-01,0.000000000000000000e+00,4.136547122617137084e+00,1.000000000000000000e+00
4.200000000000000000e+02,5.545490220858031449e+01,4.812623905836893812e+00,-4.009170182538384503e-02,1.047558395734474061e+03,1.452899534562024364e-02,0.000000000000000000e+00,1.598291931674140898e+01,1.000000000000000000e+00
4.200000000000000000e+02,9.610984090109329259e+01,1.803045946703361224e+01,5.840856998229696992e-03,-1.598515209829291450e+02,2.362757180123424838e-01,0.000000000000000000e+00,6.406171274819628891e+00,1.000000000000000000e+00
4.200000000000000000e+02,8.127250457175800591e+01,2.741062941594963931e+01,-6.720393581773743616e-03,1.826471826884337020e+02,1.054330581432890712e-01,0.000000000000000000e+00,3.603200248136799289e+00,1.000000000000000000e+00
4.200000000000000000e+02,1.408802054734790374e+02,3.404423400205239147e+01,6.223392452389005063e-03,-1.697660020477641467e+02,4.410377816870686418e-01,0.000000000000000000e+00,4.004380974909572011e+00,1.000000000000000000e+00
4.200000000000000000e+02,1.054720962294213393e+02,3.566537523070279292e+01,-7.821339141418659838e-03,2.111812800794901648e+02,1.579582646172231764e-01,0.000000000000000000e+00,6.808177217286318417e+00,1.000000000000000000e+00
4.210000000000000000e+02,5.060589263414490802e+01,2.004222718473091192e+01,-3.566501789454085830e-02,9.328284444707284138e+02,1.531960045005509308e-02,0.000000000000000000e+00,6.220726228510248923e+00,1.000000000000000000e+00
4.210000000000000000e+02,6.838240225794994842e+01,3.255438384887106196e+01,-9.697470538075380828e-03,2.598064963961695639e+02,3.032564901921187550e-01,0.000000000000000000e+00,5.143330146478660936e+00,1.000000000000000000e+00
4.210000000000000000e+02,1.392956058356632241e+02,4.678922636942242974e+00,-8.006624426044032031e-03,2.159834688074552105e+02,1.934873597218940144e-01,0.000000000000000000e+00,7.130061415999825236e+00,1.000000000000000000e+00
4.210000000000000000e+02,1.249928656911589826e+02,2.216224591250496445e+01,4.149737695470966971e-03,-1.160214128889589915e+02,2.710917905544479867e-01,0.000000000000000000e+00,9.817249865277121401e+00,1.000000000000000000e+00
4.210000000000000000e+02,1.532873225669781725e+01,3.449401255731874727e+01,-3.872957816120303071e-03,1.088478846757893024e+02,3.737595684564650744e-01,0.000000000000000000e+00,7.112646114909236594e+00,1.000000000000000000e+00
4.210000000000000000e+02,7.318128591376078873e+01,3.515446597988809430e+01,-1.009712933939056929e-02,2.701647771122464974e+02,2.919021584790235657e-01,0.000000000000000000e+00,4.243568628314017488e+00,1.000000000000000000e+00
4.210000000000000000e+02,9.279424101668904257e+01,4.371276928347907642e+01,4.794498214505883878e-03,-1.327321932566859743e+02,3.498639610446472314e-01,0.000000000000000000e+00,9.062879276370978232e+00,1.000000000000000000e+00
4.220000000000000000e+02,1.116533421458583888e+02,5.202813808061801382e+01,-6.959470266997918285e-03,1.888435266950508549e+02,1.465436366250678635e-01,0.000000000000000000e+00,1.327433359536558655e+01,1.000000000000000000e+00
4.220000000000000000e+02,1.272794743599369127e+02,4.996800262881152754e+00,-8.864324989833171839e-03,2.382131887106053512e+02,2.600148903528820554e-01,0.000000000000000000e+00,5.180897591746701281e+00,1.000000000000000000e+00
4.230000000000000000e+02,1.236393344623886463e+02,4.632341016518426358e+01,-7.391432885089802528e-03,2.000390515835884173e+02,1.370362939552561832e-01,0.000000000000000000e+00,4.136547122617137084e+00,1.000000000000000000e+00
4.230000000000000000e+02,9.644840106081677789e+01,2.442767819243077909e+01,8.204132736793840613e-03,-2.211024515992071997e+02,1.580720297346939196e-01,0.000000000000000000e+00,3.980842930215680475e+00,1.000000000000000000e+00
4.230000000000000000e+02,1.015003626977025988e+02,4.119498731248551593e+01,-7.252485389338231281e-03,1.964378368447801790e+02,1.701616304930181345e-01,0.000000000000000000e+00,5.300977283115759775e+00,1.000000000000000000e+00
4.240000000000000000e+02,1.387130809650785750e+02,1.736221910368359644e+01,-8.345387431209288012e-03,2.247634638736872148e+02,1.119220114649831510e-01,0.000000000000000000e+00,6.470767909401163642e+00,1.000000000000000000e+00
4.240000000000000000e+02,1.365559010741693271e+02,1.126161157200343865e+01,-4.149006913917387303e-03,1.160024726317966355e+02,4.018012149011883638e-01,0.000000000000000000e+00,6.470767909401163642e+00,1.000000000000000000e+00
4.240000000000000000e+02,7.903995215396348328e+01,1.869499208721483186e+01,-9.065801043639519149e-03,2.434350067114247906e+02,1.502205117402080070e-01,0.000000000000000000e+00,6.831944670065851710e+00,1.000000000000000000e+00
4.250000000000000000e+02,4.085134247822578146e+01,2.322664620663262625e+01,-8.813798475665483856e-03,2.369036521368292654e+02,3.103035341759846633e-01,0.000000000000000000e+00,5.456716203475843407e+00,1.000000000000000000e+00
4.250000000000000000e+02,9.566573842678357664e+01,2.833082431272097068e+01,-5.895061307304317461e-03,1.612563779448383059e+02,3.656554662391309218e-01,0.000000000000000000e+00,3.980842930215680475e+00,1.000000000000000000e+00
4.250000000000000000e+02,8.434091368801256294e+01,2.929952261659890311e+01,-5.321065275899324043e-03,1.463796580937019201e+02,2.387772702948138814e-01,0.000000000000000000e+00,3.603200248136799289e+00,1.000000000000000000e+00
4.250000000000000000e+02,8.278230798312054617e+01,4.002409309570458618e+01,-8.449962919815630011e-03,2.274738314758537285e+02,1.627655732139985378e-01,0.000000000000000000e+00,6.324161784159630706e+00,1.000000000000000000e+00
4.250000000000000000e+02,1.259777327194873351e+02,1.239452192716450263e+01,-6.953899372872774688e-03,1.886991413218327978e+02,3.541405626768245885e-01,0.000000000000000000e+00,3.869005497950032346e+00,1.000000000000000000e+00
4.250000000000000000e+02,6.985934642241045367e+01,1.501586770806211035e+01,-4.196180206359540442e-03,1.172251010433552665e+02,1.513530765756821994e-01,0.000000000000000000e+00,9.890372985661372240e+00,1.000000000000000000e+00
4.260000000000000000e+02,4.496181654699280728e+01,1.742653608436887325e+01,-1.030637878654023717e-02,2.755880644416573091e+02,1.718101613575142572e-01,0.000000000000000000e+00,3.607864107029963296e+00,1.000000000000000000e+00
4.260000000000000000e+02,1.035737063600776651e+02,1.661720350785856581e+01,4.589233307567722013e-03,-1.274121764818068243e+02,1.878918248860912410e-01,0.000000000000000000e+00,3.783769096431917944e+00,1.000000000000000000e+00
4.260000000000000000e+02,8.966234268192962986e+01,1.825772655703215719e+01,-6.928837625975008997e-03,1.880495957375792955e+02,3.400678603705931113e-01,0.000000000000000000e+00,4.905131348793399404e+00,1.000000000000000000e+00
4.260000000000000000e+02,3.643318084271231072e+01,2.002420971424862373e+01,-8.159245580153441646e-03,2.199390748200703172e+02,2.667365587825751838e-01,0.000000000000000000e+00,5.456716203475843407e+00,1.000000000000000000e+00
4.260000000000000000e+02,8.551442969351455758e+01,2.087595714073812658e+01,-7.712276695228318171e-03,2.083546203649937070e+02,3.059699198559480138e-01,0.000000000000000000e+00,4.905131348793399404e+00,1.000000000000000000e+00
4.260000000000000000e+02,1.236733514456355607e+02,3.734640355089003805e+01,-9.191493532064864622e-03,2.466926806941508801e+02,1.248814307546781688e-01,0.000000000000000000e+00,5.879290061616883278e+00,1.000000000000000000e+00
4.260000000000000000e+02,1.064519435834179433e+02,3.930231542112986176e+01,-4.208539904813284049e-03,1.175454373545503017e+02,2.766726417416210948e-01,0.000000000000000000e+00,5.300977283115759775e+00,1.000000000000000000e+00
4.270000000000000000e+02,1.095025798908616643e+01,1.091974392516040382e+01,4.130681610654111241e-03,-1.155275209110198062e+02,3.160155846841474769e-01,0.000000000000000000e+00,1.268848337236113899e+01,1.000000000000000000e+00
4.270000000000000000e+02,7.807482370579015196e+01,3.012726951096657046e+01,-7.435318660368907782e-03,2.011764747512697227e+02,2.149668322529620923e-01,0.000000000000000000e+00,6.320525973876175208e+00,1.000000000000000000e+00
4.270000000000000000e+02,1.323705665152467077e+02,4.647665905463013303e+01,-7.904644604326585902e-03,2.133403752054911990e+02,2.539625449883180508e-01,0.000000000000000000e+00,4.879093241323967156e+00,1.000000000000000000e+00
4.280000000000000000e+02,1.008004736957720411e+02,7.402856451203925658e+00,-8.080913458365810917e-03,2.179088778022838824e+02,1.291682269338205735e-01,0.000000000000000000e+00,7.402629458283541020e+00,1.000000000000000000e+00
4.280000000000000000e+02,6.678410133225541756e+01,2.709231907775306070e+01,-1.640195384778899562e-02,4.335720182606495996e+02,6.408446577814330691e-02,0.000000000000000000e+00,1.004664748905986116e+01,1.000000000000000000e+00
4.280000000000000000e+02,3.379580303046196121e+01,4.372637331360071045e+01,3.637601410032588467e-03,-1.027479621554769693e+02,2.729836732743832206e-01,0.000000000000000000e+00,4.701752677480306453e+00,1.000000000000000000e+00
4.280000000000000000e+02,9.375833891366244188e+01,4.546640312996094480e+01,-6.888482342537294127e-03,1.870036751852253190e+02,1.396212642057408360e-01,0.000000000000000000e+00,8.252856345920148939e+00,1.000000000000000000e+00
4.280000000000000000e+02,1.307598007000973155e+02,5.108219749723153313e+01,6.035844743904715017e-03,-1.649051762489969519e+02,3.833145207257956377e-01,0.000000000000000000e+00,4.879093241323967156e+00,1.000000000000000000e+00
4.290000000000000000e+02,2.531731245009555664e+01,2.717432084585074392e+01,-8.633464293067376338e-03,2.322297851285000263e+02,9.433866272292490418e-02,0.000000000000000000e+00,7.350466231597236444e+00,1.000000000000000000e+00
4.290000000000000000e+02,6.893616609634810288e+01,3.690576612864111894e+01,-5.522151889240424494e-02,1.439690113708311401e+03,1.099445977497903737e-02,0.000000000000000000e+00,1.004664748905986116e+01,1.000000000000000000e+00
4.290000000000000000e+02,1.292857032781293185e+02,1.038789931034652625e+01,-7.668700444213333300e-03,2.072252193882553684e+02,2.205599737866034138e-01,0.000000000000000000e+00,3.869005497950032346e+00,1.000000000000000000e+00
4.290000000000000000e+02,4.408192834929299408e+01,5.014860218670602876e+01,-7.712407629725529651e-03,2.083580139003620388e+02,1.590234595086416070e-01,0.000000000000000000e+00,1.012523267819611306e+01,1.000000000000000000e+00
4.300000000000000000e+02,1.190841114101306459e+02,2.573749639292173441e+01,-6.565778890357308259e-03,1.786399085554714645e+02,1.985379543936623969e-01,0.000000000000000000e+00,8.629158855453528787e+00,1.000000000000000000e+00
4.300000000000000000e+02,1.636801553048521640e+01,5.255103597862164833e+01,-8.121725753288226712e-03,2.189666430912817532e+02,2.618216768978943731e-01,0.000000000000000000e+00,1.847354397448968655e+01,1.000000000000000000e+00
4.310000000000000000e+02,1.374363347362464651e+02,1.096011684767623251e+01,3.662934445211659274e-03,-1.034045389377511128e+02,2.760789754350472247e-01,0.000000000000000000e+00,8.170693120909419349e+00,1.000000000000000000e+00
4.310000000000000000e+02,1.068909435275336079e+02,1.843732607240252719e+01,-4.178966782771548205e-03,1.167789668082967296e+02,3.232135912970790503e-01,0.000000000000000000e+00,3.783769096431917944e+00,1.000000000000000000e+00
4.310000000000000000e+02,1.358301395048075051e+02,3.372481320321480780e+01,-9.254991747427818161e-03,2.483384153496493525e+02,7.110075596815501608e-02,0.000000000000000000e+00,1.005387903980386177e+01,1.000000000000000000e+00
4.310000000000000000e+02,5.406715294721730913e+01,5.182658505807796701e+01,6.850417834954784270e-03,-1.860171265253149784e+02,1.790663641011344120e-01,0.000000000000000000e+00,8.340006643062489289e+00,1.000000000000000000e+00
4.310000000000000000e+02,4.186782166780180603e+01,1.928230522473493025e+01,3.892387297867110942e-03,-1.093514542842629282e+02,2.500922109185550468e-01,0.000000000000000000e+00,3.607864107029963296e+00,1.000000000000000000e+00
4.310000000000000000e+02,3.258577507353466274e+01,2.607942134657239208e+01,-2.896608511477801687e-03,8.354304929833000415e+01,4.277152504918084741e-01,0.000000000000000000e+00,7.174128453333584510e+00,1.000000000000000000e+00
4.310000000000000000e+02,9.144190257270730626e+01,5.338749904812131319e+01,2.678399871674682665e-03,-7.788755931958814926e+01,3.721443106356764341e-01,0.000000000000000000e+00,8.252856345920148939e+00,1.000000000000000000e+00
4.320000000000000000e+02,6.750543137776317337e+01,7.670014440732968453e+00,-2.798081482349150211e-03,8.098944451725877514e+01,3.434315130200439325e-01,0.000000000000000000e+00,9.779604295496877597e+00,1.000000000000000000e+00
4.320000000000000000e+02,1.067799209858440435e+02,1.176692943431246441e+01,-5.198144187799287434e-03,1.431938127369230358e+02,2.561075333244307028e-01,0.000000000000000000e+00,3.891273112731408190e+00,1.000000000000000000e+00
4.320000000000000000e+02,5.562319832792798735e+01,2.187273375749049009e+01,-8.818663147099461974e-03,2.370297337648049449e+02,1.732906253003010377e-01,0.000000000000000000e+00,5.687061614402630028e+00,1.000000000000000000e+00
4.340000000000000000e+02,5.215711125719481345e+01,2.638149303517522526e+01,-7.823466229206042441e-03,2.112364095357587246e+02,2.762543569397403198e-01,0.000000000000000000e+00,5.687061614402630028e+00,1.000000000000000000e+00
4.340000000000000000e+02,1.083943075892615298e+02,3.584660633700982402e+01,-8.066381582036645514e-03,2.175322433985037947e+02,1.014769519339759896e-01,0.000000000000000000e+00,8.887461299348791144e+00,1.000000000000000000e+00
4.340000000000000000e+02,8.911092397321229441e+01,3.808122866772819748e+01,-2.719953707807090670e-02,7.134217245261186235e+02,1.289312444866241858e-02,0.000000000000000000e+00,9.498793143617406898e+00,1.000000000000000000e+00
4.350000000000000000e+02,1.029967053105822998e+02,1.267758062566962352e+01,4.461040292236956306e-03,-1.240896943188549812e+02,3.506794844777686437e-01,0.000000000000000000e+00,3.891273112731408190e+00,1.000000000000000000e+00
4.350000000000000000e+02,1.105856251919345681e+02,2.723352933098939843e+01,4.824035599222701795e-03,-1.334977375697568220e+02,3.201982607067760389e-01,0.000000000000000000e+00,8.629158855453528787e+00,1.000000000000000000e+00
4.350000000000000000e+02,9.780534476649646081e+01,4.190668527505508933e+01,-9.915596037980983421e-03,2.654598315708776681e+02,1.066515655307997967e-01,0.000000000000000000e+00,4.929073627149872294e+00,1.000000000000000000e+00
4.350000000000000000e+02,9.546589506983316653e+01,9.059710871122607756e+00,-6.489851826420865374e-03,1.766720453691407897e+02,2.068636006112658521e-01,0.000000000000000000e+00,8.354764176386913377e+00,1.000000000000000000e+00
4.350000000000000000e+02,1.163851757612340165e+01,2.475948075153112526e+01,-4.490233297066418411e-02,1.172239417797137094e+03,6.711757206660062813e-03,0.000000000000000000e+00,1.187285095450506844e+01,1.000000000000000000e+00
4.360000000000000000e+02,2.829425220840415989e+01,1.201045903926889125e+01,-2.830992646972392904e-02,7.422005853570231011e+02,2.245291347664812864e-02,0.000000000000000000e+00,1.470893840174281664e+01,1.000000000000000000e+00
4.360000000000000000e+02,3.626212022863128226e+01,3.447259628074426985e+01,-3.461513664336381135e-02,9.056178221037224603e+02,1.231638287618630478e-02,0.000000000000000000e+00,9.163018016735179572e+00,1.000000000000000000e+00
4.360000000000000000e+02,6.037657317982495186e+01,4.637251069713570217e+01,-3.243542431793785402e-02,8.491244530780545574e+02,8.409030867413624932e-03,0.000000000000000000e+00,8.340006643062489289e+00,1.000000000000000000e+00
4.360000000000000000e+02,1.084848817835366219e+02,4.679209983895798786e+01,-6.781369388492033447e-03,1.842275420369550432e+02,2.662973103513328610e-01,0.000000000000000000e+00,6.894310779540856693e+00,1.000000000000000000e+00
4.360000000000000000e+02,1.252299184769564562e+02,4.352043291520293167e+01,3.966104801667032047e-03,-1.112620505116830714e+02,3.647551504140469358e-01,0.000000000000000000e+00,8.840421399395191671e+00,1.000000000000000000e+00
4.370000000000000000e+02,7.228433354241566633e+01,2.820408724967793290e+01,-3.316343539111192562e-02,8.679929054567685398e+02,2.029263718119067583e-02,0.000000000000000000e+00,7.811701815850773833e+00,1.000000000000000000e+00
4.370000000000000000e+02,1.168499798600605430e+02,4.517926625549407937e+00,-8.145203106145460642e-03,2.195751246524668261e+02,3.020076176567612070e-01,0.000000000000000000e+00,1.240782525068922659e+01,1.000000000000000000e+00
4.370000000000000000e+02,7.723031280873809123e+01,6.636892313402319665e+00,-8.078332287513381726e-03,2.178419795075944023e+02,1.302781796949937787e-01,0.000000000000000000e+00,9.779604295496877597e+00,1.000000000000000000e+00
4.370000000000000000e+02,1.256374194491487195e+01,4.673529991469131772e+01,-3.210511264950460103e-02,8.405634981480790202e+02,5.512279050440693773e-02,0.000000000000000000e+00,1.294448344161107123e+01,1.000000000000000000e+00
4.380000000000000000e+02,1.781069313909269525e+01,3.490190840016518337e+01,-9.677257010820065203e-03,2.592826060454913772e+02,6.764592119851042806e-02,0.000000000000000000e+00,1.187285095450506844e+01,1.000000000000000000e+00
4.380000000000000000e+02,1.212680793047441199e+02,5.142339950328922527e+01,-1.042091946680012357e-02,2.785567079836936273e+02,3.332676342914413503e-01,0.000000000000000000e+00,8.443465026900311088e+00,1.000000000000000000e+00
4.400000000000000000e+02,4.416463145478003582e+01,1.849609605794583800e+01,-9.060377015735135431e-02,2.356720565090898162e+03,1.068185433890433966e-02,0.000000000000000000e+00,8.892607802253909455e+00,1.000000000000000000e+00
4.400000000000000000e+02,1.051750706686981403e+02,5.283996487622402327e+01,-7.543279749201424814e-03,2.039745896954683246e+02,1.011812520339866461e-01,0.000000000000000000e+00,6.894310779540856693e+00,1.000000000000000000e+00
4.400000000000000000e+02,7.807403911837070609e+01,2.295985283429169854e+01,-8.136143632974773485e-03,2.193403229517838042e+02,3.187120023086555953e-01,0.000000000000000000e+00,7.811701815850773833e+00,1.000000000000000000e+00
4.400000000000000000e+02,9.814732205898182826e+01,3.601921015685851302e+01,-1.101860562742710235e-02,2.940474240933233432e+02,6.854054072372794959e-02,0.000000000000000000e+00,5.897398726214754916e+00,1.000000000000000000e+00
4.400000000000000000e+02,9.388929911897696456e+01,4.490007019991991655e+01,7.563984358604527308e-03,-2.045112078197491314e+02,1.210365412350595804e-01,0.000000000000000000e+00,4.929073627149872294e+00,1.000000000000000000e+00
4.410000000000000000e+02,1.284699822704081953e+02,1.361699786712008908e+01,-2.828013028825700215e-02,7.414283335990587602e+02,5.183786760915254366e-02,0.000000000000000000e+00,9.519045735167090072e+00,1.000000000000000000e+00
4.410000000000000000e+02,1.030203198225169245e+02,2.637344130594320291e+01,-3.697257295040774772e-02,9.667174074457076358e+02,9.204415273702426514e-02,0.000000000000000000e+00,6.213151189136815411e+00,1.000000000000000000e+00
4.410000000000000000e+02,7.982027922711671408e+01,4.602029432212785309e+01,-5.379172799845895886e-02,1.402633065556140309e+03,2.216322217601640610e-02,0.000000000000000000e+00,6.229417497231138690e+00,1.000000000000000000e+00
4.410000000000000000e+02,6.371802661537285672e+01,1.425064669738418566e+01,-5.380790977477135570e-03,1.479276174552166765e+02,3.104352365759410759e-01,0.000000000000000000e+00,1.462793165558347752e+01,1.000000000000000000e+00
4.410000000000000000e+02,1.057096891452164584e+02,3.425390877891751984e+01,-4.965238207258572574e-03,1.371573998793683984e+02,4.460225603924082849e-01,0.000000000000000000e+00,5.651778689924998211e+00,1.000000000000000000e+00
4.420000000000000000e+02,1.427810504229074127e+02,1.642298867649375183e+01,-6.231163373487607661e-03,1.699674073011876487e+02,4.076390549648915007e-01,0.000000000000000000e+00,6.666872322536232076e+00,1.000000000000000000e+00
4.420000000000000000e+02,1.182361921171941930e+02,4.354305929854810842e+01,5.634908270276105420e-03,-1.545137810651739585e+02,2.463261060859998075e-01,0.000000000000000000e+00,6.458321265479680662e+00,1.000000000000000000e+00
4.420000000000000000e+02,3.457127882355077020e+01,4.752712685655147595e+01,5.250611282027249291e-03,-1.445536448952081798e+02,3.545287296536642208e-01,0.000000000000000000e+00,2.098364538295331627e+01,1.000000000000000000e+00
4.430000000000000000e+02,1.403052910320713806e+02,1.023285119791649045e+01,-1.194611177258992317e-02,3.180863517632938056e+02,1.242059062004575720e-01,0.000000000000000000e+00,6.666872322536232076e+00,1.000000000000000000e+00
4.430000000000000000e+02,9.817060216756030400e+01,2.248969487159990521e+01,-2.781130725908891391e-02,7.292774675945971694e+02,1.958608930466561038e-01,0.000000000000000000e+00,6.213151189136815411e+00,1.000000000000000000e+00
4.430000000000000000e+02,1.312424950950331493e+02,2.272333655758690796e+01,3.262713920937988094e-02,-8.540932831312744611e+02,1.345328993153116492e-02,0.000000000000000000e+00,9.519045735167090072e+00,1.000000000000000000e+00
4.430000000000000000e+02,1.408854981657969745e+02,5.044198532615914132e+01,-3.214877253657025952e-02,8.416950667880541914e+02,1.757609591334640120e-01,0.000000000000000000e+00,1.772869970654454619e+01,1.000000000000000000e+00
4.440000000000000000e+02,6.068119819388987679e+01,2.855987650401229772e+01,-3.639661971293464693e-02,9.517899611003567770e+02,7.093375697004478120e-02,0.000000000000000000e+00,6.102318596882233770e+00,1.000000000000000000e+00
4.440000000000000000e+02,8.052602723939180862e+00,4.280742258661653921e+01,-4.384707272904553831e-03,1.221113096578671531e+02,2.338091242478429477e-01,0.000000000000000000e+00,4.518478090848426554e+00,1.000000000000000000e+00
4.450000000000000000e+02,6.085624290528677705e+00,2.474281536222792965e+01,-8.338229281274235627e-03,2.245779403066068767e+02,4.227366655160824660e-02,0.000000000000000000e+00,1.696310013205290090e+01,1.000000000000000000e+00
4.450000000000000000e+02,4.384381394563803269e+01,2.738291492920314596e+01,-1.160581276370042797e-01,3.016441755651346739e+03,5.148838064844452056e-03,0.000000000000000000e+00,8.892607802253909455e+00,1.000000000000000000e+00
4.450000000000000000e+02,1.423403808366859664e+02,2.556793817468129859e+01,-5.406847191099563472e-03,1.486029374386900770e+02,2.834253652763423226e-01,0.000000000000000000e+00,9.155560660528728079e+00,1.000000000000000000e+00
4.450000000000000000e+02,8.115322205904655561e+01,3.993515621674221450e+01,-9.662340970514491853e-03,2.588960149529169144e+02,1.896394997128363347e-01,0.000000000000000000e+00,4.539361694009168779e+00,1.000000000000000000e+00
4.450000000000000000e+02,1.117311153286059380e+02,6.686182720954532144e+00,-5.028999514306983429e-03,1.388099532950769799e+02,2.859798206822181665e-01,0.000000000000000000e+00,1.505933350540496818e+01,1.000000000000000000e+00
4.450000000000000000e+02,2.708647130906938827e+01,1.937957718678698527e+01,-2.786789794093751452e-02,7.307441741116887215e+02,2.515212214822393211e-02,0.000000000000000000e+00,1.050585861896805362e+01,1.000000000000000000e+00
4.450000000000000000e+02,1.226358943668796684e+02,3.881521267643147866e+01,-5.619492537416367721e-03,1.541142390361238199e+02,1.918874944967997598e-01,0.000000000000000000e+00,6.458321265479680662e+00,1.000000000000000000e+00
4.460000000000000000e+02,3.705554580296306710e+01,1.606436692845587544e+01,-9.374662009601171520e-02,2.438176351391661228e+03,9.723177150873230090e-03,0.000000000000000000e+00,1.050585861896805362e+01,1.000000000000000000e+00
4.460000000000000000e+02,2.213596417572572506e+01,3.023220108922016180e+01,-8.188408020642516660e-03,2.206949014000372244e+02,1.150583944223457777e-01,0.000000000000000000e+00,6.893543677748414922e+00,1.000000000000000000e+00
4.460000000000000000e+02,1.109751290296883326e+02,3.220019380772430395e+01,5.710959131080446671e-03,-1.564848527951554615e+02,3.325307709234209819e-01,0.000000000000000000e+00,5.651778689924998211e+00,1.000000000000000000e+00
4.460000000000000000e+02,1.233688304219494114e+02,4.770828006836651980e+01,5.195795479421966984e-03,-1.431329393604017923e+02,1.585144158174555118e-01,0.000000000000000000e+00,6.610071106180870792e+00,1.000000000000000000e+00
4.470000000000000000e+02,1.826902910927386259e+01,8.616435231058153121e+00,-3.620353494846825088e-02,9.467856269389196768e+02,2.615833979280857147e-02,0.000000000000000000e+00,1.391375261048956702e+01,1.000000000000000000e+00
4.470000000000000000e+02,9.765728266969779270e+01,1.204442496221827952e+01,-3.234319123835198862e-03,9.229576864814711712e+01,2.606099741211924670e-01,0.000000000000000000e+00,9.270042451308333042e+00,1.000000000000000000e+00
4.480000000000000000e+02,7.251337824959813361e+01,4.455400890313112683e+01,-9.008119602809703391e-03,2.419400301107423275e+02,8.896918054568636602e-02,0.000000000000000000e+00,5.812610026259892315e+00,1.000000000000000000e+00
4.480000000000000000e+02,6.312401017275779402e+00,4.697735571289123158e+01,3.693249394885308057e-03,-1.041902360313220726e+02,4.120898024295263085e-01,0.000000000000000000e+00,4.518478090848426554e+00,1.000000000000000000e+00
4.480000000000000000e+02,6.670419989890849877e+01,5.289743291435252459e+00,-9.065720107311343173e-03,2.434329090190816771e+02,2.262182629293484348e-01,0.000000000000000000e+00,1.063916792160226521e+01,1.000000000000000000e+00
4.490000000000000000e+02,9.563841729921504964e+01,4.810384122137290319e+01,-6.957282995947722259e-03,1.887868374204358020e+02,1.994338024310712276e-01,0.000000000000000000e+00,8.863304232745411682e+00,1.000000000000000000e+00
4.490000000000000000e+02,1.244148438939281647e+02,1.788451965609469596e+01,-3.728607394439464266e-03,1.051066379314819841e+02,3.251784337611933751e-01,0.000000000000000000e+00,5.773630834558821867e+00,1.000000000000000000e+00
4.490000000000000000e+02,9.287060753998963492e+01,1.998302863362624393e+01,2.843454245085155329e-03,-8.216540714272051105e+01,4.042881844923486012e-01,0.000000000000000000e+00,9.270042451308333042e+00,1.000000000000000000e+00
4.490000000000000000e+02,4.347273620352806489e+01,4.885057379389706966e+01,-7.368819074891947221e-03,1.994529511566276199e+02,9.606041045106716858e-02,0.000000000000000000e+00,1.486200741753975763e+01,1.000000000000000000e+00
4.500000000000000000e+02,7.813940524239275476e+01,2.205068512154121407e+01,-6.841755941632419319e-03,1.857926292234402013e+02,8.625033227343459341e-02,0.000000000000000000e+00,9.054971811957758021e+00,1.000000000000000000e+00
4.500000000000000000e+02,2.228387790336944718e+01,3.712415770299826079e+01,-7.294145634420641164e-03,1.975175791445721529e+02,1.648473496770342939e-01,0.000000000000000000e+00,6.893543677748414922e+00,1.000000000000000000e+00
4.500000000000000000e+02,5.707698266452884894e+01,2.592925211349945869e+01,5.785575343967284609e-03,-1.584187415935730030e+02,1.442024024215210476e-01,0.000000000000000000e+00,3.948040781082029493e+00,1.000000000000000000e+00
4.510000000000000000e+02,1.721905948938088571e+01,5.145154826774685830e+01,-7.857670010811770508e-03,2.121228966348983533e+02,1.541113904318696104e-01,0.000000000000000000e+00,1.178870637708258684e+01,1.000000000000000000e+00
4.510000000000000000e+02,3.234747046666814896e+01,2.992496608876715314e+01,-7.183002684764678084e-03,1.946369973373887206e+02,2.656824031835881561e-01,0.000000000000000000e+00,7.454501020535957423e+00,1.000000000000000000e+00
4.510000000000000000e+02,1.257552458092075369e+02,3.229056728970207502e+01,8.468306770773799050e-03,-2.279492639122552760e+02,1.095518980411591681e-01,0.000000000000000000e+00,9.376129726567487666e+00,1.000000000000000000e+00
4.510000000000000000e+02,1.105037130653303450e+02,4.242019118229800512e+01,-3.394552284261243783e-03,9.644866119112460012e+01,4.317158318835545572e-01,0.000000000000000000e+00,4.444379553155206608e+00,1.000000000000000000e+00
4.520000000000000000e+02,3.546962498698999866e+01,5.458162727372672940e+00,-2.797188233724287945e-02,7.334392218961445451e+02,2.974547916015335414e-02,0.000000000000000000e+00,1.058394762748913287e+01,1.000000000000000000e+00
4.520000000000000000e+02,6.257641253903531720e+01,1.509552044450791719e+01,5.037595564340102174e-03,-1.390327440831178762e+02,2.238599400555395524e-01,0.000000000000000000e+00,8.469398179245702707e+00,1.000000000000000000e+00
4.520000000000000000e+02,3.779329456929404785e+01,3.511655736743477974e+01,-8.407774416763174122e-03,2.263803978865762474e+02,1.940755794734844164e-01,0.000000000000000000e+00,6.137623455095670089e+00,1.000000000000000000e+00
4.530000000000000000e+02,1.360630382828645963e+02,2.848628431814195494e+01,4.838235757619636056e-03,-1.338657745713295810e+02,2.991829797157677939e-01,0.000000000000000000e+00,5.612939243611319462e+00,1.000000000000000000e+00
4.530000000000000000e+02,1.435646697070297080e+02,1.323318256996611630e+01,-3.810405950957897886e-02,9.960430606473755688e+02,3.501761362929366461e-01,0.000000000000000000e+00,1.329615338436189020e+01,1.000000000000000000e+00
4.530000000000000000e+02,7.101862003279200053e+01,1.577363411563462492e+01,-4.859351114276126357e-03,1.344130383647159874e+02,3.744751306486235887e-01,0.000000000000000000e+00,6.356075168488191984e+00,1.000000000000000000e+00
4.530000000000000000e+02,7.265577710838701364e+01,5.036487440513619873e+01,-8.100833351143680097e-03,2.184251577904846044e+02,1.047385201481441097e-01,0.000000000000000000e+00,5.812610026259892315e+00,1.000000000000000000e+00
4.530000000000000000e+02,1.881870452801745586e+01,1.454523948932363098e+01,-7.256266601399627078e-03,1.965358375790316643e+02,1.167176211413852860e-01,0.000000000000000000e+00,7.114887669241017676e+00,1.000000000000000000e+00
4.530000000000000000e+02,1.412432335780563051e+02,2.632511249337981951e+01,4.079809897845655675e-03,-1.142090375445993118e+02,3.535104159024279324e-01,0.000000000000000000e+00,5.612939243611319462e+00,1.000000000000000000e+00
4.530000000000000000e+02,1.171531194168328796e+02,3.602087963306340157e+01,-7.879924895380656727e-03,2.126996944957481901e+02,1.601290433879209996e-01,0.000000000000000000e+00,9.228531472101595412e+00,1.000000000000000000e+00
4.540000000000000000e+02,3.552574688878386411e+01,2.318195901107585399e+01,-1.153220601511126611e-02,3.073588211500415355e+02,1.624047835954901542e-01,0.000000000000000000e+00,7.201241922977464682e+00,1.000000000000000000e+00
4.540000000000000000e+02,1.914982450664336611e+01,6.056332962202318981e+00,-4.301053363375247421e-03,1.199431835586786264e+02,3.440752934458384260e-01,0.000000000000000000e+00,8.495361938519632616e+00,1.000000000000000000e+00
4.540000000000000000e+02,3.373127674404227605e+01,1.589837789602094098e+01,-6.622314640142575905e-03,1.801051913538048552e+02,2.658471451662965945e-01,0.000000000000000000e+00,7.501378337342642588e+00,1.000000000000000000e+00
4.540000000000000000e+02,1.880061977997431200e+01,2.598339437856484224e+01,8.252022702475358615e-03,-2.223436546113266274e+02,2.448324811574316140e-01,0.000000000000000000e+00,1.143816918603604194e+01,1.000000000000000000e+00
4.540000000000000000e+02,1.142302482496730960e+02,4.484205929025921478e+01,5.986682816365190840e-03,-1.636310067716276251e+02,2.049351767323405182e-01,0.000000000000000000e+00,4.444379553155206608e+00,1.000000000000000000e+00
4.550000000000000000e+02,1.198074986361322516e+02,1.430410766588148519e+01,8.532653016103352445e-03,-2.296169776469602368e+02,7.677759814036078101e-02,0.000000000000000000e+00,1.267771999315057663e+01,1.000000000000000000e+00
4.550000000000000000e+02,1.071339845968533240e+02,1.397757111213936021e+01,-5.790809686198288356e-03,1.585544042788793888e+02,1.844389711110068220e-01,0.000000000000000000e+00,1.267771999315057663e+01,1.000000000000000000e+00
4.560000000000000000e+02,9.564643065826717816e+01,3.041360846635965132e+01,-3.676145053182467131e-03,1.037469289597933368e+02,2.193640239043350704e-01,0.000000000000000000e+00,8.238444773516368613e+00,1.000000000000000000e+00
4.560000000000000000e+02,5.089405955324806285e+01,4.231920398550011697e+01,3.478810276305107849e-03,-9.863244378590604811e+01,3.814897587313743621e-01,0.000000000000000000e+00,9.223101065405282739e+00,1.000000000000000000e+00
4.560000000000000000e+02,1.389378486281908067e+02,5.084187894396548302e+01,8.117724575047429586e-03,-2.188629413154748704e+02,1.610670753957105239e-01,0.000000000000000000e+00,9.571040388220650286e+00,1.000000000000000000e+00
4.570000000000000000e+02,2.540948362031942764e+01,1.186507951230862545e+01,-8.495169296519158517e-03,2.286454817398062005e+02,1.875374605754325241e-01,0.000000000000000000e+00,5.344348202795827341e+00,1.000000000000000000e+00
4.570000000000000000e+02,7.735287396201836430e+01,1.524740345560751287e+01,-3.481912799601025177e-02,9.109048311409578673e+02,2.366209916321859730e-02,0.000000000000000000e+00,6.356075168488191984e+00,1.000000000000000000e+00
4.570000000000000000e+02,6.050235245889501812e+01,3.203888961964437243e+01,-4.811965476442666215e-03,1.331849064257367559e+02,1.614646147661812359e-01,0.000000000000000000e+00,7.650353534054899818e+00,1.000000000000000000e+00
4.570000000000000000e+02,8.125022020082391805e+01,4.085220587627127031e+01,-5.274636046086224328e-03,1.451763141556910170e+02,2.927527630849247053e-01,0.000000000000000000e+00,5.938895347571813588e+00,1.000000000000000000e+00
4.570000000000000000e+02,4.219485428129194560e+01,3.083909389263368084e+01,-5.857324367865254441e-03,1.602783191336997106e+02,2.703827574196505656e-01,0.000000000000000000e+00,6.137623455095670089e+00,1.000000000000000000e+00
4.570000000000000000e+02,1.293683122115715776e+02,5.067221196441643372e+01,-1.066486566886814744e-02,2.848792592006969357e+02,6.923237847869068151e-02,0.000000000000000000e+00,9.571040388220650286e+00,1.000000000000000000e+00
4.570000000000000000e+02,9.052846919906515666e+01,5.280077862187164328e+01,-6.812633401591470378e-03,1.850378367756906641e+02,1.835396530630006851e-01,0.000000000000000000e+00,1.048398674543433273e+01,1.000000000000000000e+00
4.580000000000000000e+02,7.272260274937022473e+01,5.536391623648186489e+00,-6.533466064507122660e-03,1.778024308875594954e+02,2.643561691689513271e-01,0.000000000000000000e+00,5.847044567811859217e+00,1.000000000000000000e+00
4.580000000000000000e+02,1.026636035767980530e+02,4.643183952029118444e+01,-1.972161357261222395e-02,5.196103269339909048e+02,1.386931204340080548e-02,0.000000000000000000e+00,7.691676965931233845e+00,1.000000000000000000e+00
4.580000000000000000e+02,3.113396080944445643e+01,2.888898102492587583e+01,-9.234519954550993864e-03,2.478078313197675584e+02,9.000251373913015218e-02,0.000000000000000000e+00,7.201241922977464682e+00,1.000000000000000000e+00
4.580000000000000000e+02,5.296188632850834210e+01,3.333089570806566115e+01,-7.720265812206618394e-03,2.085616807776819428e+02,8.622525751557763574e-02,0.000000000000000000e+00,7.650353534054899818e+00,1.000000000000000000e+00
4.590000000000000000e+02,3.284443112471441140e+01,4.040012152076475616e+01,-8.050458936978586652e-03,2.171195633156153804e+02,2.228022359774779471e-01,0.000000000000000000e+00,5.252699320061929633e+00,1.000000000000000000e+00
4.590000000000000000e+02,8.209219288706647433e+01,9.350928515706209865e+00,-7.157914715804089209e-03,1.939867721347037275e+02,4.113833488339699862e-01,0.000000000000000000e+00,7.565022180417136255e+00,1.000000000000000000e+00
4.590000000000000000e+02,5.421591601773850755e+01,1.219051211776056576e+01,-2.757967409571353019e-03,7.994977561686123124e+01,3.100574953192091199e-01,0.000000000000000000e+00,1.071367243530372448e+01,1.000000000000000000e+00
4.590000000000000000e+02,1.085549080869009089e+02,3.100957492646855940e+01,5.241667951198285269e-03,-1.443218533496240354e+02,4.217938547887558620e-01,0.000000000000000000e+00,8.676671406801952813e+00,1.000000000000000000e+00
4.590000000000000000e+02,8.826872981515249705e+01,3.729742241628952115e+01,-9.324248278990159358e-03,2.501333929480003349e+02,1.793576219657168069e-01,0.000000000000000000e+00,6.462046239786935153e+00,1.000000000000000000e+00
4.610000000000000000e+02,7.057066370113088283e+01,1.097303475251372973e+01,-8.706902142603431538e-03,2.341331333299563937e+02,1.563999977776505679e-01,0.000000000000000000e+00,5.847044567811859217e+00,1.000000000000000000e+00
4.610000000000000000e+02,2.018470673585730424e+01,1.298925219491448679e+01,-7.242146576662656515e-03,1.961698774664001235e+02,1.894594996204277404e-01,0.000000000000000000e+00,5.344348202795827341e+00,1.000000000000000000e+00
4.610000000000000000e+02,8.143055760020943978e+01,4.740541134979486770e+01,-8.303387920191159996e-03,2.236749285439707080e+02,2.365188411930857493e-01,0.000000000000000000e+00,6.555686352765571989e+00,1.000000000000000000e+00
4.610000000000000000e+02,1.146808630694626885e+02,5.287964110764835368e+01,-3.426362254478638319e-02,8.965073466262856527e+02,1.544665482828910807e-02,0.000000000000000000e+00,1.363776635024826689e+01,1.000000000000000000e+00
4.610000000000000000e+02,1.322184003928670109e+02,4.961433428487985964e+00,5.975889970922194927e-03,-1.633512798584309564e+02,2.558880684012828644e-01,0.000000000000000000e+00,1.252623564992550520e+01,1.000000000000000000e+00
4.610000000000000000e+02,3.960239127395553282e+01,1.391298521848911030e+01,-3.464860278709662282e-03,9.827089040435480172e+01,2.238898616901815464e-01,0.000000000000000000e+00,8.232311066509717890e+00,1.000000000000000000e+00
4.610000000000000000e+02,1.000279249555226784e+02,3.739031829330506440e+01,-3.952983390251752112e-03,1.109219722689836942e+02,2.130400065331179427e-01,0.000000000000000000e+00,8.238444773516368613e+00,1.000000000000000000e+00
4.620000000000000000e+02,1.962098555755128260e+01,5.168882596518191974e+01,-7.296327296776435913e-03,1.975741230541136417e+02,1.248427144754139517e-01,0.000000000000000000e+00,7.829777843694965433e+00,1.000000000000000000e+00
4.630000000000000000e+02,4.644125944350160573e+00,1.380157916179398292e+01,-6.759519104369625213e-03,1.836612305334397206e+02,2.677349074977789511e-01,0.000000000000000000e+00,1.556179701829067064e+01,1.000000000000000000e+00
4.630000000000000000e+02,3.090983617748527834e+01,1.514716405887670980e+01,-7.443337735860865688e-03,2.013843116230107455e+02,1.519660023912293711e-01,0.000000000000000000e+00,7.753825263244159771e+00,1.000000000000000000e+00
4.630000000000000000e+02,3.576240269873499500e+01,2.119484166021838334e+01,6.957257490797960110e-03,-1.887861763828205426e+02,1.653987301096715434e-01,0.000000000000000000e+00,7.753825263244159771e+00,1.000000000000000000e+00
4.630000000000000000e+02,1.122772475337820595e+02,2.316985830884372533e+01,-6.114747454856503395e-02,1.593277904082351824e+03,1.658203306907246599e-02,0.000000000000000000e+00,8.678534876490987315e+00,1.000000000000000000e+00
4.630000000000000000e+02,3.732650502620015942e+01,4.313907454858384938e+01,-1.583186275795680012e-02,4.187965059416827103e+02,4.846151149639388311e-02,0.000000000000000000e+00,5.252699320061929633e+00,1.000000000000000000e+00
4.630000000000000000e+02,4.177529524340435785e+01,3.637181490190873490e+01,-7.897082404920315740e-03,2.131443795611482415e+02,1.922027582914592747e-01,0.000000000000000000e+00,8.098613308598526572e+00,1.000000000000000000e+00
4.630000000000000000e+02,1.119595387477105959e+02,3.899037167648601354e+01,3.417118786030005212e-03,-9.703353548722782307e+01,2.819242193462936363e-01,0.000000000000000000e+00,8.676671406801952813e+00,1.000000000000000000e+00
4.630000000000000000e+02,9.792323096221215906e+01,5.248912951030496998e+01,-3.347609637291355106e-02,8.760963932513767531e+02,2.145686215339537295e-02,0.000000000000000000e+00,7.691676965931233845e+00,1.000000000000000000e+00
4.640000000000000000e+02,9.098620181283126840e+01,8.181135530466228545e+00,-8.983188629001232633e-03,2.412938738785175019e+02,1.363890212278229264e-01,0.000000000000000000e+00,8.970608139914512336e+00,1.000000000000000000e+00
4.650000000000000000e+02,6.536622744918483363e+01,7.658878458227392549e+00,-7.707858332330503118e-03,2.082401060766796093e+02,1.755592327011452625e-01,0.000000000000000000e+00,6.170072012831615993e+00,1.000000000000000000e+00
4.650000000000000000e+02,6.380690956059727625e+01,5.185970570878043162e+01,-1.114157573943048291e-02,2.972345400422947819e+02,8.885900899997467572e-02,0.000000000000000000e+00,1.087953332029098341e+01,1.000000000000000000e+00
4.650000000000000000e+02,1.403635688596155831e+02,1.447788288223644493e+01,7.031665838110442469e-03,-1.907146777608602690e+02,2.223114143099356177e-01,0.000000000000000000e+00,1.252623564992550520e+01,1.000000000000000000e+00
4.650000000000000000e+02,1.257401315204453311e+02,3.953900662754127637e+01,-7.122903558391465752e-03,1.930793596231281413e+02,1.952804678761080881e-01,0.000000000000000000e+00,1.218588556420919922e+01,1.000000000000000000e+00
4.670000000000000000e+02,7.337572089067442960e+01,2.015220297061508248e+01,-7.926150365655488389e-03,2.138977574328427806e+02,1.775326116769441187e-01,0.000000000000000000e+00,3.275082033582501939e+00,1.000000000000000000e+00
4.670000000000000000e+02,2.947973414081425858e+01,3.002748403031407776e+01,-6.912912602248178634e-03,1.876368540048065654e+02,2.095777091928846536e-01,0.000000000000000000e+00,7.098036710875718747e+00,1.000000000000000000e+00
4.670000000000000000e+02,5.952026112075817110e+01,3.384221384330271576e+01,-9.035921366082376796e-03,2.426605909176921330e+02,1.630410389231391477e-01,0.000000000000000000e+00,6.064360012488529073e+00,1.000000000000000000e+00
4.670000000000000000e+02,9.446494246919095872e+01,4.382163555045243442e+01,6.521915816215665893e-03,-1.775030737515485271e+02,1.446849786644499591e-01,0.000000000000000000e+00,9.331945715928862128e+00,1.000000000000000000e+00
4.680000000000000000e+02,5.378768599875528622e+01,2.332814355713004062e+01,-1.112672055183894573e-02,2.968495261187761116e+02,6.030229907474604634e-02,0.000000000000000000e+00,7.294344403662915255e+00,1.000000000000000000e+00
4.680000000000000000e+02,5.439728752017104796e+01,3.059697057834440415e+01,-8.742352566946618234e-03,2.350519306782004207e+02,2.439709525111037891e-01,0.000000000000000000e+00,6.064360012488529073e+00,1.000000000000000000e+00
4.680000000000000000e+02,2.253620954873943560e+01,3.150043731816524328e+01,-9.989348782906354654e-03,2.673713411710771766e+02,1.196970447439541507e-01,0.000000000000000000e+00,7.098036710875718747e+00,1.000000000000000000e+00
4.690000000000000000e+02,1.414999308221637442e+01,1.191954061990654168e+01,-6.909146778689998457e-03,1.875392521068514213e+02,1.625091063220930332e-01,0.000000000000000000e+00,5.914633682725690456e+00,1.000000000000000000e+00
4.690000000000000000e+02,7.016752209513241212e+01,4.303321980255272905e+01,-4.382043112626814174e-02,1.144198891791912274e+03,3.193697800932238096e-02,0.000000000000000000e+00,6.741740382666539411e+00,1.000000000000000000e+00
4.690000000000000000e+02,1.406055883308326884e+02,3.019559033567349715e+01,-8.129829192772858315e-03,2.191766664929216688e+02,1.051868872253864939e-01,0.000000000000000000e+00,8.246108274566379848e+00,1.000000000000000000e+00
4.700000000000000000e+02,8.545730596323930683e+01,2.126906377936329307e+01,-3.459443789222113597e-02,9.050813558127199485e+02,1.869735868075850238e-02,0.000000000000000000e+00,7.418038663634182406e+00,1.000000000000000000e+00
4.700000000000000000e+02,5.469503385971800924e+01,6.768194996347687287e+00,-8.981539401444908755e-03,2.412511295127313247e+02,1.759005406551057415e-01,0.000000000000000000e+00,1.070830003563328781e+01,1.000000000000000000e+00
4.700000000000000000e+02,1.976142436981725226e+01,1.005012078868424119e+01,-6.460797956108852574e-03,1.759190326903508605e+02,2.248290984436267514e-01,0.000000000000000000e+00,5.914633682725690456e+00,1.000000000000000000e+00
4.700000000000000000e+02,4.242589651241662807e+01,1.590008378813820755e+01,-6.765317880279999793e-03,1.838115221033779108e+02,1.722132704490546562e-01,0.000000000000000000e+00,1.166295771858058039e+01,1.000000000000000000e+00
4.710000000000000000e+02,4.344566162673593368e+01,4.885321253067966296e+01,1.177177279389476916e-02,-3.135678673082138630e+02,1.976873211814809128e-01,0.000000000000000000e+00,3.669888285485908952e+00,1.000000000000000000e+00
4.710000000000000000e+02,1.341492194694668569e+02,3.819176314798144034e+01,-6.561359874396695789e-03,1.785253773412001408e+02,1.041971939997426988e-01,0.000000000000000000e+00,9.516889609993347321e+00,1.000000000000000000e+00
4.710000000000000000e+02,6.366369010849788168e+01,4.480839102722552525e+01,-3.549758372695981101e-02,9.284889175954042457e+02,7.663227132103433981e-02,0.000000000000000000e+00,6.741740382666539411e+00,1.000000000000000000e+00
4.710000000000000000e+02,1.272786262794576402e+02,1.205325341026723507e+01,7.094794061289550445e-03,-1.923508230293855945e+02,9.802731078015936017e-02,0.000000000000000000e+00,1.435725959914020500e+01,1.000000000000000000e+00
4.710000000000000000e+02,2.094943965342278602e+01,3.905679937725074780e+01,-9.977708114720902979e-03,2.670696405494699093e+02,2.345262398871900134e-01,0.000000000000000000e+00,6.201187575735108481e+00,1.000000000000000000e+00
4.720000000000000000e+02,7.022641384283704724e+01,2.105110643881213406e+01,-7.488243782969311244e-03,2.025481780017016433e+02,1.848438941607576380e-01,0.000000000000000000e+00,3.275082033582501939e+00,1.000000000000000000e+00
4.720000000000000000e+02,1.349674504616964725e+02,2.417814045682246871e+01,-8.434943273088347376e-03,2.270845551317684112e+02,8.403576531437406683e-02,0.000000000000000000e+00,8.246108274566379848e+00,1.000000000000000000e+00
4.720000000000000000e+02,6.756580561577428057e+01,1.309345345371269609e+01,-5.044283340061807806e-03,1.392060765808975304e+02,4.021270426614009796e-01,0.000000000000000000e+00,8.390654156213093628e+00,1.000000000000000000e+00
4.730000000000000000e+02,1.082164219777905316e+02,1.317539924913973692e+01,-8.732257659740156816e-03,2.347902927953283836e+02,1.591869084011585667e-01,0.000000000000000000e+00,6.227720698838563607e+00,1.000000000000000000e+00
4.730000000000000000e+02,1.249160297654392195e+02,4.049814467284617336e+01,8.432045927882230243e-03,-2.270094622903807533e+02,1.483723299842677479e-01,0.000000000000000000e+00,9.516889609993347321e+00,1.000000000000000000e+00
4.730000000000000000e+02,1.057355097661834549e+02,4.528315354792714231e+01,-7.300640116901924159e-02,1.900635306250875146e+03,5.233951412343729181e-03,0.000000000000000000e+00,3.271492831099676923e+00,1.000000000000000000e+00
4.730000000000000000e+02,3.700350757191696971e+01,3.835129145150373375e+01,-8.294332119251346391e-03,2.234402220194682513e+02,1.413539759892683545e-01,0.000000000000000000e+00,8.419392847619864284e+00,1.000000000000000000e+00
4.740000000000000000e+02,3.548970366614966565e+01,2.527632032231295867e+01,-5.179173302690029748e-03,1.427021289487830416e+02,1.479247625651786135e-01,0.000000000000000000e+00,7.738315501414515296e+00,1.000000000000000000e+00
4.740000000000000000e+02,2.649286604793056910e+01,1.555253358196069158e+01,3.291103443605570764e-03,-9.376749383602586363e+01,3.051251141208931594e-01,0.000000000000000000e+00,8.694185045963386926e+00,1.000000000000000000e+00
4.750000000000000000e+02,9.042812897224423807e+01,4.283484642817411014e+01,-7.401029438703850098e-03,2.002877732329404807e+02,1.290174896486483425e-01,0.000000000000000000e+00,6.685549500383337396e+00,1.000000000000000000e+00
4.750000000000000000e+02,4.488564355792794913e+01,4.547763375574532319e+01,-3.640504208368645217e-02,9.520082505018534675e+02,6.549952850989482211e-02,0.000000000000000000e+00,3.669888285485908952e+00,1.000000000000000000e+00
4.760000000000000000e+02,9.190693950460760675e+01,3.631490075881097823e+01,-6.928048308776480965e-03,1.880291383647165446e+02,1.927390110143707425e-01,0.000000000000000000e+00,6.685549500383337396e+00,1.000000000000000000e+00
4.760000000000000000e+02,7.918184904021517312e+00,3.897369503819371772e+01,-6.891587420706320709e-03,1.870841520099926072e+02,1.521699495237186506e-01,0.000000000000000000e+00,1.230308046234732089e+01,1.000000000000000000e+00
4.770000000000000000e+02,1.260797459506966334e+02,1.704778866194203246e+01,-3.220828241806529026e-03,9.194611453643838672e+01,3.075876262291857843e-01,0.000000000000000000e+00,6.546647579833165587e+00,1.000000000000000000e+00
4.770000000000000000e+02,9.623117644412527483e+00,2.319240361891950641e+01,4.488540584683960166e-03,-1.248024416623461832e+02,3.346553700766713435e-01,0.000000000000000000e+00,3.879501744587224632e+00,1.000000000000000000e+00
4.770000000000000000e+02,3.084557305703032526e+01,4.409289562045515254e+01,-6.507438738451667808e-03,1.771278596065466218e+02,1.596588419717631657e-01,0.000000000000000000e+00,8.419392847619864284e+00,1.000000000000000000e+00
4.770000000000000000e+02,1.626392636024269223e+01,4.801329615820468888e+01,-2.851882731865811038e-02,7.476148377842592936e+02,1.990661489178091603e-02,0.000000000000000000e+00,1.230308046234732089e+01,1.000000000000000000e+00
4.770000000000000000e+02,1.079607260030487197e+02,6.952929910425152293e+00,-3.558540348160866423e-02,9.307650132752097534e+02,1.891611004579607513e-02,0.000000000000000000e+00,6.227720698838563607e+00,1.000000000000000000e+00
4.770000000000000000e+02,7.768602023656102062e+01,1.545829343331637951e+01,3.864554752040063115e-03,-1.086300956609299391e+02,2.382936249270929396e-01,0.000000000000000000e+00,6.029186375621415905e+00,1.000000000000000000e+00
4.770000000000000000e+02,4.928191740715588054e+01,1.732061732719659730e+01,-8.454565104077181592e-03,2.275931100112729268e+02,6.169808929057263303e-02,0.000000000000000000e+00,1.302992408639547683e+01,1.000000000000000000e+00
4.780000000000000000e+02,1.359150815250526136e+02,2.402109273314922788e+01,8.508483455425850522e-03,-2.289905555752882265e+02,1.094158691601402333e-01,0.000000000000000000e+00,7.417220981064304830e+00,1.000000000000000000e+00
4.780000000000000000e+02,4.044468890275007311e+01,4.883938727868092400e+01,-2.352264412362225013e-02,6.181247130257809204e+02,1.631690884169381128e-01,0.000000000000000000e+00,5.569871183278475968e+00,1.000000000000000000e+00
4.780000000000000000e+02,7.781762810811613917e+01,9.430543627615778135e+00,3.970079692258625045e-03,-1.113650709692031313e+02,2.895072170267303235e-01,0.000000000000000000e+00,6.029186375621415905e+00,1.000000000000000000e+00
4.780000000000000000e+02,8.606781124160238505e+01,4.859661369040237133e+01,-3.483704053975632351e-03,9.875927978377859517e+01,2.386905650850377203e-01,0.000000000000000000e+00,7.225671781657057480e+00,1.000000000000000000e+00
4.780000000000000000e+02,6.339645735478958244e+01,5.017372604820759108e+01,2.694140148602057125e-03,-7.829551281998899981e+01,4.369198914020939739e-01,0.000000000000000000e+00,7.448707026096542450e+00,1.000000000000000000e+00
4.790000000000000000e+02,5.713738852705355953e+01,6.924921334061626688e+00,-8.995124045296171503e-03,2.416032137255054408e+02,1.509338531796614591e-01,0.000000000000000000e+00,1.302992408639547683e+01,1.000000000000000000e+00
4.790000000000000000e+02,6.823616518362126726e+01,2.189884117798716545e+01,6.808640702366474361e-03,-1.849343547574008824e+02,1.178324098436158707e-01,0.000000000000000000e+00,5.165025233231468782e+00,1.000000000000000000e+00
4.790000000000000000e+02,2.261643657088474058e+01,2.744311416218208421e+01,-4.452349000960127007e-02,1.162420638065311095e+03,1.205463930744921086e-02,0.000000000000000000e+00,1.088987818345471226e+01,1.000000000000000000e+00
4.790000000000000000e+02,1.177466791737280261e+01,2.642061755377262955e+01,-5.117045212208079855e-03,1.410919049290739338e+02,2.625141812468401170e-01,0.000000000000000000e+00,3.879501744587224632e+00,1.000000000000000000e+00
4.790000000000000000e+02,3.818841717156179527e+01,3.252880074042774083e+01,-6.999806285875334599e-03,1.898889479521990324e+02,1.302680734519053862e-01,0.000000000000000000e+00,7.738315501414515296e+00,1.000000000000000000e+00
4.790000000000000000e+02,1.376012975456147558e+02,3.406211421376353599e+01,-9.914696027366705008e-03,2.654365052671419107e+02,1.074625216946958339e-01,0.000000000000000000e+00,8.626270068139588076e+00,1.000000000000000000e+00
4.790000000000000000e+02,8.562396823022363890e+01,1.884818994410780135e+01,-4.570994281256588430e-03,1.269394608706481904e+02,2.200062744278133975e-01,0.000000000000000000e+00,5.696258732926168911e+00,1.000000000000000000e+00
4.790000000000000000e+02,1.101620378798404545e+02,3.956682147096272928e+01,5.889620213920196586e-03,-1.611153567225115353e+02,2.901535187705476249e-01,0.000000000000000000e+00,7.308547018015580932e+00,1.000000000000000000e+00
4.790000000000000000e+02,1.396342651010311897e+02,4.244540582309605981e+01,-7.385469252257188637e-03,1.998844872833289230e+02,1.042049983386977852e-01,0.000000000000000000e+00,8.626270068139588076e+00,1.000000000000000000e+00
4.800000000000000000e+02,1.181249938254171212e+02,1.219627319820882860e+01,-8.563662641831537234e-03,2.304206792222439617e+02,1.078397627815532722e-01,0.000000000000000000e+00,9.317471956999995086e+00,1.000000000000000000e+00
4.800000000000000000e+02,1.045269211621925507e+02,2.366679002760192319e+01,-8.355272949547616276e-03,2.250196748557433182e+02,1.070427888499513314e-01,0.000000000000000000e+00,8.591874154315060963e+00,1.000000000000000000e+00
4.800000000000000000e+02,4.827209528666596583e+01,3.764395570338242436e+01,-4.057637638685594218e-03,1.136343811533632362e+02,1.675701816788285337e-01,0.000000000000000000e+00,8.534317028277358830e+00,1.000000000000000000e+00
4.810000000000000000e+02,1.287278678712022213e+02,9.651201800364585637e+00,3.926089761405835744e-03,-1.102249483171946451e+02,2.153103268494629408e-01,0.000000000000000000e+00,7.856338008685873397e+00,1.000000000000000000e+00
4.810000000000000000e+02,9.822337380339166657e+01,1.532078386014890192e+01,-6.241008589192425030e-03,1.702225737272621586e+02,1.218881329365131272e-01,0.000000000000000000e+00,7.284187236069565863e+00,1.000000000000000000e+00
4.810000000000000000e+02,1.179115386714874205e+02,2.165904466010977103e+01,-7.357232698881810071e-03,1.991526576692827177e+02,1.258802530203174674e-01,0.000000000000000000e+00,4.067741469270015564e+00,1.000000000000000000e+00
4.820000000000000000e+02,1.421810401982617407e+02,2.005209676595855228e+01,-7.281143033324614239e-03,1.971805802051052865e+02,1.046394279822708828e-01,0.000000000000000000e+00,7.417220981064304830e+00,1.000000000000000000e+00
4.820000000000000000e+02,1.219520211377782601e+02,2.212917453622410946e+01,3.937005094223198186e-03,-1.105078498348381402e+02,4.948182025219258762e-01,0.000000000000000000e+00,4.067741469270015564e+00,1.000000000000000000e+00
4.820000000000000000e+02,1.242905026495013203e+02,4.387666872659843875e+01,-3.034272102669993698e-02,7.948861676336533719e+02,1.279016808366917335e-02,0.000000000000000000e+00,7.278809064415173502e+00,1.000000000000000000e+00
4.820000000000000000e+02,9.695376694644841109e+01,2.772482362876196049e+01,4.066238092693671112e-03,-1.138572860827885478e+02,2.555973269121811775e-01,0.000000000000000000e+00,8.589714375723968232e+00,1.000000000000000000e+00
4.820000000000000000e+02,1.136244286583589087e+02,4.600317988324640339e+01,-8.312698616871828233e-03,2.239162414077515848e+02,1.250120977406402600e-01,0.000000000000000000e+00,7.308547018015580932e+00,1.000000000000000000e+00
4.830000000000000000e+02,3.720472830366359318e+01,1.550974588700115575e+01,3.871300811297074054e-03,-1.088049387402802779e+02,2.205130100418083439e-01,0.000000000000000000e+00,1.468730241615337562e+01,1.000000000000000000e+00
4.840000000000000000e+02,6.506765579727773741e+01,1.781986656068801622e+01,-8.062344422447435474e-03,2.174276090649597108e+02,1.135941297341773737e-01,0.000000000000000000e+00,5.165025233231468782e+00,1.000000000000000000e+00
4.840000000000000000e+02,9.234012564386185673e+00,4.774909629970242975e+01,-8.838153536917539577e-03,2.375348819770726436e+02,6.566790134484234986e-02,0.000000000000000000e+00,1.504565463396057190e+01,1.000000000000000000e+00
4.840000000000000000e+02,7.498658704192347102e+01,3.009650759953620280e+01,3.968510891449348980e-03,-1.113244110885333811e+02,1.402208052764227775e-01,0.000000000000000000e+00,1.061931871750898893e+01,1.000000000000000000e+00
4.840000000000000000e+02,6.788379786031539709e+01,4.705344673463401506e+01,-7.755845363753194159e-03,2.094838248201971282e+02,1.074935465986801564e-01,0.000000000000000000e+00,7.308106391029116189e+00,1.000000000000000000e+00
4.850000000000000000e+02,8.644754227574816241e+01,3.945485946862253002e+01,-9.216022452074068214e-03,2.473284165725586945e+02,8.251436938548939448e-02,0.000000000000000000e+00,1.101029083428391253e+01,1.000000000000000000e+00
4.850000000000000000e+02,2.611372213349505600e+01,4.324587549463075931e+01,-9.089106886132648777e-02,2.364166718197864157e+03,1.832074956496368978e-01,0.000000000000000000e+00,5.786655649192188555e+00,1.000000000000000000e+00
4.850000000000000000e+02,9.759244180731668905e+01,4.634196531132446495e+01,-3.691602843989445076e-02,9.652518975884930796e+02,2.256999330318898433e-02,0.000000000000000000e+00,1.004501295414697282e+01,1.000000000000000000e+00
4.860000000000000000e+02,5.557704925525941775e+01,3.380252266607392642e+01,-3.014908710677355677e-03,8.660913133641930983e+01,3.258529781106385137e-01,0.000000000000000000e+00,5.897325400720006883e+00,1.000000000000000000e+00
4.860000000000000000e+02,1.055062366911856770e+02,1.545967895621594046e+01,-8.857694287788054829e-03,2.380413354375084793e+02,1.057305305833073916e-01,0.000000000000000000e+00,7.284187236069565863e+00,1.000000000000000000e+00
4.860000000000000000e+02,4.978284967553728535e+01,2.309313002720920949e+01,3.088623388679095395e-03,-8.851965432534022682e+01,2.682894438598839582e-01,0.000000000000000000e+00,9.379381547710858413e+00,1.000000000000000000e+00
4.860000000000000000e+02,9.700046074570560961e+01,3.631441108949777430e+01,-6.876009694465970608e-03,1.866804114673478523e+02,2.419150641310183758e-01,0.000000000000000000e+00,8.589714375723968232e+00,1.000000000000000000e+00
4.870000000000000000e+02,6.175753378328268894e+01,9.061171377424475537e+00,-7.055978718238597146e-03,1.913448143587657739e+02,7.002453453389889670e-02,0.000000000000000000e+00,9.363313999907221685e+00,1.000000000000000000e+00
4.870000000000000000e+02,1.627541227643747135e+01,3.055027320088830578e+01,-1.064729398473190231e-02,2.844238396369627822e+02,4.299011631498772523e-02,0.000000000000000000e+00,9.416363591500083174e+00,1.000000000000000000e+00
4.870000000000000000e+02,2.424807902107151847e+01,4.872353552236107532e+01,-1.351535258675349016e-01,3.511352651160751066e+03,3.688269971033397709e-02,0.000000000000000000e+00,5.786655649192188555e+00,1.000000000000000000e+00
4.880000000000000000e+02,6.165887083018796488e+01,5.088211523584817542e+01,-7.511641349384736745e-03,2.031545916730795227e+02,1.321098439386602097e-01,0.000000000000000000e+00,7.308106391029116189e+00,1.000000000000000000e+00
4.880000000000000000e+02,1.405709606260109013e+01,2.139893578700398535e+01,-7.711918187463694639e-03,2.083453286290113056e+02,1.192724079151408212e-01,0.000000000000000000e+00,9.416363591500083174e+00,1.000000000000000000e+00
4.880000000000000000e+02,5.760706394318925305e+01,2.826560229020012116e+01,-4.435632843354703030e-03,1.234311888963903812e+02,2.648477663551566108e-01,0.000000000000000000e+00,5.897325400720006883e+00,1.000000000000000000e+00
4.880000000000000000e+02,1.215443966044293660e+02,3.738908261614083273e+01,-3.522126995740083692e-03,9.975511827256940478e+01,3.697486635465423443e-01,0.000000000000000000e+00,1.355399118913413048e+01,1.000000000000000000e+00
4.900000000000000000e+02,7.653945892366287751e+01,1.298581356638852213e+01,-3.567349274164052092e-02,9.330480939442173849e+02,8.365880439613726516e-03,0.000000000000000000e+00,1.206635786434351409e+01,1.000000000000000000e+00
4.900000000000000000e+02,6.815508292579154670e+01,2.166332653017738252e+01,5.981104556801277936e-03,-1.634864305023699274e+02,1.652209756038808264e-01,0.000000000000000000e+00,1.206635786434351409e+01,1.000000000000000000e+00
4.900000000000000000e+02,1.234957802356001366e+02,1.384033457843568549e+01,2.552028389530251826e-03,-7.461228730693356681e+01,2.971597194002506548e-01,0.000000000000000000e+00,1.006843710982697715e+01,1.000000000000000000e+00
4.900000000000000000e+02,1.193004695340238754e+02,5.075603696101038764e+01,-9.300949888797392651e-03,2.495295497070778197e+02,2.365864077045515268e-01,0.000000000000000000e+00,6.087571471856266569e+00,1.000000000000000000e+00
4.920000000000000000e+02,3.675266719872747956e+01,5.000070929320251878e+01,-8.310626692613025737e-03,2.238625416693134582e+02,1.242047433016869595e-01,0.000000000000000000e+00,5.648555850057015881e+00,1.000000000000000000e+00
4.920000000000000000e+02,1.306583095235297094e+02,6.764205690824034889e+00,-7.666532303353563831e-03,2.071690259262733491e+02,1.201464085973590334e-01,0.000000000000000000e+00,1.006843710982697715e+01,1.000000000000000000e+00
4.920000000000000000e+02,1.016428816038222607e+02,7.244552193100500581e+00,-7.553903092686285563e-03,2.042499234891878359e+02,1.488891330561015192e-01,0.000000000000000000e+00,1.986144950082644201e+01,1.000000000000000000e+00
4.920000000000000000e+02,2.782846538824586347e+01,8.376153304176490622e+00,-3.779599766515471127e-03,1.064282485218249406e+02,2.990037961684838264e-01,0.000000000000000000e+00,1.895371933680428000e+01,1.000000000000000000e+00
4.920000000000000000e+02,1.567751294812504526e+01,4.357850570759843123e+01,-7.427809576089664315e-03,2.009818557346757757e+02,1.611570488221776287e-01,0.000000000000000000e+00,9.915627407537309423e+00,1.000000000000000000e+00
4.930000000000000000e+02,7.470950106266509749e+01,4.775063199815605941e+01,-1.247594109517974337e-02,3.318183672648518154e+02,7.910197155406639702e-02,0.000000000000000000e+00,1.083790627859207056e+01,1.000000000000000000e+00
4.930000000000000000e+02,9.123467245290073890e+01,3.088188638822852283e+01,4.056298223011345350e-03,-1.135996664329474015e+02,4.331341842167470979e-01,0.000000000000000000e+00,5.873284891437865696e+00,1.000000000000000000e+00
4.940000000000000000e+02,9.847944062175264435e+01,3.599669502382201358e+01,-8.995398261273308479e-03,2.416103208029892073e+02,1.137230892402151250e-01,0.000000000000000000e+00,6.143434206820334254e+00,1.000000000000000000e+00
4.940000000000000000e+02,3.676076796404342417e+01,4.435215925192514419e+01,-7.442454459568538863e-03,2.013614190362450529e+02,3.653922942801329787e-01,0.000000000000000000e+00,3.921837040582659029e+00,1.000000000000000000e+00
4.940000000000000000e+02,4.691297450374012357e+01,2.023966987222090452e+01,-7.104929938663488362e-03,1.926135227692574006e+02,1.057825296769200341e-01,0.000000000000000000e+00,1.767569336571690286e+01,1.000000000000000000e+00
4.950000000000000000e+02,5.752545218024629037e+01,3.437492556585824133e+01,-9.715207461234132494e-03,2.602661985934269069e+02,8.585538490614408325e-02,0.000000000000000000e+00,1.165067285129238250e+01,1.000000000000000000e+00
4.950000000000000000e+02,1.192253488072586087e+01,2.518176458150723107e+01,-7.401228797806631843e-02,1.926705689043449865e+03,5.559909648336525123e-03,0.000000000000000000e+00,5.914047314798832389e+00,1.000000000000000000e+00
4.950000000000000000e+02,7.408789531944648843e+01,3.666018031666979482e+01,-2.764828623272002836e-02,7.250523196729324127e+02,2.056520503482273110e-02,0.000000000000000000e+00,3.695002385861324345e+00,1.000000000000000000e+00
4.960000000000000000e+02,7.945928956523705722e+01,1.557228493211272635e+01,9.606708126666444955e-03,-2.574541334987479786e+02,3.771422153105431496e-01,0.000000000000000000e+00,3.045971160735733374e+00,1.000000000000000000e+00
4.960000000000000000e+02,1.186340511916911851e+02,2.283576884631430914e+01,-7.234237100271587173e-03,1.959648811632878846e+02,6.096524132218728020e-02,0.000000000000000000e+00,9.953319359684080325e+00,1.000000000000000000e+00
4.960000000000000000e+02,8.601855698413100981e+01,1.950659347717668979e+01,-6.652792427480716010e-03,1.808951088429592460e+02,3.965192176116463241e-01,0.000000000000000000e+00,4.741837119141813162e+00,1.000000000000000000e+00
4.960000000000000000e+02,2.347343461705489531e+01,4.970576220761661546e+01,-8.804974035951500591e-03,2.366749419885259158e+02,2.221990101550068708e-01,0.000000000000000000e+00,6.149538635217817628e+00,1.000000000000000000e+00
4.970000000000000000e+02,4.603759663516909129e+00,1.737501042550530173e+01,-9.507115555370010407e-03,2.548729121986550581e+02,2.116330678397529974e-01,0.000000000000000000e+00,7.751749485512983817e+00,1.000000000000000000e+00
4.970000000000000000e+02,1.302923807034160575e+02,2.747701797254006806e+01,-4.193442489814762364e-02,1.095317741473556225e+03,1.164213799278857042e-02,0.000000000000000000e+00,1.254822060914002613e+01,1.000000000000000000e+00
4.970000000000000000e+02,9.237024020272615132e+01,3.664434778085830402e+01,-7.784796044517780164e-03,2.102341630519444777e+02,1.047026690295490559e-01,0.000000000000000000e+00,5.873284891437865696e+00,1.000000000000000000e+00
4.970000000000000000e+02,8.236602588966162841e+01,1.648268278596813019e+01,-9.058612636118075490e-03,2.432486989339815295e+02,4.378884754773268995e-01,0.000000000000000000e+00,3.045971160735733374e+00,1.000000000000000000e+00
4.970000000000000000e+02,4.820006589652813034e+01,4.430227807508881455e+01,-3.610335910564018390e-03,1.020413001316954364e+02,3.000894679970499412e-01,0.000000000000000000e+00,1.143362209363290738e+01,1.000000000000000000e+00
4.970000000000000000e+02,1.364089024182684398e+02,5.137275072579411983e+01,-8.137602314881864363e-03,2.193781287917137206e+02,1.052551975534139483e-01,0.000000000000000000e+00,2.040334327449383522e+01,1.000000000000000000e+00
4.980000000000000000e+02,3.742197400934256990e+01,4.048646237574020290e+01,-2.647677114122356720e-02,6.946892145920290886e+02,3.810226094621338433e-02,0.000000000000000000e+00,3.610410868215809366e+00,1.000000000000000000e+00
4.980000000000000000e+02,6.944455731150397071e+01,2.738246443236782568e+01,-8.227617923318589557e-03,2.217111361918953776e+02,2.303391287548999244e-01,0.000000000000000000e+00,4.107709070324352396e+00,1.000000000000000000e+00
4.990000000000000000e+02,7.213586942503899024e+01,4.031862686827333420e+01,-8.320326321477600900e-03,2.241139348033828185e+02,2.426924409977330166e-01,0.000000000000000000e+00,4.146641564371970290e+00,1.000000000000000000e+00
4.990000000000000000e+02,7.400593148125521736e+01,5.125696564739009631e+01,-6.589146164602654142e-03,1.792455371201529601e+02,1.687903224442878214e-01,0.000000000000000000e+00,1.109704408123304020e+01,1.000000000000000000e+00
5.000000000000000000e+02,1.033699683859119034e+01,7.502170759005479361e+00,-2.842073922104474196e-02,7.450726091466270873e+02,5.997755447976738097e-02,0.000000000000000000e+00,6.506575472343135935e+00,1.000000000000000000e+00
5.000000000000000000e+02,6.011346640902506699e+00,2.499789170408004324e+01,-8.926809693480529037e-03,2.398326553624351050e+02,2.622650535043432596e-01,0.000000000000000000e+00,5.914047314798832389e+00,1.000000000000000000e+00
5.000000000000000000e+02,1.432106407464539757e+02,2.977871085087135583e+01,-8.734939042271662457e-03,2.348597883572355158e+02,9.653915518268163520e-02,0.000000000000000000e+00,1.312170844995844909e+01,1.000000000000000000e+00
5.000000000000000000e+02,1.028543998950516141e+02,3.666675021884655905e+01,-3.300327635611528115e-02,8.638419340825563495e+02,2.584120420437507892e-02,0.000000000000000000e+00,4.390643498958214153e+00,1.000000000000000000e+00
5.000000000000000000e+02,1.168870114559555162e+02,4.544045015751558481e+01,-5.773279873662548467e-02,1.504776986554519453e+03,8.817285542185748781e-03,0.000000000000000000e+00,1.054317113399778805e+01,1.000000000000000000e+00
5.000000000000000000e+02,6.480899058241506339e+01,4.346823333761952313e+01,4.734194639929901333e-03,-1.311692566928336134e+02,3.532452883623586892e-01,0.000000000000000000e+00,7.975159840795511990e+00,1.000000000000000000e+00
5.000000000000000000e+02,1.732426106441918279e+01,4.963875440507012371e+01,-7.558821439421777900e-03,2.043773962634081727e+02,1.727014139424073447e-01,0.000000000000000000e+00,6.149538635217817628e+00,1.000000000000000000e+00
5.010000000000000000e+02,9.018405102318720878e+01,1.007585794082202391e+01,-7.593900652955429091e-03,2.052865726405704834e+02,6.251158712469784273e-02,0.000000000000000000e+00,1.010786434341197015e+01,1.000000000000000000e+00
5.010000000000000000e+02,1.095174496821944956e+02,1.884125470903746091e+01,-9.753367409250519524e-03,2.612552208603303256e+02,1.458379672395884175e-01,0.000000000000000000e+00,4.510602848756348315e+00,1.000000000000000000e+00
5.010000000000000000e+02,1.659404119765586216e+01,5.717536268137874522e+00,-2.749448697006146719e-02,7.210661796672562787e+02,9.441117052641390117e-02,0.000000000000000000e+00,6.506575472343135935e+00,1.000000000000000000e+00
5.010000000000000000e+02,8.094187945030715525e+01,3.705620131931816985e+01,-7.235005451197861273e-03,1.959847951362984020e+02,1.110558133663274161e-01,0.000000000000000000e+00,9.390912257475246605e+00,1.000000000000000000e+00
5.020000000000000000e+02,8.392775550245377758e+01,2.296313268462398938e+01,-6.654424830921355956e-03,1.809374171645185356e+02,1.271187039445984546e-01,0.000000000000000000e+00,6.665975567946573754e+00,1.000000000000000000e+00
5.020000000000000000e+02,9.728314551342511152e+01,4.474918103833591942e+01,-8.725728198883519332e-03,2.346210634720778785e+02,1.491817578537989464e-01,0.000000000000000000e+00,8.646929685538276900e+00,1.000000000000000000e+00
5.030000000000000000e+02,1.164928040269429630e+02,3.490465127638295684e+01,-5.442458769396988499e-02,1.419035402645730073e+03,6.494691048919198906e-03,0.000000000000000000e+00,1.054317113399778805e+01,1.000000000000000000e+00
5.030000000000000000e+02,1.450134283755486564e+01,3.286525811017813226e+01,-7.831834055739936296e-03,2.114532852706012420e+02,2.986812436060616305e-01,0.000000000000000000e+00,5.293456706920513177e+00,1.000000000000000000e+00
5.030000000000000000e+02,1.876424277028673515e+01,3.600346907688454223e+01,-7.305975512944961822e-03,1.978241836837159440e+02,3.212128632434947395e-01,0.000000000000000000e+00,5.293456706920513177e+00,1.000000000000000000e+00
5.040000000000000000e+02,3.112747951049354000e+01,2.206169737310715817e+01,-1.016693610654723946e-02,2.719740156119645462e+02,7.156105417910341160e-02,0.000000000000000000e+00,1.515953310674251497e+01,1.000000000000000000e+00
5.040000000000000000e+02,6.574261013544646914e+01,2.740320260849373568e+01,-3.596048806906104039e-02,9.404863841954052077e+02,1.356149785542493102e-02,0.000000000000000000e+00,1.130310108502861866e+01,1.000000000000000000e+00
5.040000000000000000e+02,8.216834867615712312e+01,1.626806273191668595e+01,5.051186569907495372e-03,-1.393849931776393589e+02,2.653671538164775745e-01,0.000000000000000000e+00,6.922389331153184777e+00,1.000000000000000000e+00
5.040000000000000000e+02,7.193195316175656728e+01,1.794528914721477975e+01,-6.022636542426888610e-03,1.645628485979816276e+02,2.362021509575750189e-01,0.000000000000000000e+00,1.037289166893270398e+01,1.000000000000000000e+00
5.050000000000000000e+02,1.273743939034769710e+02,9.826318859955458507e+00,-1.116093703502802140e-02,2.977363424151345157e+02,2.312546155331717257e-01,0.000000000000000000e+00,7.015868868216421639e+00,1.000000000000000000e+00
5.050000000000000000e+02,7.161723610966038045e+00,4.337270084849788532e+01,-7.198708277350793217e-03,1.950440518956368123e+02,8.636639218853003896e-02,0.000000000000000000e+00,1.193903658871474960e+01,1.000000000000000000e+00
5.050000000000000000e+02,1.127777540702278003e+02,1.000881222285724981e+01,6.228419233418240261e-03,-1.698962852013634688e+02,3.245023717406790853e-01,0.000000000000000000e+00,3.324908734381169850e+00,1.000000000000000000e+00
5.050000000000000000e+02,5.343380915179374568e+01,2.350540567637780853e+01,-7.100480247158745886e-03,1.924981965120740597e+02,1.704133519011977738e-01,0.000000000000000000e+00,4.657455975117360758e+00,1.000000000000000000e+00
5.050000000000000000e+02,4.795717368154377169e+01,4.946991754481006609e+01,-1.001808800511917556e-02,2.681161988603423652e+02,1.401416727618686187e-01,0.000000000000000000e+00,8.749381269125509064e+00,1.000000000000000000e+00
5.060000000000000000e+02,9.480832048043494353e+01,2.769322856111557130e+01,-9.043381693750765504e-02,2.352315749898666581e+03,7.371297741711857476e-03,0.000000000000000000e+00,1.186425308398606937e+01,1.000000000000000000e+00
5.060000000000000000e+02,1.058877343792846801e+02,4.389452120181110928e+01,-4.500430238013466977e-02,1.174882241536467291e+03,8.511572125538102718e-03,0.000000000000000000e+00,8.407159234337473919e+00,1.000000000000000000e+00
5.060000000000000000e+02,5.655307744321868313e+01,4.783831982706607278e+01,4.935544034599516003e-03,-1.363877919662635350e+02,3.585939248371341481e-01,0.000000000000000000e+00,5.878085444240772617e+00,1.000000000000000000e+00
5.070000000000000000e+02,1.364276821376735427e+02,1.676686127862637576e+01,-9.475202243226404572e-03,2.540457890509214565e+02,6.996477283441404627e-02,0.000000000000000000e+00,8.020490132002924710e+00,1.000000000000000000e+00
5.070000000000000000e+02,5.958516227406007459e+01,5.287402733131776245e+01,5.881440406814442308e-03,-1.609033540394080148e+02,2.977902168757338153e-01,0.000000000000000000e+00,5.878085444240772617e+00,1.000000000000000000e+00
5.070000000000000000e+02,1.094656551869750132e+02,1.030039253687009726e+01,-7.241341778012113164e-03,1.961490188482117674e+02,2.898201322167095473e-01,0.000000000000000000e+00,3.324908734381169850e+00,1.000000000000000000e+00
5.080000000000000000e+02,1.351350312267453546e+02,6.128000449102497527e+00,-4.507242993214860549e-02,1.176647958457844197e+03,1.428676706098419569e-02,0.000000000000000000e+00,8.596804681470914034e+00,1.000000000000000000e+00
5.080000000000000000e+02,2.484818876740499505e+01,3.585959401637075672e+01,-6.306277547838085550e-03,1.719142021700062344e+02,1.650636663272193605e-01,0.000000000000000000e+00,5.988690063410000874e+00,1.000000000000000000e+00
5.080000000000000000e+02,8.078863233371123442e+01,3.699439218548412356e+01,6.985812468292386737e-03,-1.895262588525551735e+02,1.371932794898134134e-01,0.000000000000000000e+00,1.134836533703035499e+01,1.000000000000000000e+00
5.080000000000000000e+02,1.293780627435296822e+02,3.857828972014682023e+01,-2.940749264752559947e-02,7.706470965729122327e+02,2.574687112690532409e-02,0.000000000000000000e+00,6.835964068800267412e+00,1.000000000000000000e+00
5.080000000000000000e+02,1.234898103145451245e+02,5.029927456340567460e+01,-3.530563227926717534e-02,9.235139565223221325e+02,1.251761806426110457e-02,0.000000000000000000e+00,1.032865644124780857e+01,1.000000000000000000e+00
5.080000000000000000e+02,4.730561321224071492e+01,6.608799779841672439e+00,3.292271330467972257e-03,-9.379776290535590988e+01,3.378666423919970407e-01,0.000000000000000000e+00,1.348843600264325815e+01,1.000000000000000000e+00
5.090000000000000000e+02,5.086833579711186815e+01,1.961821612265474357e+01,-7.977953159364713567e-03,2.152403723767684198e+02,2.755543212941877762e-01,0.000000000000000000e+00,4.657455975117360758e+00,1.000000000000000000e+00
5.090000000000000000e+02,7.843108940378391480e+01,4.921409433268604516e+01,-8.038734186597807155e-03,2.168156834676791505e+02,5.371496997348701452e-02,0.000000000000000000e+00,1.244504436443605222e+01,1.000000000000000000e+00
5.090000000000000000e+02,1.106505587246970066e+02,1.746334637263035106e+01,-8.278820402472526763e-03,2.230381922974790143e+02,1.250643347125529603e-01,0.000000000000000000e+00,3.571557043608715620e+00,1.000000000000000000e+00
5.090000000000000000e+02,9.153963179538747852e+01,4.860145560168059120e+01,-4.672396949745923934e-03,1.295675959251380220e+02,2.294647152762513409e-01,0.000000000000000000e+00,1.312285067533711036e+01,1.000000000000000000e+00
5.100000000000000000e+02,1.284071920822648565e+02,1.676575283528088178e+01,-7.551510524399948805e-03,2.041879133598957594e+02,1.250378750587703980e-01,0.000000000000000000e+00,7.015868868216421639e+00,1.000000000000000000e+00
5.100000000000000000e+02,1.635544231831038076e+01,3.053190542027396148e+01,7.794933143283845275e-03,-2.104968944476248964e+02,1.404182795529279604e-01,0.000000000000000000e+00,1.002551784326321105e+01,1.000000000000000000e+00
5.110000000000000000e+02,1.309695846583102821e+02,3.193017248707237599e+01,-8.387312548291373307e-03,2.258500710755342311e+02,2.365181646632644741e-01,0.000000000000000000e+00,6.835964068800267412e+00,1.000000000000000000e+00
5.110000000000000000e+02,8.205732009332167820e+01,1.000605839668405395e+01,-8.554835065499097682e-03,2.301918877796606751e+02,2.439542563234428085e-01,0.000000000000000000e+00,1.364452340379406259e+01,1.000000000000000000e+00
5.110000000000000000e+02,1.684302725250820743e+01,1.333435509681889286e+01,-3.546520767956719972e-02,9.276498013635931557e+02,1.492782161445060929e-02,0.000000000000000000e+00,6.024284571307626734e+00,1.000000000000000000e+00
5.110000000000000000e+02,2.971479774553212039e+01,3.236953302412461397e+01,-6.677838571002907460e-03,1.815442500218955502e+02,1.262679472340910714e-01,0.000000000000000000e+00,5.988690063410000874e+00,1.000000000000000000e+00
5.110000000000000000e+02,1.138572225990921396e+02,4.657175557815099154e+01,7.433156455392605361e-03,-2.011204351343851897e+02,1.068564561561051729e-01,0.000000000000000000e+00,8.407159234337473919e+00,1.000000000000000000e+00
5.120000000000000000e+02,9.701110260576793110e+01,8.287077938753174777e+00,-7.926756507787900349e-03,2.139134673092190724e+02,8.976901024304118071e-02,0.000000000000000000e+00,7.016190236056137230e+00,1.000000000000000000e+00
5.120000000000000000e+02,5.247044961409439168e+01,2.668935923268136534e+01,-3.591618654112784664e-02,9.393381856295959551e+02,1.653309113454559665e-02,0.000000000000000000e+00,6.495954863910450960e+00,1.000000000000000000e+00
5.120000000000000000e+02,8.788059729779560314e+01,2.813496620120546510e+01,-9.414903341834311365e-03,2.524829736057593550e+02,1.863475154533014155e-01,0.000000000000000000e+00,1.134836533703035499e+01,1.000000000000000000e+00
5.120000000000000000e+02,7.110083325645772057e+00,4.804908789844090222e+01,-4.738856890091391709e-03,1.312900920048106741e+02,1.488040060461642833e-01,0.000000000000000000e+00,9.270893769171916432e+00,1.000000000000000000e+00
5.120000000000000000e+02,8.458902661512539112e+00,3.887683857352269001e+01,-7.679847004792267340e-03,2.075141138229967055e+02,9.581747583591027073e-02,0.000000000000000000e+00,9.270893769171916432e+00,1.000000000000000000e+00
5.120000000000000000e+02,3.617238019736679178e+01,4.970658648998544038e+01,-4.360000526634599805e-03,1.214709649122919330e+02,2.532099698220650064e-01,0.000000000000000000e+00,1.246998814986475956e+01,1.000000000000000000e+00
5.130000000000000000e+02,7.006116661415990166e+01,1.987558193426603026e+01,-4.412219539677648267e-02,1.152019960697992474e+03,1.248626440684363903e-02,0.000000000000000000e+00,7.327921147366199150e+00,1.000000000000000000e+00
5.140000000000000000e+02,6.933570995228714651e+01,3.602505191939859230e+01,-3.004031006469465997e-02,7.870483379004876952e+02,1.816337111020460693e-02,0.000000000000000000e+00,6.550390558629922033e+00,1.000000000000000000e+00
5.140000000000000000e+02,2.451909522421764009e+01,1.132755112528333363e+01,-4.091352098966450843e-03,1.145081861155732952e+02,4.426019192646296618e-01,0.000000000000000000e+00,7.934058336467804118e+00,1.000000000000000000e+00
5.150000000000000000e+02,1.159710293806891883e+02,4.580318711664991937e+00,-3.722771430854678737e-02,9.733301125861630680e+02,1.608249331234401502e-02,0.000000000000000000e+00,1.484209357948258301e+01,1.000000000000000000e+00
5.150000000000000000e+02,4.224261022771239737e+01,1.023577480838996401e+01,-1.448784201784414187e-02,3.839624323056135040e+02,6.387106822175969700e-02,0.000000000000000000e+00,7.734635306468758742e+00,1.000000000000000000e+00
5.150000000000000000e+02,5.575839538955465713e+01,2.108696312283739616e+01,-1.672553742979910121e-02,4.419585959277607685e+02,2.895502715104789626e-01,0.000000000000000000e+00,6.495954863910450960e+00,1.000000000000000000e+00
5.150000000000000000e+02,9.477901757533066984e+01,1.493874854435500055e+01,2.573426425822704974e-03,-7.516687753730167287e+01,3.115119713614543651e-01,0.000000000000000000e+00,7.016190236056137230e+00,1.000000000000000000e+00
5.160000000000000000e+02,1.442454052182845885e+02,3.321755525441709267e+01,-4.316735032269797268e-02,1.127272467873811593e+03,8.181872965910108597e-03,0.000000000000000000e+00,1.333809453896217789e+01,1.000000000000000000e+00
5.160000000000000000e+02,1.223550414903234156e+02,2.312609914886047946e+01,-6.366927814063172431e-02,1.658637529421460385e+03,9.533120170142406202e-03,0.000000000000000000e+00,1.231755094723471267e+01,1.000000000000000000e+00
5.160000000000000000e+02,2.319335419443446966e+01,2.640276423859157262e+01,7.278379831327078109e-03,-1.971089640618563124e+02,3.564822703296091078e-01,0.000000000000000000e+00,7.779553167836667171e+00,1.000000000000000000e+00
5.160000000000000000e+02,2.877977100582661052e+01,3.966417971676005294e+01,-8.586202121079172106e-03,2.310048531537898100e+02,6.444337229278929158e-02,0.000000000000000000e+00,7.354328342842836541e+00,1.000000000000000000e+00
5.170000000000000000e+02,1.070197658149248952e+02,1.641934833399210447e+01,8.089042790939833874e-03,-2.181195722960845274e+02,2.058239817121610971e-01,0.000000000000000000e+00,1.232996728309538348e+01,1.000000000000000000e+00
5.170000000000000000e+02,4.883698644308373815e+01,3.788129326696951438e+01,-1.694856113929178731e-02,4.477388819659109913e+02,5.462035745354765215e-02,0.000000000000000000e+00,1.176696401128805114e+01,1.000000000000000000e+00
5.170000000000000000e+02,8.094671463655109278e+01,3.803951664097149887e+01,-8.526239294462547788e-03,2.294507480306685352e+02,1.335075512676738851e-01,0.000000000000000000e+00,7.006651774983042813e+00,1.000000000000000000e+00
5.180000000000000000e+02,1.806147726445901114e+01,4.132850124514246914e+01,-8.495822334557265668e-03,2.286624070553371837e+02,1.446907329999288505e-01,0.000000000000000000e+00,1.084674084119635573e+01,1.000000000000000000e+00
5.180000000000000000e+02,1.144383615341077984e+02,4.342886917070642028e+01,-8.369774285400500072e-03,2.253955177172741458e+02,1.534236209693615738e-01,0.000000000000000000e+00,7.535891947596539353e+00,1.000000000000000000e+00
5.180000000000000000e+02,9.324376629616446621e+01,7.953226153722239289e+00,-6.203372041350165879e-03,1.692471168464146274e+02,1.585502111715791917e-01,0.000000000000000000e+00,7.152238779585949224e+00,1.000000000000000000e+00
5.190000000000000000e+02,6.316907847950653121e+01,1.267697484306241940e+01,-8.360377502711289696e-03,2.251519736927149324e+02,1.231645076592220445e-01,0.000000000000000000e+00,1.120919830878422552e+01,1.000000000000000000e+00
5.190000000000000000e+02,4.908627287880054091e+00,3.185178528857670699e+01,-9.197973763557600740e-03,2.468606341001212456e+02,1.113549416482519927e-01,0.000000000000000000e+00,1.621128026492112539e+01,1.000000000000000000e+00
5.190000000000000000e+02,6.879098532519731179e+01,4.922127619046003844e+01,-3.486208368563458587e-02,9.120181485257301119e+02,2.420402645678187969e-02,0.000000000000000000e+00,1.317122920008373299e+01,1.000000000000000000e+00
5.190000000000000000e+02,7.318050995653716484e+01,3.072173886076184246e+01,-8.415353509100767168e-03,2.265768313586967508e+02,2.152991700400032071e-01,0.000000000000000000e+00,6.550390558629922033e+00,1.000000000000000000e+00
5.200000000000000000e+02,4.345367511000222294e+01,1.787500940191812759e+01,-9.147713113788475195e-03,2.455579881492056131e+02,2.090513343935253010e-01,0.000000000000000000e+00,4.022735943961187388e+00,1.000000000000000000e+00
5.200000000000000000e+02,3.044227956554756531e+01,2.357884347921633861e+01,-6.703073974289786019e-02,1.745759251195145680e+03,8.841096499985545698e-03,0.000000000000000000e+00,7.779553167836667171e+00,1.000000000000000000e+00
5.200000000000000000e+02,8.128031430891624609e+01,4.503822226090372283e+01,-9.203674116737984093e-03,2.470083747684835771e+02,6.274782595682715236e-02,0.000000000000000000e+00,7.006651774983042813e+00,1.000000000000000000e+00
5.210000000000000000e+02,4.315166251219444149e+01,5.069692052876213495e+01,-9.233799920010750742e-03,2.477891696016505989e+02,1.236602664232014925e-01,0.000000000000000000e+00,1.231051023573373016e+01,1.000000000000000000e+00
5.220000000000000000e+02,5.200017380906172093e+01,6.660989885230843122e+00,-1.186511138683862994e-02,3.159869991881437841e+02,4.034751963446658873e-02,0.000000000000000000e+00,9.969672545233581928e+00,1.000000000000000000e+00
5.220000000000000000e+02,1.417262337205000620e+02,1.113412962406698448e+01,-2.384643569383811806e-02,6.265166812916073695e+02,3.429302928577782072e-02,0.000000000000000000e+00,1.066558228095861338e+01,1.000000000000000000e+00
5.230000000000000000e+02,5.410181900755983975e+01,4.507173297712335369e+01,-6.088699364610099425e-03,1.662750522447375658e+02,1.183205544887833138e-01,0.000000000000000000e+00,1.231051023573373016e+01,1.000000000000000000e+00
5.240000000000000000e+02,1.165762409691449477e+02,4.700705642895461978e+01,-6.792718157229055836e-03,1.845216772642366152e+02,2.209390274937288456e-01,0.000000000000000000e+00,3.524370114346853544e+00,1.000000000000000000e+00
5.240000000000000000e+02,1.399171287171792244e+02,2.164516118518684706e+01,-7.591293253393995716e-03,2.052189945551950814e+02,1.362707479037233993e-01,0.000000000000000000e+00,1.066558228095861338e+01,1.000000000000000000e+00
5.240000000000000000e+02,3.967464994531507472e+01,2.593204512440356524e+01,-7.013961966321745692e-03,1.902558321827188763e+02,2.236381330673529177e-01,0.000000000000000000e+00,8.899261532775916805e+00,1.000000000000000000e+00
5.240000000000000000e+02,1.112908013498918365e+02,3.292752041647622008e+01,-1.383824253613147488e-02,3.671262366245597377e+02,1.566794027686385649e-01,0.000000000000000000e+00,3.410433705937012672e+00,1.000000000000000000e+00
5.250000000000000000e+02,2.953136677225942819e+01,5.309446513167987547e+00,-1.111025414443161420e-02,2.964227529068534750e+02,1.609903068820053296e-01,0.000000000000000000e+00,6.462031176519793974e+00,1.000000000000000000e+00
5.250000000000000000e+02,1.309598022046523909e+02,3.281778817817640714e+01,-4.195192062441617520e-02,1.095771192375738110e+03,1.334058353901657057e-02,0.000000000000000000e+00,1.205357397975348555e+01,1.000000000000000000e+00
5.250000000000000000e+02,7.181003884117919256e+01,5.314869091661670808e+01,-8.243192238320205464e-03,2.221147883227041291e+02,7.988319820672529215e-02,0.000000000000000000e+00,8.361760069940624263e+00,1.000000000000000000e+00
5.250000000000000000e+02,1.397591477306354513e+01,3.020008320594980589e+01,-3.408379899173568078e-03,9.680704268159679771e+01,2.562338878265777442e-01,0.000000000000000000e+00,8.110714253674167651e+00,1.000000000000000000e+00
5.260000000000000000e+02,1.358029344595123291e+02,4.526154987693089993e+01,-7.452265783254231023e-03,2.016157070554210691e+02,1.709986050808284253e-01,0.000000000000000000e+00,1.137135123018383709e+01,1.000000000000000000e+00
5.260000000000000000e+02,2.238500644787869120e+01,2.068785749955520004e+01,-2.554280484159051484e-02,6.704828538685347894e+02,2.312595841425102439e-02,0.000000000000000000e+00,8.625162468574357533e+00,1.000000000000000000e+00
5.270000000000000000e+02,8.000313292831721412e+01,4.464588927296390608e+01,-2.300069130297277380e-03,6.808205520004271705e+01,4.149230802069097113e-01,0.000000000000000000e+00,4.307324482078455752e+00,1.000000000000000000e+00
5.280000000000000000e+02,7.465993319033272257e+01,2.013559601422240064e+01,-6.779676785735488063e-03,1.841836734809882898e+02,1.825397941156269299e-01,0.000000000000000000e+00,1.185330719940781918e+01,1.000000000000000000e+00
5.280000000000000000e+02,1.162190725572355205e+02,3.624079241653334549e+01,-3.518450223264490279e-02,9.203745310375434201e+02,4.323022252817465549e-02,0.000000000000000000e+00,3.273125177751161630e+00,1.000000000000000000e+00
5.280000000000000000e+02,2.687439707990041526e+01,4.431995152790000247e+01,-7.338396991708331409e-03,1.986644773971439122e+02,1.726277781922439525e-01,0.000000000000000000e+00,1.912436998306078806e+01,1.000000000000000000e+00
5.290000000000000000e+02,4.880119338715480382e+01,6.443468947835481409e+00,-8.302208773609385042e-03,2.236443676473778055e+02,6.928190028082237273e-02,0.000000000000000000e+00,8.319630600792779163e+00,1.000000000000000000e+00
5.290000000000000000e+02,2.657370323322944117e+01,1.105488586244375959e+01,-3.534248269718562319e-02,9.244690386374862783e+02,5.592001071758356812e-02,0.000000000000000000e+00,6.462031176519793974e+00,1.000000000000000000e+00
5.290000000000000000e+02,3.025896074976150274e+01,1.716730764744901805e+01,-2.407720239067693765e-02,6.324976486015032151e+02,2.314254868936169718e-01,0.000000000000000000e+00,5.645689061606379511e+00,1.000000000000000000e+00
5.290000000000000000e+02,5.026573506667609337e+01,4.488845666202311691e+01,-4.371496970994590003e-02,1.141465562883888879e+03,8.110833095221425815e-03,0.000000000000000000e+00,1.407525739166305101e+01,1.000000000000000000e+00
5.290000000000000000e+02,7.896844866840405075e+01,4.882709396493969933e+01,3.040222467189161032e-03,-8.726520845786599523e+01,1.969424379730914110e-01,0.000000000000000000e+00,4.307324482078455752e+00,1.000000000000000000e+00
5.300000000000000000e+02,1.041661446798945008e+02,2.135038469594811872e+01,-1.168166021635621242e-02,3.112323466813141977e+02,2.293684305959777792e-01,0.000000000000000000e+00,3.933962568836486984e+00,1.000000000000000000e+00
5.300000000000000000e+02,1.332011904139034186e+02,2.097444301809512268e+01,-2.951397922144111466e-02,7.734069953202447323e+02,2.249691603724734978e-02,0.000000000000000000e+00,8.303106030183091235e+00,1.000000000000000000e+00
5.300000000000000000e+02,6.589639536545091936e+00,2.684946776469911001e+01,4.404727988171718706e-03,-1.226302027441484910e+02,3.074595956280259390e-01,0.000000000000000000e+00,4.360696017232968735e+00,1.000000000000000000e+00
5.300000000000000000e+02,1.244605919161462992e+02,4.607327300038649298e+01,-2.776972378707590061e-02,7.281997150845999158e+02,1.688685951740376279e-02,0.000000000000000000e+00,8.593443435306806322e+00,1.000000000000000000e+00
5.310000000000000000e+02,1.415982538219139144e+02,2.175852784150042041e+01,-8.816871941470726462e-03,2.369833096383710824e+02,1.731435141217509965e-01,0.000000000000000000e+00,8.433591339900418760e+00,1.000000000000000000e+00
5.320000000000000000e+02,1.172319753662949182e+02,1.817640264610798795e+01,5.442027748484943618e-03,-1.495147404265052558e+02,1.609310743032313917e-01,0.000000000000000000e+00,5.632568154687190187e+00,1.000000000000000000e+00
5.320000000000000000e+02,1.094998879425819460e+01,2.679447589737064206e+01,-5.963849818003132477e-03,1.630392254675612094e+02,1.613222829881977294e-01,0.000000000000000000e+00,4.360696017232968735e+00,1.000000000000000000e+00
5.320000000000000000e+02,1.199628629893677498e+02,2.983065892924062013e+01,-3.256817808964439231e-02,8.525651400563701827e+02,5.080082765041538106e-02,0.000000000000000000e+00,7.423326621174392237e+00,1.000000000000000000e+00
5.330000000000000000e+02,8.132836779824462781e+01,9.820628332146126738e+00,-8.053472716050825292e-03,2.171976738677757623e+02,7.344116961826252510e-02,0.000000000000000000e+00,4.970606989878024073e+00,1.000000000000000000e+00
5.330000000000000000e+02,1.026183841481534245e+02,2.496708192261655412e+01,9.128455426779411019e-03,-2.450588710840345072e+02,2.277589870261076399e-01,0.000000000000000000e+00,3.933962568836486984e+00,1.000000000000000000e+00
5.330000000000000000e+02,4.966365469110214548e+01,3.082608240079275674e+01,-2.689170483806299639e-02,7.054433871419106481e+02,4.044867933978324448e-02,0.000000000000000000e+00,5.967013823451731369e+00,1.000000000000000000e+00
5.330000000000000000e+02,9.161820505557312799e+01,3.319275272425205969e+01,-6.562262726496652897e-03,1.785487772900206949e+02,1.163356699469997313e-01,0.000000000000000000e+00,1.114635633234411216e+01,1.000000000000000000e+00
5.330000000000000000e+02,1.323787240549002320e+02,1.271217221420767984e+01,-7.146880290986026493e-03,1.937007840132616252e+02,3.201999484799671336e-01,0.000000000000000000e+00,6.244593729531814574e+00,1.000000000000000000e+00
5.330000000000000000e+02,1.465306014760993314e+01,2.118816568397987155e+01,-4.444281041491495582e-03,1.236553312490531056e+02,2.816268231682549361e-01,0.000000000000000000e+00,6.718887680024421272e+00,1.000000000000000000e+00
5.340000000000000000e+02,1.260261529436606764e+02,1.241381225471137739e+01,-9.144695749192820189e-03,2.454797846681319982e+02,2.377850727318798763e-01,0.000000000000000000e+00,6.359573758420134837e+00,1.000000000000000000e+00
5.340000000000000000e+02,1.295825908883798832e+02,7.128572106571661848e+00,-7.959147645989280914e-03,2.147529746617383637e+02,3.252786617623827370e-01,0.000000000000000000e+00,6.244593729531814574e+00,1.000000000000000000e+00
5.340000000000000000e+02,1.329516240919461723e+02,4.475053241155249850e+01,-3.224514644248035935e-03,9.204165801301365946e+01,4.142200449174737731e-01,0.000000000000000000e+00,8.593443435306806322e+00,1.000000000000000000e+00
5.350000000000000000e+02,8.619232635090230588e+01,1.408442326935983679e+01,-4.351559988786338033e-03,1.212522046594481111e+02,3.608540874237753382e-01,0.000000000000000000e+00,4.017462468470204051e+00,1.000000000000000000e+00
5.350000000000000000e+02,4.485266070846579822e+01,5.074300175640831156e+01,-9.541229934823963754e-02,2.481347109099847330e+03,7.642458172035015984e-03,0.000000000000000000e+00,1.384745598472098926e+01,1.000000000000000000e+00
5.350000000000000000e+02,5.527230388735375044e+01,2.878934280952187663e+01,-8.668957029368295694e-03,2.331496791100082078e+02,4.906106698323711157e-01,0.000000000000000000e+00,5.967013823451731369e+00,1.000000000000000000e+00
5.350000000000000000e+02,9.875480836169049326e+01,4.525531872399900379e+01,-4.612493117415277649e-03,1.280150198046879950e+02,2.120533621068827479e-01,0.000000000000000000e+00,7.882041187655789649e+00,1.000000000000000000e+00
5.360000000000000000e+02,5.897231207566082389e+01,1.262251754650830016e+01,-7.167036994639242389e-03,1.942232016206399692e+02,1.653012002929545865e-01,0.000000000000000000e+00,7.395932737901937948e+00,1.000000000000000000e+00
5.360000000000000000e+02,9.714235886569046841e+01,5.297066576134940163e+01,-7.876551533091705193e-03,2.126122643342429228e+02,8.693017697022009660e-02,0.000000000000000000e+00,7.882041187655789649e+00,1.000000000000000000e+00
5.360000000000000000e+02,3.500473266845629183e+01,2.181658595431484216e+01,4.152271639141050762e-03,-1.160870871585286466e+02,3.223644717935535420e-01,0.000000000000000000e+00,6.605064658453817295e+00,1.000000000000000000e+00
5.370000000000000000e+02,1.789489691261884019e+01,1.267392643898363502e+01,-6.544130583901043401e-03,1.780788318706499638e+02,2.149531575192433763e-01,0.000000000000000000e+00,9.110531023601065925e+00,1.000000000000000000e+00
5.370000000000000000e+02,1.184888312486515645e+02,1.268585282772169442e+01,-9.338598550826346378e-03,2.505053205611095279e+02,1.056199728967325280e-01,0.000000000000000000e+00,5.632568154687190187e+00,1.000000000000000000e+00
5.370000000000000000e+02,3.522683240841372765e+01,4.078833115479110916e+01,-7.257081240973049970e-03,1.965569512523854598e+02,8.325465381312879831e-02,0.000000000000000000e+00,1.384745598472098926e+01,1.000000000000000000e+00
5.370000000000000000e+02,1.219985514507018394e+02,4.709925876563272595e+01,3.107762955167512817e-03,-8.901570996534775304e+01,2.446033553857719367e-01,0.000000000000000000e+00,1.120206747751173459e+01,1.000000000000000000e+00
5.370000000000000000e+02,9.007527686592099769e+01,1.305354986128162587e+01,2.776454331369962968e-03,-8.042891613606411738e+01,4.255885192763738667e-01,0.000000000000000000e+00,4.017462468470204051e+00,1.000000000000000000e+00
5.380000000000000000e+02,8.510608711798111869e+01,6.590183999068409904e+00,3.707955817580450147e-03,-1.045713942945813244e+02,3.626725202446623442e-01,0.000000000000000000e+00,4.970606989878024073e+00,1.000000000000000000e+00
5.380000000000000000e+02,6.928590560578425084e+01,1.679284107110385094e+01,-1.029797309120341828e-02,2.753702072303909176e+02,9.373106489913407557e-02,0.000000000000000000e+00,3.241164804660355170e+00,1.000000000000000000e+00
5.380000000000000000e+02,9.670301100276971340e+01,2.327378060175156804e+01,-6.545625886228712172e-03,1.781175868316677793e+02,8.244101155191896346e-02,0.000000000000000000e+00,6.152959354031999339e+00,1.000000000000000000e+00
5.380000000000000000e+02,1.394374414980531185e+02,2.898332744851780518e+01,-6.616489196807770305e-03,1.799542086226377933e+02,1.641737316586979745e-01,0.000000000000000000e+00,8.588236660073564011e+00,1.000000000000000000e+00
5.400000000000000000e+02,2.777749111438416563e+01,9.763158793628253562e+00,-8.481569161411357805e-03,2.282929960275947394e+02,1.608797693905954507e-01,0.000000000000000000e+00,7.519219207739331168e+00,1.000000000000000000e+00
5.400000000000000000e+02,1.098404781639261216e+02,3.036419346319379287e+01,-9.552815994625700469e-03,2.560573674817632082e+02,1.098834750826073181e-01,0.000000000000000000e+00,1.268385337413107194e+01,1.000000000000000000e+00
5.410000000000000000e+02,5.592982771320868807e+01,5.881367053617351459e+00,-8.968663630953239291e-03,2.409174177447191880e+02,1.463170093832921737e-01,0.000000000000000000e+00,6.002803155850512162e+00,1.000000000000000000e+00
5.410000000000000000e+02,8.321182032441813092e+00,2.025520741546267800e+01,-8.036724156656611592e-03,2.167635878943798389e+02,8.262035578902438004e-02,0.000000000000000000e+00,4.083710191832646608e+00,1.000000000000000000e+00
5.410000000000000000e+02,7.005813542807119632e+01,4.377528103912590751e+01,-9.834506687370986322e-03,2.633581732214589692e+02,1.683633579643658562e-01,0.000000000000000000e+00,6.579088432126083852e+00,1.000000000000000000e+00
5.410000000000000000e+02,1.360746273172859730e+02,2.108084114893696182e+01,3.717305105369254296e-03,-1.048137073553549925e+02,2.180913189524030793e-01,0.000000000000000000e+00,8.588236660073564011e+00,1.000000000000000000e+00
5.410000000000000000e+02,8.911888079165562715e+01,4.097427227566141283e+01,5.107229676110118868e-03,-1.408375077333988088e+02,4.580826981928638464e-01,0.000000000000000000e+00,6.772649893018330758e+00,1.000000000000000000e+00
5.420000000000000000e+02,6.176351367772290502e+01,4.466533566835709124e+00,-6.169888068208687071e-03,1.683792856059974099e+02,4.623795842468787498e-01,0.000000000000000000e+00,6.002803155850512162e+00,1.000000000000000000e+00
5.420000000000000000e+02,7.575196416549277956e+01,2.679492753390335835e+01,-1.217308991786007419e-02,3.239691281149862334e+02,1.010316603975336402e-01,0.000000000000000000e+00,7.853535467613459886e+00,1.000000000000000000e+00
5.420000000000000000e+02,1.222402330348157875e+02,2.043792361826164949e+01,-3.161031660269078471e-03,9.039631812162549807e+01,3.206531583429120813e-01,0.000000000000000000e+00,4.940710228778733004e+00,1.000000000000000000e+00
5.430000000000000000e+02,4.095761661572475987e+01,1.539111662308900819e+01,4.860015028183948746e-03,-1.344302455589674139e+02,2.197431157506258836e-01,0.000000000000000000e+00,7.771545751517035860e+00,1.000000000000000000e+00
5.430000000000000000e+02,1.241531178349540312e+02,3.499185007610390841e+01,3.588440310780448284e-03,-1.014738141455023595e+02,3.477576756123866852e-01,0.000000000000000000e+00,4.778518299531510749e+00,1.000000000000000000e+00
5.430000000000000000e+02,7.523589886230891466e+01,3.971631929789132442e+01,-7.877597071174467433e-03,2.126393623911979205e+02,2.914952706086186840e-01,0.000000000000000000e+00,6.579088432126083852e+00,1.000000000000000000e+00
5.430000000000000000e+02,5.327993171074769663e+01,4.545425114062427951e+01,-8.351403491960503883e-03,2.249193869907585679e+02,6.482001239063628351e-02,0.000000000000000000e+00,8.586172455294640571e+00,1.000000000000000000e+00
5.440000000000000000e+02,8.984066111730648174e+01,4.770835125759387552e+01,3.565730478951767164e-03,-1.008852250481966735e+02,1.992288084142573856e-01,0.000000000000000000e+00,6.772649893018330758e+00,1.000000000000000000e+00
5.440000000000000000e+02,9.160590858259772062e+01,2.549755495943910333e+01,-8.731958388075418756e-03,2.347825363293040652e+02,9.062408223116547035e-02,0.000000000000000000e+00,9.070536195194161877e+00,1.000000000000000000e+00
5.440000000000000000e+02,1.214779591936300136e+02,2.531947625608116681e+01,-3.978243447306274716e-03,1.115766576181210894e+02,2.349982917624490186e-01,0.000000000000000000e+00,3.198670818845382957e+00,1.000000000000000000e+00
5.440000000000000000e+02,1.397508520770242058e+02,2.910638837975389492e+01,7.329086917390606470e-03,-1.984231806636472868e+02,1.328101243867209069e-01,0.000000000000000000e+00,8.827459251573227306e+00,1.000000000000000000e+00
5.440000000000000000e+02,7.958245585221804674e+01,5.311024951558465546e+01,2.530203959517530934e-03,-7.404664588531038305e+01,2.397548191114722282e-01,0.000000000000000000e+00,1.159358788513598704e+01,1.000000000000000000e+00
5.450000000000000000e+02,2.102350254833183385e+01,1.848514427786355796e+01,-9.147708706273679352e-03,2.455578739160763178e+02,1.342622913886223346e-01,0.000000000000000000e+00,6.975277329358952727e+00,1.000000000000000000e+00
5.450000000000000000e+02,2.040305321392967031e+01,8.294716371748393158e+00,-5.034077469340393456e-03,1.389415627667727904e+02,2.464580754187045697e-01,0.000000000000000000e+00,3.237102777435598266e+00,1.000000000000000000e+00
5.450000000000000000e+02,7.144706764713968994e+01,1.991371298477115559e+01,-1.530198686468091200e-02,4.050632834299503884e+02,6.952642419665322482e-02,0.000000000000000000e+00,8.116849616995331473e+00,1.000000000000000000e+00
5.450000000000000000e+02,7.974786334777223828e+01,2.003395060256267257e+01,-8.273918126090545888e-03,2.229111360316211119e+02,1.466887864185130175e-01,0.000000000000000000e+00,7.853535467613459886e+00,1.000000000000000000e+00
5.460000000000000000e+02,6.070532787782143203e+01,2.833192493124419897e+01,-5.287780355776754149e-02,1.378946145916656633e+03,1.228475431711562038e-02,0.000000000000000000e+00,1.110020724298655637e+01,1.000000000000000000e+00
5.460000000000000000e+02,7.295467104101633460e+00,1.139778277717354804e+01,-8.732390033183514561e-03,2.347937236250289743e+02,1.463479831053218216e-01,0.000000000000000000e+00,8.916617202571345047e+00,1.000000000000000000e+00
5.460000000000000000e+02,1.169007896430250604e+01,2.256328505570302312e+01,-7.973337274917469478e-03,2.151207387625450167e+02,1.222829785134820213e-01,0.000000000000000000e+00,4.083710191832646608e+00,1.000000000000000000e+00
5.460000000000000000e+02,1.297569160418652530e+02,3.888657795174940190e+01,6.284335842103887758e-03,-1.713455212185635048e+02,3.693898363239594973e-01,0.000000000000000000e+00,4.706739308709375180e+00,1.000000000000000000e+00
5.460000000000000000e+02,9.992191510866175008e+01,5.302651858034921162e+01,-4.480437692141297709e-03,1.245924324362440672e+02,3.653827537594924735e-01,0.000000000000000000e+00,4.759941027070826003e+00,1.000000000000000000e+00
5.470000000000000000e+02,1.043594703400142976e+02,3.674020392551123848e+01,-6.889436385275815242e-03,1.870284018832693107e+02,2.718400699604939241e-01,0.000000000000000000e+00,7.986802876018481712e+00,1.000000000000000000e+00
5.470000000000000000e+02,8.939454787327564134e+01,7.005446251684151804e+00,-2.861336632883508535e-02,7.500650818494734722e+02,3.718118333194520009e-02,0.000000000000000000e+00,1.621112111963411806e+01,1.000000000000000000e+00
5.470000000000000000e+02,3.458682177189588458e+01,1.984194760457616269e+01,-8.225986116248116403e-03,2.216688433269445397e+02,8.344657602242344652e-02,0.000000000000000000e+00,7.771545751517035860e+00,1.000000000000000000e+00
5.470000000000000000e+02,4.777694098911200626e+01,3.886339000192230486e+01,3.103773773065239636e-03,-8.891231910317502241e+01,3.406786252271218896e-01,0.000000000000000000e+00,7.016963896129836620e+00,1.000000000000000000e+00
5.470000000000000000e+02,1.348719615230271813e+02,4.584420436663071996e+01,-1.327155466787851255e-02,3.524389283544983300e+02,1.330720935099951596e-01,0.000000000000000000e+00,8.635522891140370305e+00,1.000000000000000000e+00
5.470000000000000000e+02,2.961189759408680189e+01,4.825491984420333580e+01,-9.413090182367436082e-03,2.524359804839286880e+02,5.782806131772888492e-02,0.000000000000000000e+00,1.167305106702110606e+01,1.000000000000000000e+00
5.470000000000000000e+02,9.793539974929508674e+01,3.199464418762639895e+01,-7.249632797505674991e-03,1.963639039128072739e+02,2.500611649986127505e-01,0.000000000000000000e+00,7.986802876018481712e+00,1.000000000000000000e+00
5.470000000000000000e+02,8.339858238860438178e+01,3.362109290266003114e+01,-7.136926014721757701e-03,1.934427909763727200e+02,2.059858660294141552e-01,0.000000000000000000e+00,1.018730519615367491e+01,1.000000000000000000e+00
5.480000000000000000e+02,1.026087999843291243e+02,2.244173678156472462e+01,-3.775896590298662842e-02,9.870989902587244842e+02,1.815626099227474199e-02,0.000000000000000000e+00,1.063478771135579315e+01,1.000000000000000000e+00
5.480000000000000000e+02,2.859234607625445790e+01,2.599538402349793387e+01,-3.245440635498655045e-03,9.258401386986651005e+01,4.011522297293093064e-01,0.000000000000000000e+00,8.590606417904883330e+00,1.000000000000000000e+00
5.490000000000000000e+02,1.207780035556647960e+02,2.219832949371742004e+01,4.461119484501066372e-03,-1.240917468088777156e+02,2.069120166602300692e-01,0.000000000000000000e+00,3.198670818845382957e+00,1.000000000000000000e+00
5.490000000000000000e+02,1.000417833765484801e+02,4.826808709722939028e+01,7.811875741581809224e-03,-2.109360094843825379e+02,1.623775930297988168e-01,0.000000000000000000e+00,4.759941027070826003e+00,1.000000000000000000e+00
5.500000000000000000e+02,2.481183249956774617e+01,3.761445480259625640e+01,-2.878332851179078028e-02,7.544701293459349927e+02,1.174961937966112480e-02,0.000000000000000000e+00,1.167305106702110606e+01,1.000000000000000000e+00
5.500000000000000000e+02,1.370318497358777279e+02,3.343373746429875126e+01,-6.017116236904186677e-02,1.567974030906666485e+03,9.546968504956288015e-03,0.000000000000000000e+00,9.091651644990532688e+00,1.000000000000000000e+00
5.500000000000000000e+02,2.071615584446268699e+01,1.151664143829394682e+01,-7.796854979478990734e-03,2.105467042322064231e+02,8.511874763923510390e-02,0.000000000000000000e+00,3.237102777435598266e+00,1.000000000000000000e+00
5.510000000000000000e+02,5.469012217063109205e+01,3.766101390806481675e+01,3.367195390697371934e-03,-9.573963043258278560e+01,2.799687629892135821e-01,0.000000000000000000e+00,4.990996827741315478e+00,1.000000000000000000e+00
5.520000000000000000e+02,8.872665515385948254e+01,5.309458667157076661e+01,-8.370070171730791334e-03,2.254031864428448557e+02,2.467706898848324171e-01,0.000000000000000000e+00,1.230151311168713768e+01,1.000000000000000000e+00
5.530000000000000000e+02,9.145124333292032759e+01,1.921614706821955210e+01,-7.809222634467738108e-03,2.108672467593607678e+02,3.826594388337756225e-02,0.000000000000000000e+00,1.161445217942864794e+01,1.000000000000000000e+00
5.530000000000000000e+02,9.555623364442078937e+00,3.311866620800726224e+01,-8.884256482747016070e-03,2.387297693489215931e+02,1.584924088573986811e-01,0.000000000000000000e+00,9.755271563452192041e+00,1.000000000000000000e+00
5.530000000000000000e+02,1.386593632228178308e+02,4.354714151240104769e+01,-3.526182293088825359e-02,9.223785141724879395e+02,4.510216488285700986e-02,0.000000000000000000e+00,1.024352193292638269e+01,1.000000000000000000e+00
5.530000000000000000e+02,2.763457833196416047e+01,5.317734735071886121e+01,-3.414616042311397620e-02,8.934629857219720179e+02,2.063898188169410730e-02,0.000000000000000000e+00,1.067613962199602540e+01,1.000000000000000000e+00
5.540000000000000000e+02,1.236089051725307684e+02,5.021646499115377793e+01,1.134770855546048812e-02,-3.025770511197634391e+02,6.115355766439323215e-02,0.000000000000000000e+00,3.789610977528207414e+00,1.000000000000000000e+00
5.540000000000000000e+02,4.096315300371050938e+01,2.967131717075295327e+01,-5.002625752183569897e-03,1.381264031500173530e+02,2.773239002996196190e-01,0.000000000000000000e+00,9.127346726745722449e+00,1.000000000000000000e+00
5.540000000000000000e+02,4.910538868280848135e+01,3.379593308211486402e+01,4.812784079407861869e-03,-1.332061228215238771e+02,2.843257566772294798e-01,0.000000000000000000e+00,3.935587535071753518e+00,1.000000000000000000e+00
5.540000000000000000e+02,4.969919024275061048e+01,3.768646633009289104e+01,-4.537395919697906864e-03,1.260686649330138636e+02,2.917513723920885926e-01,0.000000000000000000e+00,3.935587535071753518e+00,1.000000000000000000e+00
5.540000000000000000e+02,7.038824991217428817e+01,5.097853396917332702e+01,-5.764796544881662342e-03,1.578802006352266574e+02,1.630556717598407035e-01,0.000000000000000000e+00,9.695050743363660573e+00,1.000000000000000000e+00
5.550000000000000000e+02,5.177142376209450170e+00,4.366462699260410574e+01,-6.894763413860736934e-02,1.795440955159860096e+03,1.299551135126364443e-02,0.000000000000000000e+00,1.141877334193866211e+01,1.000000000000000000e+00
5.550000000000000000e+02,1.157854576674298812e+02,5.665061020462647257e+00,1.926336114336767852e-02,-5.077334277256691166e+02,5.332803606318581302e-02,0.000000000000000000e+00,1.571229085058250341e+01,1.000000000000000000e+00
5.550000000000000000e+02,8.489531375905598054e+01,3.550115760151295063e+01,-3.507312762333598868e-03,9.937116579182111309e+01,3.256844821770755738e-01,0.000000000000000000e+00,6.671859371261158245e+00,1.000000000000000000e+00
5.560000000000000000e+02,7.112186606382140042e+01,3.626019071879920830e+01,-6.132847020242267362e-03,1.674192627775466633e+02,1.794205493112356331e-01,0.000000000000000000e+00,7.413711043769086295e+00,1.000000000000000000e+00
5.560000000000000000e+02,1.377894870792859194e+02,2.143591666922617378e+01,-5.314167352162108351e-03,1.462008790196691450e+02,3.322456465822720695e-01,0.000000000000000000e+00,5.877955173822971169e+00,1.000000000000000000e+00
5.570000000000000000e+02,6.807000674765507142e+01,1.839812838044127830e+01,3.917873078830891136e-03,-1.100119899027018562e+02,1.710402574103250251e-01,0.000000000000000000e+00,1.436200934150276964e+01,1.000000000000000000e+00
5.580000000000000000e+02,4.077405465322299705e+01,5.114965347636181825e+00,-7.677119839235265093e-03,2.074434316653519943e+02,1.678075392777809149e-01,0.000000000000000000e+00,6.272693200386307844e+00,1.000000000000000000e+00
5.580000000000000000e+02,1.351504389742051160e+02,1.618369979208356568e+01,-5.319841552982817155e-03,1.463479418761529303e+02,2.346420963668394144e-01,0.000000000000000000e+00,5.877955173822971169e+00,1.000000000000000000e+00
5.580000000000000000e+02,1.041783403208378189e+01,2.340157219583964121e+01,-7.696881526002736194e-03,2.079556113002982443e+02,1.883430104308060349e-01,0.000000000000000000e+00,9.755271563452192041e+00,1.000000000000000000e+00
5.580000000000000000e+02,1.701724769199973508e+01,5.205830878568813347e+01,3.871758406604940139e-03,-1.088167986083418270e+02,2.815615658109034136e-01,0.000000000000000000e+00,9.482155738368449605e+00,1.000000000000000000e+00
5.590000000000000000e+02,2.350947052396595893e+01,1.189762048651646076e+01,-1.000337598295121706e-02,2.677348954710128055e+02,6.110995856870826692e-02,0.000000000000000000e+00,9.912015630246528985e+00,1.000000000000000000e+00
5.590000000000000000e+02,8.367414662200775410e+01,4.206030833108753342e+01,-8.720452017167677067e-03,2.344843163989698098e+02,1.075269631103781265e-01,0.000000000000000000e+00,6.671859371261158245e+00,1.000000000000000000e+00
5.590000000000000000e+02,1.172675324908369703e+02,2.130729672994872814e+01,-9.846014119726378272e-03,2.636564206621913513e+02,1.504453929336972973e-01,0.000000000000000000e+00,6.321801599222022894e+00,1.000000000000000000e+00
5.590000000000000000e+02,5.564505419870612712e+01,2.560145167471177530e+01,-3.854927321100552577e-03,1.083805737389356665e+02,2.809267019252364994e-01,0.000000000000000000e+00,6.276565018792188866e+00,1.000000000000000000e+00
5.590000000000000000e+02,2.973481402460295797e+01,3.927416564850939551e+01,-8.088098139548348733e-03,2.180950890011848742e+02,1.819290538081529407e-01,0.000000000000000000e+00,1.028907050881497476e+01,1.000000000000000000e+00
5.590000000000000000e+02,1.225557987586998507e+02,4.657611909520508675e+01,-7.551434448809596356e-03,2.041859416472300666e+02,3.170980321601359897e-01,0.000000000000000000e+00,3.789610977528207414e+00,1.000000000000000000e+00
5.590000000000000000e+02,1.326239566349688346e+02,5.119164193456175838e+01,-3.123866006998176226e-03,8.943306579661843614e+01,3.103744819803113675e-01,0.000000000000000000e+00,9.067641531366424701e+00,1.000000000000000000e+00
5.600000000000000000e+02,1.365927966254907915e+02,3.541128097680512354e+01,-8.021950514641782229e-03,2.163806874535917473e+02,1.147117469027290060e-01,0.000000000000000000e+00,1.402650617836658675e+01,1.000000000000000000e+00
5.600000000000000000e+02,7.089013205630335790e+01,5.012140124201597757e+01,-8.386519391115761571e-03,2.258295141788765932e+02,3.238156967161056610e-01,0.000000000000000000e+00,1.375265230326438903e+01,1.000000000000000000e+00
5.600000000000000000e+02,3.876249695482518831e+01,1.615343966138894416e+01,5.378817752910033945e-03,-1.478764757965952583e+02,3.211766214857401103e-01,0.000000000000000000e+00,3.732452586952911489e+00,1.000000000000000000e+00
5.600000000000000000e+02,5.194245540980251263e+01,3.900334180858376243e+01,-3.837439932766612861e-03,1.079273389377554935e+02,3.198604807316822729e-01,0.000000000000000000e+00,1.390395256579818195e+01,1.000000000000000000e+00
5.610000000000000000e+02,3.462219268712403419e+01,6.340230354170535598e+00,-8.798054934596443236e-03,2.364956140370262290e+02,9.072653055849055903e-02,0.000000000000000000e+00,6.272693200386307844e+00,1.000000000000000000e+00
5.610000000000000000e+02,1.199185902181430521e+02,1.556821419121339112e+01,-8.800617355319560395e-03,2.365620263694342782e+02,1.838191322678288664e-01,0.000000000000000000e+00,6.094346194826433916e+00,1.000000000000000000e+00
5.610000000000000000e+02,3.029837343967117036e+01,2.900054054725842434e+01,-7.551423277861208684e-03,2.041856521207167248e+02,2.855665419844292119e-01,0.000000000000000000e+00,5.487143819264746369e+00,1.000000000000000000e+00
5.610000000000000000e+02,6.371804011566763570e+00,3.502838151851907611e+01,6.018316511731758647e-03,-1.644508828649739485e+02,3.213959621729148841e-01,0.000000000000000000e+00,6.426660127655279275e+00,1.000000000000000000e+00
5.620000000000000000e+02,9.353854741506897597e+01,1.036569428828054740e+01,-3.390109007087065141e-02,8.871112989947675942e+02,9.313160656274632743e-03,0.000000000000000000e+00,1.178669998215754866e+01,1.000000000000000000e+00
5.620000000000000000e+02,1.411140817296979719e+02,2.142528851165627302e+01,-1.330116428789490310e-02,3.532063448483096408e+02,3.542468646137111321e-01,0.000000000000000000e+00,7.939728409731297454e+00,1.000000000000000000e+00
5.630000000000000000e+02,6.455256240274410118e+01,2.389399238895205002e+01,-2.242900839716829159e-02,5.897800704995503338e+02,1.411504178901967776e-02,0.000000000000000000e+00,9.069681340462349084e+00,1.000000000000000000e+00
5.630000000000000000e+02,3.505835987760013950e+01,1.569455969126804717e+01,-8.269002642112990506e-03,2.227837374538158883e+02,7.389627411662136325e-02,0.000000000000000000e+00,3.732452586952911489e+00,1.000000000000000000e+00
5.630000000000000000e+02,1.431009166124736787e+01,4.297081277898558227e+01,-8.174756881236963646e-03,2.203410937681479709e+02,2.740502797969032178e-01,0.000000000000000000e+00,6.126098260405498763e+00,1.000000000000000000e+00
5.630000000000000000e+02,1.492690271997552820e+01,6.939033616836919549e+00,3.379021156378403563e-03,-9.604612837583731277e+01,2.309121153488241651e-01,0.000000000000000000e+00,9.912015630246528985e+00,1.000000000000000000e+00
5.630000000000000000e+02,6.273659525407538951e+01,1.104827482699353602e+01,-8.474972874258766831e-03,2.281220347131296364e+02,1.801494908296740194e-01,0.000000000000000000e+00,1.297344196297394880e+01,1.000000000000000000e+00
5.640000000000000000e+02,8.250044164263938740e+01,6.232110198649692734e+00,-8.248003449985674695e-02,2.146171131107157635e+03,2.062180463382456974e-02,0.000000000000000000e+00,1.178669998215754866e+01,1.000000000000000000e+00
5.640000000000000000e+02,6.684418424965976158e+01,3.697736260389568486e+01,-8.693279600249632921e-03,2.337800668710095522e+02,1.605714390629429111e-01,0.000000000000000000e+00,1.328254895983957518e+01,1.000000000000000000e+00
5.650000000000000000e+02,1.252293533411821613e+01,3.316678439531529676e+01,-8.945669228590781563e-03,2.403214532025023118e+02,2.253118443502581947e-01,0.000000000000000000e+00,6.426660127655279275e+00,1.000000000000000000e+00
5.650000000000000000e+02,3.290632047400879401e+01,3.382831017301573695e+01,-8.138186701311389548e-03,2.193932748079249677e+02,1.631069344707698487e-01,0.000000000000000000e+00,5.487143819264746369e+00,1.000000000000000000e+00
5.650000000000000000e+02,1.790019710748090276e+01,3.800692088037743588e+01,-8.849402834398955447e-03,2.378264391272910530e+02,2.337654994009703557e-01,0.000000000000000000e+00,6.126098260405498763e+00,1.000000000000000000e+00
5.650000000000000000e+02,1.155132162329408061e+02,1.135706997700049925e+01,-8.045214286281921964e-03,2.169836334574587511e+02,1.919175556009934391e-01,0.000000000000000000e+00,6.094346194826433916e+00,1.000000000000000000e+00
5.670000000000000000e+02,9.037403564933096334e+01,3.437427424248392072e+01,-6.549502070537688118e-03,1.782180490385489975e+02,9.656161040259747530e-02,0.000000000000000000e+00,1.323917582311417185e+01,1.000000000000000000e+00
5.670000000000000000e+02,5.058323777642795704e+01,4.693127168887428979e+01,-2.505694509316585411e-02,6.578904334182312823e+02,1.497402425340554899e-02,0.000000000000000000e+00,1.216856030647497278e+01,1.000000000000000000e+00
5.670000000000000000e+02,1.411677541983670778e+02,3.214238956834361005e+01,-7.188990369682320483e-03,1.947921850150083856e+02,2.431046674590899848e-01,0.000000000000000000e+00,9.197308242219188301e+00,1.000000000000000000e+00
5.670000000000000000e+02,3.084263249534129514e+01,4.908414260816531538e+01,1.363274305209829541e-02,-3.618001401251962648e+02,1.920206627737162108e-01,0.000000000000000000e+00,9.684520555856229507e+00,1.000000000000000000e+00
5.670000000000000000e+02,2.144144200180737414e+01,5.140955777563311102e+01,-7.960414359465201387e-03,2.147858051004206743e+02,2.501921044114421289e-01,0.000000000000000000e+00,9.684520555856229507e+00,1.000000000000000000e+00
5.680000000000000000e+02,1.019387039373852275e+02,1.881320388435963054e+01,-6.472866640006947475e-03,1.762318265417027874e+02,1.368744519520513903e-01,0.000000000000000000e+00,1.021581252708609533e+01,1.000000000000000000e+00
5.680000000000000000e+02,1.463883085756425828e+01,2.041477194221862135e+01,3.587529677165359268e-03,-1.014502125168542506e+02,2.798930722367992674e-01,0.000000000000000000e+00,9.134272716051619057e+00,1.000000000000000000e+00
5.690000000000000000e+02,1.347242070335623509e+02,1.322106261607828159e+01,-2.957315685950404061e-02,7.749407500759339200e+02,1.117818667046122094e-02,0.000000000000000000e+00,1.025527440861310069e+01,1.000000000000000000e+00
5.690000000000000000e+02,1.135893236061370999e+02,2.695305306905248699e+01,-6.944747551926696433e-03,1.884619461690905098e+02,1.071315531525650622e-01,0.000000000000000000e+00,4.753994617782081988e+00,1.000000000000000000e+00
5.690000000000000000e+02,2.357782753418089783e+01,4.153145954541901830e+01,-7.546580237370323699e-03,2.040601311194055540e+02,1.108388083704316962e-01,0.000000000000000000e+00,6.682653669281587661e+00,1.000000000000000000e+00
5.690000000000000000e+02,6.151106108166391095e+01,5.228445184106982424e+01,-9.379430804816287631e-03,2.515636031454192505e+02,9.822835104137284112e-02,0.000000000000000000e+00,1.216856030647497278e+01,1.000000000000000000e+00
5.690000000000000000e+02,1.152545421576319455e+02,3.549233706609374650e+01,3.950969029659287535e-03,-1.108697644546893883e+02,3.172941726437399357e-01,0.000000000000000000e+00,4.330526532909146908e+00,1.000000000000000000e+00
5.690000000000000000e+02,7.665129554712142124e+01,4.621042416682528398e+01,3.400420172128299379e-03,-9.660074399159691438e+01,3.733181648088269577e-01,0.000000000000000000e+00,1.346955299279260032e+01,1.000000000000000000e+00
5.690000000000000000e+02,1.257419312501096016e+02,5.288401022875701329e+01,-2.721223810761733836e-03,7.899746201902108567e+01,3.633110583233838398e-01,0.000000000000000000e+00,1.206066403521505492e+01,1.000000000000000000e+00
5.700000000000000000e+02,1.048816800558538631e+02,9.030478438212607983e+00,-6.975804278085253121e-03,1.892668684843605149e+02,1.529698170188892314e-01,0.000000000000000000e+00,1.021581252708609533e+01,1.000000000000000000e+00
5.700000000000000000e+02,1.330958250737843116e+02,2.773393869415826529e+01,-7.611351220828560006e-03,2.057388531360581112e+02,1.028991571280424289e-01,0.000000000000000000e+00,9.197308242219188301e+00,1.000000000000000000e+00
5.700000000000000000e+02,5.843300379831446634e+01,3.502071726639059079e+01,-2.495325377914217602e-02,6.552029816845483765e+02,1.783793999089489102e-02,0.000000000000000000e+00,1.426464627144010144e+01,1.000000000000000000e+00
5.700000000000000000e+02,2.501840197684074241e+01,1.167620230039425699e+01,-6.339528151834735413e-03,1.727759849933620444e+02,1.540273709948447589e-01,0.000000000000000000e+00,6.204051565477358032e+00,1.000000000000000000e+00
5.710000000000000000e+02,1.448268299921958935e+01,1.128183397584989045e+01,-8.897059796117398264e-03,2.390616031870602569e+02,1.546951797188794719e-01,0.000000000000000000e+00,9.134272716051619057e+00,1.000000000000000000e+00
5.720000000000000000e+02,4.322325122802973141e+01,1.408683483824636795e+01,-9.959226453052008945e-03,2.665906363613074745e+02,7.320435495549015847e-02,0.000000000000000000e+00,4.197211673767424323e+00,1.000000000000000000e+00
5.720000000000000000e+02,9.022293905374243650e+01,5.123506097652047941e+01,-8.859168869005118463e-03,2.380795533527270038e+02,1.010485591895997626e-01,0.000000000000000000e+00,1.350228809653297368e+01,1.000000000000000000e+00
5.720000000000000000e+02,1.188668213003670786e+02,1.701074928735699032e+01,-3.948975179690765273e-03,1.108180882308411128e+02,1.926933034831677105e-01,0.000000000000000000e+00,1.125617103637463856e+01,1.000000000000000000e+00
5.720000000000000000e+02,1.423780338148652334e+02,2.004671927296965706e+01,-4.057254050709525710e-03,1.136244393932359600e+02,1.831534686775465604e-01,0.000000000000000000e+00,1.025527440861310069e+01,1.000000000000000000e+00
5.720000000000000000e+02,1.650507626274549722e+01,3.527895175864134103e+01,-8.832682410830591455e-03,2.373930823728723283e+02,1.470203806028476112e-01,0.000000000000000000e+00,9.440215260856426482e+00,1.000000000000000000e+00
5.730000000000000000e+02,9.623935519172081854e+01,3.914727703170870399e+01,-1.893566875907955888e-02,4.992403589034464630e+02,4.199068337771805215e-02,0.000000000000000000e+00,7.843296243619505503e+00,1.000000000000000000e+00
5.730000000000000000e+02,1.195670999118666487e+02,4.252393904586533324e+01,-3.506046216693074064e-02,9.171596842320188898e+02,1.309940093144734696e-02,0.000000000000000000e+00,8.248732071387550491e+00,1.000000000000000000e+00
5.730000000000000000e+02,8.211776405088750153e+01,5.078459924871505216e+00,-2.737943865326718327e-03,7.943080920968046144e+01,2.398700373964064436e-01,0.000000000000000000e+00,1.133104723079697074e+01,1.000000000000000000e+00
5.740000000000000000e+02,1.024054343836456979e+02,2.061990398433135141e+01,-4.246012081421420004e-02,1.108942628131859465e+03,7.227427876612013691e-03,0.000000000000000000e+00,8.340075756520569428e+00,1.000000000000000000e+00
5.740000000000000000e+02,4.182526646768071998e+01,3.102761634076311381e+01,-6.398906992852199105e-03,1.743149544889171523e+02,2.027002537311205499e-01,0.000000000000000000e+00,7.388080155995990772e+00,1.000000000000000000e+00
5.740000000000000000e+02,1.131826337417408439e+02,3.168962019937993091e+01,-4.983102049399367080e-03,1.376203915386365395e+02,2.566164589348721714e-01,0.000000000000000000e+00,4.330526532909146908e+00,1.000000000000000000e+00
5.750000000000000000e+02,8.010224820116943079e+01,1.622881091513575669e+01,-8.096233792010847086e-03,2.183059472926516946e+02,7.050879243137397889e-02,0.000000000000000000e+00,6.496178298209829727e+00,1.000000000000000000e+00
5.750000000000000000e+02,2.181217316291067831e+01,1.698754418543862599e+01,-8.012271902385856640e-03,2.161298390239837204e+02,5.211782499428840865e-02,0.000000000000000000e+00,6.204051565477358032e+00,1.000000000000000000e+00
5.750000000000000000e+02,5.850847147354669886e+01,1.857135474366626227e+01,-7.288232495012122829e-03,1.973643235232642610e+02,1.140383447668485983e-01,0.000000000000000000e+00,7.276412274660292390e+00,1.000000000000000000e+00
5.750000000000000000e+02,1.894533462492854525e+01,2.586284434353102313e+01,-6.794051657394937702e-03,1.845562386676329254e+02,1.242790404691305195e-01,0.000000000000000000e+00,9.326827761843491160e+00,1.000000000000000000e+00
5.750000000000000000e+02,3.980583333879189212e+01,4.949405435734826852e+01,-3.380105489034140442e-03,9.607423190314803207e+01,4.595066711875738230e-01,0.000000000000000000e+00,1.417116998707370179e+01,1.000000000000000000e+00
5.760000000000000000e+02,1.327565000991262423e+02,3.768184849715484575e+01,-3.543770526524727543e-02,9.269369990258036296e+02,1.459676027242551299e-02,0.000000000000000000e+00,1.269477029922228617e+01,1.000000000000000000e+00
5.760000000000000000e+02,7.583960055978491255e+01,2.340141069391863127e+01,-2.331865651951297441e-03,6.890615139410455470e+01,4.215914631461050721e-01,0.000000000000000000e+00,8.343641441313087270e+00,1.000000000000000000e+00
5.770000000000000000e+02,2.513280584543961638e+01,8.704047630871038166e+00,-1.335066129131355118e-02,3.544891987585145330e+02,1.317335222879405521e-01,0.000000000000000000e+00,8.924288015400019702e+00,1.000000000000000000e+00
5.770000000000000000e+02,5.123307580138861539e+01,1.844972660395178821e+01,-6.978290745711624235e-03,1.893313122788688361e+02,7.967887648153115787e-02,0.000000000000000000e+00,7.276412274660292390e+00,1.000000000000000000e+00
5.770000000000000000e+02,6.119574736865454412e+01,3.998239787829134428e+01,-8.596305938352004003e-03,2.312667219660655178e+02,2.000371863706049691e-01,0.000000000000000000e+00,4.777521602175055726e+00,1.000000000000000000e+00
5.770000000000000000e+02,1.763500338902112574e+01,4.518976095430371487e+01,-3.804245870472888584e-03,1.070670215514903560e+02,1.938978802390325384e-01,0.000000000000000000e+00,9.975012492399162767e+00,1.000000000000000000e+00
5.770000000000000000e+02,4.337592882001580818e+01,9.892400980463547100e+00,3.748131148986543620e-03,-1.056126508844431982e+02,3.722899796625710467e-01,0.000000000000000000e+00,4.197211673767424323e+00,1.000000000000000000e+00
5.770000000000000000e+02,6.536356995682561433e+01,2.980773181414835804e+01,-5.861354540393143471e-03,1.603827723779188261e+02,1.588413516337061626e-01,0.000000000000000000e+00,1.099520689406488216e+01,1.000000000000000000e+00
5.770000000000000000e+02,8.914074190882311655e+01,3.581156340115764181e+01,2.921867028333945300e-03,-8.419769472889906581e+01,4.113927192979558445e-01,0.000000000000000000e+00,7.843296243619505503e+00,1.000000000000000000e+00
5.770000000000000000e+02,1.092128063115099366e+02,4.811792477430036996e+01,3.041821192237603114e-03,-8.730664390926877161e+01,2.810455036834929032e-01,0.000000000000000000e+00,1.176877530979000497e+01,1.000000000000000000e+00
5.780000000000000000e+02,1.257389663522345984e+02,2.047879091813970831e+01,-4.168780892924894843e-02,1.088925995748168816e+03,7.671015841544837066e-03,0.000000000000000000e+00,1.115940183817133224e+01,1.000000000000000000e+00
5.780000000000000000e+02,6.485959502671634880e+01,4.556816683763255327e+01,-7.233907687293036209e-03,1.959563435004311600e+02,1.710887580192401725e-01,0.000000000000000000e+00,6.680164259105066726e+00,1.000000000000000000e+00
5.780000000000000000e+02,1.408429470059678295e+02,4.406252851277448812e+00,3.031851065197673552e-03,-8.704824005499435202e+01,3.079417667130152081e-01,0.000000000000000000e+00,1.367324566350088411e+01,1.000000000000000000e+00
5.790000000000000000e+02,1.041755780286031126e+02,1.246984538940585097e+01,-3.166762898762956469e-02,8.292248798979957201e+02,2.141359195606851173e-02,0.000000000000000000e+00,8.340075756520569428e+00,1.000000000000000000e+00
5.790000000000000000e+02,4.630620395066528516e+01,3.690170585872295561e+01,-3.521933200964329908e-02,9.212772425660785984e+02,1.334432878578994952e-02,0.000000000000000000e+00,3.724039716081492646e+00,1.000000000000000000e+00
5.810000000000000000e+02,9.176835609059037324e+01,2.630885284827355264e+01,3.972021383768521360e-03,-1.114153953600518889e+02,2.323079928909599357e-01,0.000000000000000000e+00,9.765180248619129699e+00,1.000000000000000000e+00
5.810000000000000000e+02,8.187820834001392711e+01,2.973316734326293798e+01,-4.522073502847182881e-03,1.256715414505176511e+02,1.951245215282576551e-01,0.000000000000000000e+00,8.749624345648117085e+00,1.000000000000000000e+00
5.820000000000000000e+02,1.272413694178347328e+02,5.804370903675455828e+00,-2.921082821819111566e-02,7.655499853390048202e+02,6.585289272566230423e-02,0.000000000000000000e+00,6.703361495028113737e+00,1.000000000000000000e+00
5.820000000000000000e+02,5.657742921432604533e+01,4.120544738041671451e+01,-4.734082317579241250e-03,1.311663455435357832e+02,2.193712197622106341e-01,0.000000000000000000e+00,4.777521602175055726e+00,1.000000000000000000e+00
5.830000000000000000e+02,1.262297856500525768e+02,3.924956956353625515e+01,-3.425988334918000922e-02,8.964104348665155158e+02,1.653836938011610247e-02,0.000000000000000000e+00,6.951286910229170779e+00,1.000000000000000000e+00
5.830000000000000000e+02,3.733913236173234651e+01,1.174583734290612291e+01,-4.431528174977453216e-03,1.233248048829318009e+02,1.390031324685740977e-01,0.000000000000000000e+00,7.740828703709010661e+00,1.000000000000000000e+00
5.830000000000000000e+02,2.017952868472791295e+01,1.526388987838553923e+01,-5.048548819303736758e-03,1.393166284597279230e+02,2.837056837518723285e-01,0.000000000000000000e+00,1.086977155434521336e+01,1.000000000000000000e+00
5.830000000000000000e+02,9.007219433314369894e+01,1.669210804659577363e+01,-2.737809633886054486e-02,7.180495894489672537e+02,4.071426993368065794e-02,0.000000000000000000e+00,7.264558710097443139e+00,1.000000000000000000e+00
5.830000000000000000e+02,1.150212138795229180e+02,1.737041009857072282e+01,2.964444203498388386e-03,-8.530120184797054605e+01,3.983467708755551451e-01,0.000000000000000000e+00,1.115940183817133224e+01,1.000000000000000000e+00
5.840000000000000000e+02,1.282818173103651134e+02,1.242649469562880782e+01,-3.652052002954832288e-02,9.550011859153036085e+02,3.519830253480593640e-02,0.000000000000000000e+00,6.703361495028113737e+00,1.000000000000000000e+00
5.840000000000000000e+02,4.403785205868830843e+01,1.562495882099617539e+01,-7.485029844335497166e-03,2.024648797521354311e+02,6.728814949206929352e-02,0.000000000000000000e+00,7.740828703709010661e+00,1.000000000000000000e+00
5.840000000000000000e+02,7.394358424374630090e+01,4.446640227566658155e+01,-2.032865883234051541e-02,5.353436103921237645e+02,1.642947875325528884e-02,0.000000000000000000e+00,6.618158359696399984e+00,1.000000000000000000e+00
5.840000000000000000e+02,6.844963610804573761e+01,6.111283638898594717e+00,6.083944966418164228e-03,-1.661518286576527714e+02,3.816965397181061315e-01,0.000000000000000000e+00,9.793212330772387730e+00,1.000000000000000000e+00
5.840000000000000000e+02,6.817379363668432291e+01,2.790567756033142999e+01,2.092738471976180598e-03,-6.270849867414683843e+01,4.352228189956072191e-01,0.000000000000000000e+00,7.129814946922321539e+00,1.000000000000000000e+00
5.840000000000000000e+02,1.234875418621604126e+02,5.244456280338587817e+01,-2.952118357669382062e-03,8.498174292265778718e+01,4.946694831697684425e-01,0.000000000000000000e+00,7.346373475555137311e+00,1.000000000000000000e+00
5.850000000000000000e+02,9.717791064665925660e+01,1.518127750537299825e+01,-3.316705937602757587e-02,8.680868312077930113e+02,1.747901129367424033e-02,0.000000000000000000e+00,7.264558710097443139e+00,1.000000000000000000e+00
5.860000000000000000e+02,2.408773531724992267e+01,2.540676198450830725e+01,-8.658885462766111735e-03,2.328886461644736983e+02,1.063223434246886034e-01,0.000000000000000000e+00,7.961388324682030060e+00,1.000000000000000000e+00
5.860000000000000000e+02,1.384211629241887209e+01,4.783793706296028070e+00,5.132834960812263266e-03,-1.415011406269747454e+02,2.634265617740565446e-01,0.000000000000000000e+00,7.775259269834013054e+00,1.000000000000000000e+00
5.860000000000000000e+02,1.330446692017014811e+02,4.663433546520347761e+01,-6.622242089608722758e-03,1.801033110028823216e+02,2.416791173170390605e-01,0.000000000000000000e+00,3.537590411831357695e+00,1.000000000000000000e+00
5.870000000000000000e+02,7.595021472667352214e+01,3.814898022944630185e+01,-4.558347297652808570e-03,1.266116787576345928e+02,2.818764592578779649e-01,0.000000000000000000e+00,6.628452851539547552e+00,1.000000000000000000e+00
5.880000000000000000e+02,7.189675244585249914e+01,2.182506584089118817e+01,8.134081555601262517e-03,-2.192868784230437598e+02,1.106648702536234818e-01,0.000000000000000000e+00,7.129814946922321539e+00,1.000000000000000000e+00
5.880000000000000000e+02,5.749968288409736061e+01,2.329566013196813401e+01,-8.654694191993595603e-03,2.327800176066239999e+02,1.457175597851649851e-01,0.000000000000000000e+00,5.060856642516363912e+00,1.000000000000000000e+00
5.880000000000000000e+02,1.323863047659369840e+02,4.315854746942444109e+01,6.001287726460625277e-03,-1.640095340506559864e+02,3.539549771526506738e-01,0.000000000000000000e+00,3.537590411831357695e+00,1.000000000000000000e+00
5.880000000000000000e+02,1.202839233045273915e+01,4.798867138489398343e+01,-3.467693823918903406e-02,9.072195840970841800e+02,1.022301512879686403e-02,0.000000000000000000e+00,1.145355240532026642e+01,1.000000000000000000e+00
5.890000000000000000e+02,4.273982055802810009e+01,2.622483629355837564e+01,-5.822458458432597413e-03,1.593746711316131552e+02,1.341165335073332132e-01,0.000000000000000000e+00,7.354713230776114052e+00,1.000000000000000000e+00
5.890000000000000000e+02,1.292504892465756825e+02,4.507510916596872619e+01,-6.964300944179435682e-03,1.889687272664638726e+02,2.287022303700227965e-01,0.000000000000000000e+00,3.675125536376668833e+00,1.000000000000000000e+00
5.890000000000000000e+02,1.440505861351149406e+02,3.322462430636083752e+01,4.176937089861407736e-03,-1.167263616139122178e+02,3.144361271700309990e-01,0.000000000000000000e+00,3.973184325905842140e+00,1.000000000000000000e+00
5.890000000000000000e+02,4.129356907399020571e+01,3.893831881492691593e+01,-7.063104453247162628e-03,1.915294978019533403e+02,8.858068139434205346e-02,0.000000000000000000e+00,9.347823983946291548e+00,1.000000000000000000e+00
5.900000000000000000e+02,6.589074238337167344e+01,1.369305216437526695e+01,-8.003505331536764356e-03,2.159026287099021886e+02,1.350741228248802939e-01,0.000000000000000000e+00,6.666030850291418730e+00,1.000000000000000000e+00
5.900000000000000000e+02,5.985210661594386750e+01,1.651632072499406334e+01,-5.197885701742103841e-03,1.431871133445095836e+02,4.633289691886531836e-01,0.000000000000000000e+00,6.666030850291418730e+00,1.000000000000000000e+00
5.900000000000000000e+02,4.523185590678371781e+00,2.882410559369044378e+01,1.235936406630591851e-02,-3.287969460271671664e+02,2.537446048512908003e-01,0.000000000000000000e+00,1.580776240169024938e+01,1.000000000000000000e+00
5.910000000000000000e+02,6.350747251057267562e+00,6.865631019648986033e+00,-7.575716565046158001e-03,2.048152809124508735e+02,6.689285609462714000e-02,0.000000000000000000e+00,7.775259269834013054e+00,1.000000000000000000e+00
5.910000000000000000e+02,2.213433551035664593e+01,1.037948916467505178e+01,-2.942732455124689311e-02,7.711610960774980867e+02,3.470989579089378552e-02,0.000000000000000000e+00,1.000363470051061832e+01,1.000000000000000000e+00
5.910000000000000000e+02,1.081719373926616043e+02,2.924271285917734531e+01,-4.312631034616371678e-02,1.126208801576149199e+03,1.369226349269947463e-02,0.000000000000000000e+00,7.510950063477447536e+00,1.000000000000000000e+00
5.910000000000000000e+02,6.573754863648682090e+01,3.201028505303224136e+01,-7.774620419376746319e-03,2.099704331370132024e+02,1.674125421109702305e-01,0.000000000000000000e+00,7.033766453039818067e+00,1.000000000000000000e+00
5.910000000000000000e+02,1.408097824482491944e+02,2.546066052197300777e+01,-7.039202489303636283e-03,1.909100112514811372e+02,1.340712350678527898e-01,0.000000000000000000e+00,8.413200472001626906e+00,1.000000000000000000e+00
5.910000000000000000e+02,1.248816029666321583e+02,3.576372750767550457e+01,2.717037294117451152e-03,-7.888895667776172616e+01,3.379759530416833746e-01,0.000000000000000000e+00,1.028537776231277689e+01,1.000000000000000000e+00
5.920000000000000000e+02,7.209938013396427436e+01,5.225264330862069428e+00,-7.739532041005954197e-03,2.090610192273468897e+02,8.262678843775472792e-02,0.000000000000000000e+00,1.050002921479162765e+01,1.000000000000000000e+00
5.920000000000000000e+02,1.441022337466491763e+02,3.719747293320866532e+01,-8.139660018002092823e-03,2.194314599493900459e+02,2.151327729654131105e-01,0.000000000000000000e+00,3.973184325905842140e+00,1.000000000000000000e+00
5.930000000000000000e+02,1.330412060870721120e+02,6.022782347318528018e+00,-9.133282384865066411e-03,2.451839752646291117e+02,3.230414085825892290e-01,0.000000000000000000e+00,1.486015178066894116e+01,1.000000000000000000e+00
5.930000000000000000e+02,5.088011554361062849e+01,2.888210145626013770e+01,-7.357367029178223279e-03,1.991561392163281994e+02,1.049671818664239531e-01,0.000000000000000000e+00,8.563028704682034586e+00,1.000000000000000000e+00
5.930000000000000000e+02,3.689548644062754335e+01,3.068976243305285578e+01,3.376148565751960293e-03,-9.597167711893227704e+01,3.215655434268480661e-01,0.000000000000000000e+00,7.354713230776114052e+00,1.000000000000000000e+00
5.940000000000000000e+02,4.927909333990221796e+01,6.959106117972475580e+00,-7.251695529788366665e-03,1.964173654153587734e+02,1.740156966167568653e-01,0.000000000000000000e+00,3.681897189809073545e+00,1.000000000000000000e+00
5.940000000000000000e+02,1.027821742131202001e+02,7.918003637518022941e+00,-7.354830655573320157e-03,1.990904019681705961e+02,1.890750882778650110e-01,0.000000000000000000e+00,6.044175752728735418e+00,1.000000000000000000e+00
5.940000000000000000e+02,1.104122822541009263e+01,4.322551081540792239e+01,-8.504153316644743818e-03,2.288783278628328048e+02,8.325692578522381204e-02,0.000000000000000000e+00,7.048760759428168043e+00,1.000000000000000000e+00
5.940000000000000000e+02,4.118315108981190065e+01,4.854534177507770387e+00,-9.462577372902155129e-03,2.537185800656762638e+02,1.012641522616914980e-01,0.000000000000000000e+00,3.454924012986446247e+00,1.000000000000000000e+00
5.940000000000000000e+02,1.371584207851438464e+02,4.642776675434217282e+01,-5.161814712956081137e-03,1.422522323251937451e+02,2.612582881158972414e-01,0.000000000000000000e+00,8.022784041096040042e+00,1.000000000000000000e+00
5.950000000000000000e+02,3.027122495426449689e+01,3.533535534022101388e+01,4.823634376402409496e-03,-1.334873387530946900e+02,1.630185667606892652e-01,0.000000000000000000e+00,8.090882133540437948e+00,1.000000000000000000e+00
5.950000000000000000e+02,9.288237081379851645e+01,4.723243165643888375e+01,-4.712469402272151733e-03,1.306061861197800340e+02,2.352131540190394166e-01,0.000000000000000000e+00,5.849413342603350330e+00,1.000000000000000000e+00
5.950000000000000000e+02,8.072201971932706499e+01,5.006833119455057357e+01,-6.686035341832747766e-03,1.817566923675699968e+02,1.973593370505604128e-01,0.000000000000000000e+00,6.707592460418123181e+00,1.000000000000000000e+00
5.960000000000000000e+02,8.334437554504530610e+00,3.094808594806951518e+01,-8.217489870120022605e-03,2.214486392375110597e+02,2.158683576783815283e-01,0.000000000000000000e+00,3.236241527500273829e+00,1.000000000000000000e+00
5.960000000000000000e+02,5.300263638939917143e+01,5.138742954022836074e+01,-7.400899588334889333e-03,2.002844077958017124e+02,9.597611780333314968e-02,0.000000000000000000e+00,1.128961371293606852e+01,1.000000000000000000e+00
5.960000000000000000e+02,5.271919201721874515e+01,5.646822609484681621e+00,5.360723067406405508e-03,-1.474075011830025801e+02,4.662475859438168779e-01,0.000000000000000000e+00,3.681897189809073545e+00,1.000000000000000000e+00
5.960000000000000000e+02,9.673988612699588430e+01,7.766956578115577159e+00,-6.986082290094247464e-03,1.895332520426408109e+02,2.018850640592131374e-01,0.000000000000000000e+00,6.044175752728735418e+00,1.000000000000000000e+00
5.960000000000000000e+02,7.975675130597845452e+01,2.700337778998526517e+01,-4.041270089334644301e-03,1.132101701257229962e+02,1.826584506346824455e-01,0.000000000000000000e+00,7.620280747158921564e+00,1.000000000000000000e+00
5.960000000000000000e+02,9.749436972615059460e+01,3.337472202119918308e+01,-6.664438099466239024e-03,1.811969391521040507e+02,1.675445931696922797e-01,0.000000000000000000e+00,5.586825700768716985e+00,1.000000000000000000e+00
5.960000000000000000e+02,2.454738875245434215e+01,4.870799407947409065e+01,2.733688064601641921e-03,-7.932050817680702437e+01,2.745136469292868142e-01,0.000000000000000000e+00,7.921979813300553452e+00,1.000000000000000000e+00
5.970000000000000000e+02,1.166303514441748348e+02,1.876980292036272857e+01,4.113361805429848958e-03,-1.150786294969678494e+02,3.617525699811953155e-01,0.000000000000000000e+00,5.920220754780904038e+00,1.000000000000000000e+00
5.970000000000000000e+02,3.359828456090845350e+01,1.916030913340685160e+01,-2.683656713349815825e-03,7.802380514120352473e+01,3.626410612510486686e-01,0.000000000000000000e+00,6.408639012602241003e+00,1.000000000000000000e+00
5.970000000000000000e+02,1.407955643994341415e+02,2.561237017821232698e+01,6.937269471310500424e-03,-1.882681306995322075e+02,1.314504797794521229e-01,0.000000000000000000e+00,1.132435729547954217e+01,1.000000000000000000e+00
5.980000000000000000e+02,8.551595059135966892e+01,7.487037802692253941e+00,-6.793688049518581927e-03,1.845468147479257084e+02,2.569359428453501515e-01,0.000000000000000000e+00,9.106384628739638387e+00,1.000000000000000000e+00
5.980000000000000000e+02,5.409221271294547506e+01,1.534400732183610749e+01,-3.179189463121902259e-02,8.324455731879413634e+02,3.862609180352039040e-02,0.000000000000000000e+00,8.549468131316171338e+00,1.000000000000000000e+00
5.980000000000000000e+02,1.136881477373746918e+02,3.831075521505533743e+01,-7.391377447904023089e-03,2.000376147731628009e+02,8.061701563782230906e-02,0.000000000000000000e+00,1.136248052719959745e+01,1.000000000000000000e+00
5.980000000000000000e+02,4.261492852198312420e+01,4.696578922824719626e+01,9.312825726930089310e-03,-2.498373454186006200e+02,9.018458390311179240e-02,0.000000000000000000e+00,1.066092335563993920e+01,1.000000000000000000e+00
5.980000000000000000e+02,3.772896366337384677e+01,4.783195838953917978e+00,3.481090839727128163e-03,-9.869155099445085000e+01,3.785005414612367947e-01,0.000000000000000000e+00,3.454924012986446247e+00,1.000000000000000000e+00
5.980000000000000000e+02,1.801952362190427692e+01,4.421970476173954268e+01,-8.285821398301975241e-03,2.232196427743729714e+02,2.198968158474777779e-01,0.000000000000000000e+00,7.048760759428168043e+00,1.000000000000000000e+00
5.990000000000000000e+02,8.736213782344336209e+01,2.747958634249553711e+01,-8.169533116007255541e-03,2.202057052155472832e+02,1.117941697754130104e-01,0.000000000000000000e+00,7.620280747158921564e+00,1.000000000000000000e+00
5.990000000000000000e+02,1.430642958919236492e+02,3.899765752247500927e+01,-6.210901035641164941e-02,1.618198806070395904e+03,6.788811633673397239e-03,0.000000000000000000e+00,9.491358384043824259e+00,1.000000000000000000e+00
5.990000000000000000e+02,8.707204948629835428e+01,4.790756314276051597e+01,-9.496178587169354021e-03,2.545894499392667853e+02,1.895844690186053727e-01,0.000000000000000000e+00,5.142581387084868894e+00,1.000000000000000000e+00
5.990000000000000000e+02,6.461259891768128760e+00,5.055499289624931691e+01,-7.141692853424197462e-03,1.935663369942400891e+02,1.797824822950350176e-01,0.000000000000000000e+00,8.642766774045117728e+00,1.000000000000000000e+00
5.990000000000000000e+02,1.685915352081206109e+01,9.860509143774468299e+00,3.210197980430299150e-03,-9.167060144612757711e+01,3.467505143644378229e-01,0.000000000000000000e+00,6.283587520912716329e+00,1.000000000000000000e+00
5.990000000000000000e+02,5.746451450121374194e+01,3.091030047617051579e+01,1.955964916271220929e-03,-5.916362769954103840e+01,4.392276333012273826e-01,0.000000000000000000e+00,9.561792359653392026e+00,1.000000000000000000e+00
5.990000000000000000e+02,6.727460618445378771e+01,5.182014468652370454e+01,3.140833489523909249e-03,-8.987282577805336814e+01,3.463748288021349930e-01,0.000000000000000000e+00,1.356103909324621526e+01,1.000000000000000000e+00
6.000000000000000000e+02,1.938568776696503448e+01,3.693382049763227570e+01,-3.426561175564968309e-02,8.965589026146882361e+02,2.023273743201270403e-02,0.000000000000000000e+00,7.412861389586040239e+00,1.000000000000000000e+00
6.000000000000000000e+02,8.099166156727095256e+01,1.539001507920367828e+01,-3.273576553038386183e-02,8.569086394362307146e+02,3.393720488601048579e-02,0.000000000000000000e+00,9.106384628739638387e+00,1.000000000000000000e+00
6.000000000000000000e+02,1.319437534559395715e+02,1.854933179687030531e+01,-1.907981409402019881e-03,5.792000030472978978e+01,4.560952142563304834e-01,0.000000000000000000e+00,1.013767359658911893e+01,1.000000000000000000e+00
6.010000000000000000e+02,1.076363735670575750e+01,1.138633836950348233e+01,-7.480698087533553357e-03,2.023526101041240395e+02,9.983262081481203420e-02,0.000000000000000000e+00,6.283587520912716329e+00,1.000000000000000000e+00
6.010000000000000000e+02,3.087760933472871372e+01,2.496277242993008372e+01,-5.467452759814462465e-03,1.501737010291341221e+02,1.457602114397764659e-01,0.000000000000000000e+00,6.408639012602241003e+00,1.000000000000000000e+00
6.010000000000000000e+02,1.395485916436096261e+02,6.771515305964770803e+00,-7.064216845906544362e-03,1.915583285830958005e+02,1.990103426845586387e-01,0.000000000000000000e+00,1.401964782560857081e+01,1.000000000000000000e+00
6.010000000000000000e+02,1.107602329272081398e+01,2.922850260774361431e+01,4.936042982774732114e-03,-1.364007236100673595e+02,3.502929623382426971e-01,0.000000000000000000e+00,3.236241527500273829e+00,1.000000000000000000e+00
6.010000000000000000e+02,4.615155784144519657e+01,3.690857590389385479e+01,4.082857653813912364e-03,-1.142880287034813733e+02,3.370356999142871679e-01,0.000000000000000000e+00,3.900016676023880802e+00,1.000000000000000000e+00
6.010000000000000000e+02,9.220980379590346843e+01,4.813032754055740980e+01,4.385124826739517784e-03,-1.221221317386580552e+02,4.501309701178247691e-01,0.000000000000000000e+00,5.142581387084868894e+00,1.000000000000000000e+00
6.030000000000000000e+02,1.016734617229120374e+02,5.868209095477793014e+00,-3.539115463157447520e-03,1.001954221364300253e+02,2.582632572759994138e-01,0.000000000000000000e+00,9.078297060318604395e+00,1.000000000000000000e+00
6.030000000000000000e+02,9.617569279545216432e+01,4.217742729558587911e+01,4.765662008561239761e-03,-1.319848219615254550e+02,2.625832084320421922e-01,0.000000000000000000e+00,7.152992162956944178e+00,1.000000000000000000e+00
6.040000000000000000e+02,4.370089114763495530e+01,2.667968555453937540e+01,7.600630099352803475e-03,-2.054609851509879093e+02,1.754442127673441210e-01,0.000000000000000000e+00,6.743193821188806503e+00,1.000000000000000000e+00
6.040000000000000000e+02,5.412110010021127238e+01,4.164235121416088958e+01,-3.892202415637722318e-02,1.017242912619810909e+03,1.630736579231972794e-02,0.000000000000000000e+00,6.624680377159216427e+00,1.000000000000000000e+00
6.040000000000000000e+02,7.206893633966514301e+01,2.758041342117238415e+01,3.747885957367435173e-03,-1.056062960547444618e+02,3.160049698307285659e-01,0.000000000000000000e+00,6.943098928111020030e+00,1.000000000000000000e+00
6.050000000000000000e+02,5.160172212799326985e+01,2.898657896846212267e+01,-8.492432940132521590e-03,2.285745613759890205e+02,1.470809012733684806e-01,0.000000000000000000e+00,6.444022794214511407e+00,1.000000000000000000e+00
6.050000000000000000e+02,6.365569296731591464e+01,3.815687798966846600e+01,-5.889861815971842753e-03,1.611216185184842402e+02,1.812649927874311340e-01,0.000000000000000000e+00,6.919258642307458906e+00,1.000000000000000000e+00
6.060000000000000000e+02,1.268782920725069374e+01,2.552231755964912097e+01,-9.436522411670164243e-03,2.530432925414197598e+02,9.584421328422909614e-02,0.000000000000000000e+00,4.041500453647467239e+00,1.000000000000000000e+00
6.060000000000000000e+02,4.450045185610387932e+01,3.337530842202463788e+01,-8.276286188019529519e-03,2.229725110098093808e+02,1.910752507089897856e-01,0.000000000000000000e+00,3.900016676023880802e+00,1.000000000000000000e+00
6.060000000000000000e+02,3.689984931901645382e+01,4.380575439629761547e+01,3.860725286635243933e-03,-1.085308443057112271e+02,1.881695956166352657e-01,0.000000000000000000e+00,9.220499855079879126e+00,1.000000000000000000e+00
6.070000000000000000e+02,6.381157782142756751e+00,4.524063074169750820e+01,2.994904422763910740e-03,-8.609066401116385236e+01,2.935136447869274301e-01,0.000000000000000000e+00,1.193969884797069625e+01,1.000000000000000000e+00
6.070000000000000000e+02,1.001787844360674740e+02,1.482261679914978991e+01,-5.079917037138889820e-03,1.401296239569628881e+02,2.127454356814746372e-01,0.000000000000000000e+00,7.851443597568195543e+00,1.000000000000000000e+00
6.070000000000000000e+02,1.229514846715718335e+02,2.564846221965003892e+01,-4.964321700085286455e-03,1.371336460209572863e+02,3.077223006592937349e-01,0.000000000000000000e+00,7.528085268233668081e+00,1.000000000000000000e+00
6.080000000000000000e+02,8.959121833776561061e+01,1.793918539742263718e+01,-7.793740693789024884e-03,2.104659887686646300e+02,7.026270749270557836e-02,0.000000000000000000e+00,4.150578278825821421e+00,1.000000000000000000e+00
6.080000000000000000e+02,1.218377311655717961e+02,3.309370371564393309e+01,-9.662192547481135083e-03,2.588921681529985790e+02,5.278643522003212407e-02,0.000000000000000000e+00,7.528085268233668081e+00,1.000000000000000000e+00
6.080000000000000000e+02,1.335582990496210982e+02,5.256528494821931474e+01,-4.843436341454577382e-02,1.263781910330917754e+03,1.239934775037754289e-02,0.000000000000000000e+00,3.715547901728327496e+00,1.000000000000000000e+00
6.090000000000000000e+02,7.791522677137936626e+01,3.238333012162357250e+01,-7.977381417648721565e-03,2.152255540838349361e+02,7.724942248542532308e-02,0.000000000000000000e+00,7.566182699580165760e+00,1.000000000000000000e+00
6.090000000000000000e+02,1.066703378996161860e+02,6.085142696153824637e+00,-8.280822142309718012e-03,2.230900730094411983e+02,6.729456876596540127e-02,0.000000000000000000e+00,1.063405999961731041e+01,1.000000000000000000e+00
6.090000000000000000e+02,1.061258812605095301e+02,3.002697299226797156e+01,6.247562554491620929e-03,-1.703924381519891824e+02,2.266669384801840437e-01,0.000000000000000000e+00,4.806904798670334600e+00,1.000000000000000000e+00
6.090000000000000000e+02,5.182972125426827859e+01,3.542656702518816303e+01,-7.945875381869282536e-03,2.144089866473609902e+02,1.478989163591825085e-01,0.000000000000000000e+00,5.578463699974937740e+00,1.000000000000000000e+00
6.090000000000000000e+02,1.831958631774901747e+01,4.506646794298622893e+01,-8.754162507779314484e-03,2.353580184760488976e+02,1.960737627399867788e-01,0.000000000000000000e+00,1.193969884797069625e+01,1.000000000000000000e+00
6.100000000000000000e+02,3.517080193381799091e+01,1.143372697519856196e+01,-6.751678640090470751e-03,1.834580228731039426e+02,1.666801780606256278e-01,0.000000000000000000e+00,1.022262048268829204e+01,1.000000000000000000e+00
6.100000000000000000e+02,6.176118651769849777e+01,2.884668512325811207e+01,-7.097694282888616056e-03,1.924259904205780174e+02,2.621900977023133850e-01,0.000000000000000000e+00,3.750943655651641340e+00,1.000000000000000000e+00
6.100000000000000000e+02,1.017075695439930740e+02,5.162661843146637608e+01,3.578366578338640358e-03,-1.012127250661488773e+02,2.695880818205911300e-01,0.000000000000000000e+00,1.731314799384669101e+01,1.000000000000000000e+00
6.110000000000000000e+02,5.448127378164225831e+01,1.388842736347158535e+01,-1.382307355777742837e-02,3.667330899318052388e+02,6.812785778883900800e-02,0.000000000000000000e+00,9.350001600594087137e+00,1.000000000000000000e+00
6.110000000000000000e+02,9.244192441450483955e+01,1.348614249242315566e+01,-5.726274150578579067e-03,1.568817845544756722e+02,2.540237573019433759e-01,0.000000000000000000e+00,4.653506040422846546e+00,1.000000000000000000e+00
6.110000000000000000e+02,1.210763952519397151e+02,1.378473169193866710e+01,4.673726412487504665e-03,-1.296020526873400343e+02,2.635546176778297278e-01,0.000000000000000000e+00,3.366998235976529585e+00,1.000000000000000000e+00
6.110000000000000000e+02,4.368837902695106123e+01,5.004542441818317400e+01,-3.903140223589789300e-03,1.096301465657492713e+02,2.182696992587976892e-01,0.000000000000000000e+00,9.220499855079879126e+00,1.000000000000000000e+00
6.120000000000000000e+02,8.421321451849068751e+01,5.129754709381614042e+00,-8.118712009104044058e-03,2.188885334433433627e+02,1.207616558545185903e-01,0.000000000000000000e+00,7.474972818861749246e+00,1.000000000000000000e+00
6.120000000000000000e+02,7.040323020132193221e+01,1.151506684217326359e+01,-3.081866857200556576e-03,8.834453982894628155e+01,3.039360279636804663e-01,0.000000000000000000e+00,1.336543659529389316e+01,1.000000000000000000e+00
6.120000000000000000e+02,4.513264902532457512e+01,1.372797457703232915e+01,-3.770737302681930608e-02,9.857618159176807922e+02,1.285089829521479654e-02,0.000000000000000000e+00,9.350001600594087137e+00,1.000000000000000000e+00
6.120000000000000000e+02,5.450727831609916763e+01,4.032043517140722599e+01,7.951292739644807636e-03,-2.145493926947034993e+02,1.560385813747622308e-01,0.000000000000000000e+00,5.578463699974937740e+00,1.000000000000000000e+00
6.130000000000000000e+02,1.209469407524744184e+02,5.184002672596626127e+01,4.375737804093697211e-03,-1.218788406730450760e+02,4.790842648451468788e-01,0.000000000000000000e+00,1.263219527983778789e+01,1.000000000000000000e+00
6.130000000000000000e+02,1.413223489786334142e+01,2.630801972984330916e+01,-2.275454836774690875e-02,5.982173534730770825e+02,1.754483081797608701e-02,0.000000000000000000e+00,4.252834848160686576e+00,1.000000000000000000e+00
6.130000000000000000e+02,4.455489596510245320e+01,3.593578374246320095e+01,-9.591193722167405331e-03,2.570520341169378185e+02,1.218502442552461540e-01,0.000000000000000000e+00,6.392619274724192557e+00,1.000000000000000000e+00
6.130000000000000000e+02,3.325186364802011241e+01,4.086992878763422965e+01,3.448967425081221790e-03,-9.785898245006686125e+01,1.766201548987711423e-01,0.000000000000000000e+00,1.233305829418614330e+01,1.000000000000000000e+00
6.130000000000000000e+02,2.790762427240005650e+01,2.052674916039102726e+01,-2.846752313831316539e-03,8.225088586051988671e+01,3.293905285854723530e-01,0.000000000000000000e+00,1.163773183235130482e+01,1.000000000000000000e+00
6.140000000000000000e+02,1.029026013833126569e+02,2.646091065731957670e+01,1.232655693675871467e-02,-3.279466570901530531e+02,6.301800244417898877e-02,0.000000000000000000e+00,4.806904798670334600e+00,1.000000000000000000e+00
6.140000000000000000e+02,1.244154404434136012e+02,1.335177172801107481e+01,-7.458353021816251961e-03,2.017734749454403698e+02,1.283164425388422236e-01,0.000000000000000000e+00,3.366998235976529585e+00,1.000000000000000000e+00
6.140000000000000000e+02,1.073404262977676495e+02,1.669806941851103232e+01,-5.468674833665360460e-03,1.502053745065146586e+02,2.566091196051485390e-01,0.000000000000000000e+00,1.063405999961731041e+01,1.000000000000000000e+00
6.150000000000000000e+02,8.459201489200191304e+01,4.901838485075675322e+01,-2.332019312783351755e-02,6.128776266642943256e+02,2.977204604145609057e-01,0.000000000000000000e+00,1.252460772020184976e+01,1.000000000000000000e+00
6.150000000000000000e+02,8.301475179086818912e+01,2.990343814371247078e+01,-8.675278323883532650e-03,2.333135132176578850e+02,1.212214668916093974e-01,0.000000000000000000e+00,7.892213217000096925e+00,1.000000000000000000e+00
6.160000000000000000e+02,1.376520787415892073e+02,2.415477613934664447e+01,-1.360993466509233252e-02,3.612089966935710095e+02,8.071047406252795930e-02,0.000000000000000000e+00,8.019153978064373689e+00,1.000000000000000000e+00
6.160000000000000000e+02,5.991118554416235042e+01,5.269771506499157709e+01,-9.144831001548611032e-03,2.454832901129368850e+02,7.275511467707540536e-02,0.000000000000000000e+00,1.051234346611320980e+01,1.000000000000000000e+00
6.160000000000000000e+02,7.963030925282390626e+01,3.703313506358693274e+01,-9.529765828618370904e-03,2.554599576680161306e+02,9.008361633401595903e-02,0.000000000000000000e+00,3.753159190437297621e+00,1.000000000000000000e+00
6.170000000000000000e+02,1.219699379837915387e+02,2.905807851875088588e+01,-7.321625534802899890e-03,1.982297979704120223e+02,6.158647637243652717e-02,0.000000000000000000e+00,1.589555143066314180e+01,1.000000000000000000e+00
6.170000000000000000e+02,7.211736092130269071e+01,4.790088457950044898e+01,-8.037906707104143511e-03,2.167942370117173141e+02,8.189151102085345801e-02,0.000000000000000000e+00,1.093435187283093057e+01,1.000000000000000000e+00
6.170000000000000000e+02,8.372546716053406612e+01,1.258879762101098088e+01,8.483005295862346834e-03,-2.283302174868505290e+02,2.941229773082543186e-02,0.000000000000000000e+00,4.410002564399766456e+00,1.000000000000000000e+00
6.180000000000000000e+02,4.212663229921816566e+01,3.002231464551837448e+01,-8.069832838225276389e-03,2.176216923992696763e+02,6.466958003739586847e-02,0.000000000000000000e+00,6.392619274724192557e+00,1.000000000000000000e+00
6.180000000000000000e+02,4.511982252627839074e+01,1.367919113862091685e+01,3.762609299920269268e-02,-9.836552156379103735e+02,1.888134529204710255e-02,0.000000000000000000e+00,8.193284544688298254e+00,1.000000000000000000e+00
6.180000000000000000e+02,1.516655926084178496e+01,2.218288005246520100e+01,-8.264155173487813116e-03,2.226581016849632420e+02,1.355895468166390394e-01,0.000000000000000000e+00,4.252834848160686576e+00,1.000000000000000000e+00
6.180000000000000000e+02,6.047684643186837405e+01,3.116174496145537276e+01,2.088997929693334026e-03,-6.261155201147213489e+01,4.438482971171827662e-01,0.000000000000000000e+00,1.580165765338337636e+01,1.000000000000000000e+00
6.190000000000000000e+02,4.182300862312492029e+01,4.285479150837206674e+01,-3.676684494833790118e-02,9.613853882593803064e+02,1.053648312169830348e-02,0.000000000000000000e+00,1.061874635704020697e+01,1.000000000000000000e+00
6.190000000000000000e+02,1.387395795843185624e+02,3.209984835053318619e+01,-4.011473958452747499e-03,1.124379196788117667e+02,2.837541320220192675e-01,0.000000000000000000e+00,3.962398341836240956e+00,1.000000000000000000e+00
6.190000000000000000e+02,2.785689000750976874e+01,4.404337309239951992e+01,-4.830802321805201770e-03,1.336731161972428197e+02,1.482179178618758808e-01,0.000000000000000000e+00,9.836704534126553767e+00,1.000000000000000000e+00
6.190000000000000000e+02,4.978250722383717886e+01,4.988360052700490144e+01,-1.860351966848809713e-02,4.906317820158259906e+02,2.707590737738141407e-02,0.000000000000000000e+00,1.051234346611320980e+01,1.000000000000000000e+00
6.200000000000000000e+02,6.985716562738257096e+01,9.446052697774248941e+00,-8.945811803754716990e-03,2.403251484384543915e+02,1.091352674763047537e-01,0.000000000000000000e+00,8.211105815358148874e+00,1.000000000000000000e+00
6.200000000000000000e+02,1.042778312236316225e+02,1.417280599193741963e+01,6.679574028782982696e-03,-1.815892292862024249e+02,1.645386132664655721e-01,0.000000000000000000e+00,7.128667665179245994e+00,1.000000000000000000e+00
6.200000000000000000e+02,7.475159943598060863e+01,1.646598966399271191e+01,-5.993308488602102496e-03,1.638027296831131139e+02,2.495257905809836751e-01,0.000000000000000000e+00,6.078399671595940745e+00,1.000000000000000000e+00
6.200000000000000000e+02,1.307233018256833361e+02,4.677796123086430669e+01,-2.663547220318208258e-02,6.988023984986419919e+02,2.451041410875354210e-02,0.000000000000000000e+00,1.045080720701758814e+01,1.000000000000000000e+00
6.210000000000000000e+02,1.812274717712392658e+01,6.493829104187069490e+00,-7.551274956883332300e-03,2.041818079658530110e+02,8.822216078785183324e-02,0.000000000000000000e+00,1.185365216200367122e+01,1.000000000000000000e+00
6.210000000000000000e+02,5.473831808745020311e+01,1.551894359223283537e+01,-5.305587057188186108e-03,1.459784965682526945e+02,2.388925363417505610e-01,0.000000000000000000e+00,8.778780003670091148e+00,1.000000000000000000e+00
6.210000000000000000e+02,8.035882986518521420e+01,4.071490931333781305e+01,4.437987152721777073e-03,-1.234922074382976120e+02,3.015432627146295008e-01,0.000000000000000000e+00,3.753159190437297621e+00,1.000000000000000000e+00
6.220000000000000000e+02,3.554449956568748092e+01,7.374857381242361676e+00,-7.292066404238331002e-03,1.974636900525996168e+02,1.537360366940259127e-01,0.000000000000000000e+00,8.627015282192427748e+00,1.000000000000000000e+00
6.220000000000000000e+02,2.200882984646094442e+01,1.769237503947941903e+01,4.048126839182454410e-03,-1.133878820627297870e+02,2.884853719771234282e-01,0.000000000000000000e+00,8.184210532389768034e+00,1.000000000000000000e+00
6.220000000000000000e+02,4.813098103104358216e+01,2.129908851912469814e+01,-4.435259963047777365e-03,1.234215246555931742e+02,2.051257800080722449e-01,0.000000000000000000e+00,8.193284544688298254e+00,1.000000000000000000e+00
6.220000000000000000e+02,3.050320098467788910e+01,3.456931407295989089e+01,3.980737189846383223e-03,-1.116412899624584583e+02,2.870537637094990879e-01,0.000000000000000000e+00,7.003545411604544135e+00,1.000000000000000000e+00
6.220000000000000000e+02,1.070966676969309646e+02,4.446740789082448231e+01,-3.811041894554038738e-03,1.072431596096392497e+02,3.031182771703234691e-01,0.000000000000000000e+00,6.380331175120154796e+00,1.000000000000000000e+00
6.230000000000000000e+02,8.784273251076967881e+01,3.924210994218915971e+01,4.030214313591093910e-03,-1.129236286350593730e+02,2.428924073009062212e-01,0.000000000000000000e+00,7.627446282750342199e+00,1.000000000000000000e+00
6.240000000000000000e+02,7.786824167927997564e+01,1.124741862443221407e+01,-3.308120611612454590e-03,9.420854155630097182e+01,4.465216182404703193e-01,0.000000000000000000e+00,6.078399671595940745e+00,1.000000000000000000e+00
6.240000000000000000e+02,1.209987777460138574e+02,2.580498598869870719e+01,-4.093271200216490845e-03,1.145579250163683582e+02,2.335840900044833246e-01,0.000000000000000000e+00,6.564082175058331359e+00,1.000000000000000000e+00
6.240000000000000000e+02,1.425939636554117556e+02,3.118097727584988021e+01,-9.373732576283259899e-03,2.514159175432625375e+02,2.116244448838546788e-01,0.000000000000000000e+00,3.962398341836240956e+00,1.000000000000000000e+00
6.240000000000000000e+02,3.701741255541695352e+01,3.199740895339261826e+01,3.472718098419107138e-03,-9.847454787942830023e+01,3.482777744188858549e-01,0.000000000000000000e+00,6.543729784219988410e+00,1.000000000000000000e+00
6.250000000000000000e+02,1.230509040152876281e+02,3.948028667153035798e+01,-3.627341326046750608e-02,9.485967197242454176e+02,1.130956079879774645e-02,0.000000000000000000e+00,9.810820596112973746e+00,1.000000000000000000e+00
6.250000000000000000e+02,4.450806612504013060e+01,3.865635394475003750e+01,-8.353689250501826827e-03,2.249786288454162957e+02,7.681290157467590696e-02,0.000000000000000000e+00,6.741071766053360115e+00,1.000000000000000000e+00
6.250000000000000000e+02,1.225596903792539649e+02,5.330289950106871544e+01,-7.819428388717608244e-03,2.111317575547982131e+02,1.325539156461336132e-01,0.000000000000000000e+00,1.045080720701758814e+01,1.000000000000000000e+00
6.250000000000000000e+02,1.061353064023669077e+02,2.105522479937383196e+01,-3.977320755442480607e-03,1.115527434660789794e+02,2.643378274192633715e-01,0.000000000000000000e+00,5.916744641590752529e+00,1.000000000000000000e+00
6.250000000000000000e+02,1.317763704519839330e+01,2.553388393305354853e+01,-7.392892756001535545e-03,2.000768882399142683e+02,1.893898852783560960e-01,0.000000000000000000e+00,1.051191398218853834e+01,1.000000000000000000e+00
6.260000000000000000e+02,1.116722629954273742e+02,1.896956451055469728e+01,-4.378694518226286352e-03,1.219554722269649858e+02,3.303230512032696575e-01,0.000000000000000000e+00,5.916744641590752529e+00,1.000000000000000000e+00
6.260000000000000000e+02,6.646841661197862550e+01,2.604074571534940219e+01,-1.429314729453869809e-02,3.789163715375278798e+02,1.044364270665402161e-01,0.000000000000000000e+00,1.323722187213886947e+01,1.000000000000000000e+00
6.260000000000000000e+02,7.613486716724038672e+01,3.737918440834855005e+01,-2.873121866930194307e-02,7.531195563702025311e+02,1.964791418264644207e-02,0.000000000000000000e+00,5.382278468770913982e+00,1.000000000000000000e+00
6.260000000000000000e+02,1.008323498264619928e+02,4.567858398121482111e+01,-1.943418632056295465e-03,5.883845549411425679e+01,4.586143389134913484e-01,0.000000000000000000e+00,6.380331175120154796e+00,1.000000000000000000e+00
6.270000000000000000e+02,1.052293271245500961e+01,3.570506284577769662e+01,-8.110507283956194802e-03,2.186758849391692934e+02,2.166180724703771210e-01,0.000000000000000000e+00,6.241756718492302625e+00,1.000000000000000000e+00
6.270000000000000000e+02,6.769158341509812260e+01,4.292245390227818547e+01,-9.193996572256493346e-03,2.467575540132500578e+02,2.946736013642048402e-01,0.000000000000000000e+00,6.337606022136172967e+00,1.000000000000000000e+00
6.270000000000000000e+02,2.701660239788595774e+01,8.678836895876102631e+00,4.451643030936761752e-03,-1.238461378897474106e+02,2.318171708273707443e-01,0.000000000000000000e+00,8.627015282192427748e+00,1.000000000000000000e+00
6.270000000000000000e+02,7.203224104206728384e+01,1.401485910263689050e+01,-7.091709151191860107e-03,1.922708689168511569e+02,1.395971207872491737e-01,0.000000000000000000e+00,6.458918658564503090e+00,1.000000000000000000e+00
6.270000000000000000e+02,9.737805582733143339e+00,4.189724358627764644e+01,-9.066028176179071613e-03,2.434408934893380945e+02,1.368430958288711086e-01,0.000000000000000000e+00,6.241756718492302625e+00,1.000000000000000000e+00
6.270000000000000000e+02,1.332324545680392589e+02,5.224741074181280709e+01,3.588062166887175022e-03,-1.014640134840764034e+02,2.672964218245220680e-01,0.000000000000000000e+00,1.072482876088627357e+01,1.000000000000000000e+00
6.280000000000000000e+02,1.079041955790792002e+02,4.104924246118608266e+01,-8.202551757337708804e-03,2.210614760746871070e+02,9.857986939171103913e-02,0.000000000000000000e+00,8.452325434924523151e+00,1.000000000000000000e+00
6.280000000000000000e+02,4.808085180718131824e+01,3.293995201481467916e+01,-5.184493647543811194e-03,1.428400206336914096e+02,2.822370726894015691e-01,0.000000000000000000e+00,6.741071766053360115e+00,1.000000000000000000e+00
6.280000000000000000e+02,9.986585265596558258e+01,3.660072402731779562e+01,-6.997480118296980217e-03,1.898286587838135517e+02,1.948367144405285245e-01,0.000000000000000000e+00,4.067920133531808702e+00,1.000000000000000000e+00
6.280000000000000000e+02,1.280848951639109998e+02,1.447867712533703610e+01,-8.910972791760536985e-03,2.394221975590569116e+02,1.945669619819986318e-01,0.000000000000000000e+00,8.366972446208503555e+00,1.000000000000000000e+00
6.290000000000000000e+02,5.360429994564935896e+01,2.292008147719412037e+01,-4.525944541867140195e-03,1.257718703027777707e+02,3.290483507951195152e-01,0.000000000000000000e+00,1.116164842004770819e+01,1.000000000000000000e+00
6.290000000000000000e+02,3.526503641301752623e+01,2.569268236578891162e+01,3.123796954168764264e-03,-8.943127609853362969e+01,3.080700674815336493e-01,0.000000000000000000e+00,6.543729784219988410e+00,1.000000000000000000e+00
6.290000000000000000e+02,1.259547862578701967e+02,3.010907177215214858e+01,4.817228497476916220e-03,-1.333213124028051482e+02,1.703396581462136572e-01,0.000000000000000000e+00,6.564082175058331359e+00,1.000000000000000000e+00
6.290000000000000000e+02,5.324469953331620076e+01,4.821534801886819821e+01,-5.582821203932835860e-03,1.531637983972456425e+02,1.241931496586214934e-01,0.000000000000000000e+00,3.810006942226469295e+00,1.000000000000000000e+00
6.290000000000000000e+02,5.091166849506739034e+00,1.669752280120187748e+01,-9.315819819080755834e-03,2.499149457288761482e+02,7.249445114085062425e-02,0.000000000000000000e+00,1.197799141251605448e+01,1.000000000000000000e+00
6.290000000000000000e+02,7.402894605191289656e+01,4.297799579026174399e+01,-2.033410547074885125e-02,5.354847753293323649e+02,1.458641295702667318e-01,0.000000000000000000e+00,5.981771696932515425e+00,1.000000000000000000e+00
6.290000000000000000e+02,3.119610788181678984e+01,5.137706665487157665e+01,3.831934801534824572e-03,-1.077846579946859293e+02,3.507998656324899933e-01,0.000000000000000000e+00,9.678096952281281418e+00,1.000000000000000000e+00
6.290000000000000000e+02,7.900837189002425021e+01,5.102520542093803613e+01,-5.051629217772619571e-03,1.393964656407259781e+02,2.581382941403972398e-01,0.000000000000000000e+00,9.463205826637198115e+00,1.000000000000000000e+00
6.300000000000000000e+02,5.129975350368967923e+01,1.199893404894261550e+01,-2.165005027797011969e-02,5.695911822824766659e+02,9.096910688409409751e-02,0.000000000000000000e+00,7.367632649406193224e+00,1.000000000000000000e+00
6.300000000000000000e+02,2.499698281208217665e+01,4.226913628389638689e+01,-4.594989522729787251e-03,1.275613649703740720e+02,3.290937730551143359e-01,0.000000000000000000e+00,3.537563612370747013e+00,1.000000000000000000e+00
6.300000000000000000e+02,9.099616870145463565e+01,4.195538600432567478e+01,3.814965253407654258e-03,-1.073448444773862320e+02,3.211458188919585899e-01,0.000000000000000000e+00,9.204526154588434039e+00,1.000000000000000000e+00
6.310000000000000000e+02,4.559952180790629228e+01,4.227062314898347495e+01,-7.694125762905710403e-03,2.078841879570562696e+02,1.747325748619902308e-01,0.000000000000000000e+00,8.173544990617930495e+00,1.000000000000000000e+00
6.320000000000000000e+02,8.823502571209105838e+01,3.317476010848027101e+01,-2.532087304286190915e-02,6.647308677656644704e+02,1.958962593785062989e-02,0.000000000000000000e+00,8.499918850072855747e+00,1.000000000000000000e+00
6.320000000000000000e+02,1.349565304552970133e+02,1.925223516287995196e+01,-6.677929787410909028e-03,1.815466141513902301e+02,2.732490458729788241e-01,0.000000000000000000e+00,3.831658386146414408e+00,1.000000000000000000e+00
6.320000000000000000e+02,1.107830441355420135e+02,2.573798573129486300e+01,-5.047668817126886934e-03,1.392938207308637857e+02,2.873049649706034270e-01,0.000000000000000000e+00,5.868007431787605199e+00,1.000000000000000000e+00
6.320000000000000000e+02,1.052980759152977157e+02,2.782332379559634816e+01,-4.992361048403047043e-03,1.378603645118686529e+02,2.785609467015988105e-01,0.000000000000000000e+00,5.868007431787605199e+00,1.000000000000000000e+00
6.320000000000000000e+02,4.961941973354417712e+01,4.938731187205600293e+01,4.783338411195867980e-03,-1.324429555993619090e+02,2.543105482675402929e-01,0.000000000000000000e+00,3.810006942226469295e+00,1.000000000000000000e+00
6.330000000000000000e+02,6.722582425112767623e+01,1.260574966111210671e+01,-8.668992988909253461e-03,2.331506111025439338e+02,9.325630099696202713e-02,0.000000000000000000e+00,1.450585476718947753e+01,1.000000000000000000e+00
6.330000000000000000e+02,4.396306882040901343e+01,1.267352185991387792e+01,-6.917043122035343959e-03,1.877439080301851675e+02,1.531087443056449171e-01,0.000000000000000000e+00,7.367632649406193224e+00,1.000000000000000000e+00
6.330000000000000000e+02,1.528707686666958665e+01,2.993564917810222070e+01,-8.103864857125478785e-03,2.185037277853116962e+02,9.964174358952770927e-02,0.000000000000000000e+00,1.416625573564544638e+01,1.000000000000000000e+00
6.340000000000000000e+02,1.145581793859313251e+02,9.645590672463516313e+00,-3.156258934765883428e-02,8.265024825091429648e+02,1.670506557357918087e-01,0.000000000000000000e+00,4.700774678829076514e+00,1.000000000000000000e+00
6.340000000000000000e+02,1.047488355518654686e+02,4.179385405247757745e+01,-7.959921469756233922e-03,2.147730304787915543e+02,9.840582293207467135e-02,0.000000000000000000e+00,8.011204883839960544e+00,1.000000000000000000e+00
6.340000000000000000e+02,2.936843453069585053e+01,3.148425109773047126e+01,-4.010915214789408795e-03,1.124234382669320809e+02,3.606621993406782245e-01,0.000000000000000000e+00,7.614524387955507123e+00,1.000000000000000000e+00
6.340000000000000000e+02,6.461981521746807289e+01,3.692460661639040609e+01,3.427890992189387351e-03,-9.731272747540158718e+01,3.187175491230707092e-01,0.000000000000000000e+00,6.070642065852030811e+00,1.000000000000000000e+00
6.340000000000000000e+02,2.351951060700055507e+01,4.548339081563167241e+01,5.730979404493438505e-03,-1.570037344295444655e+02,2.690914655753624540e-01,0.000000000000000000e+00,3.537563612370747013e+00,1.000000000000000000e+00
6.340000000000000000e+02,1.236889834283943657e+02,4.905140710469068921e+01,3.549645825186295307e-03,-1.004683460544765694e+02,1.785667317780281760e-01,0.000000000000000000e+00,1.553927452412802346e+01,1.000000000000000000e+00
6.340000000000000000e+02,1.269146898143639035e+01,5.180573662850635941e+01,3.905141304121993642e-03,-1.096820101899703417e+02,3.087244117932712584e-01,0.000000000000000000e+00,1.132687598381614968e+01,1.000000000000000000e+00
6.350000000000000000e+02,9.241614139088432012e+01,1.283292791611686390e+01,5.367402654693598230e-03,-1.475806214544956276e+02,1.698605519129310348e-01,0.000000000000000000e+00,9.163750604665739985e+00,1.000000000000000000e+00
6.350000000000000000e+02,1.387654489718168236e+02,1.966906333208000746e+01,4.451829688810214625e-03,-1.238509756529712575e+02,3.027660657751778395e-01,0.000000000000000000e+00,3.831658386146414408e+00,1.000000000000000000e+00
6.350000000000000000e+02,5.231743403394366965e+01,3.111329098168510399e+01,-3.308356913224510913e-03,9.421466597648961283e+01,2.546669867335700221e-01,0.000000000000000000e+00,1.302368633560304367e+01,1.000000000000000000e+00
6.350000000000000000e+02,1.201871481582403618e+02,3.391184956568316267e+01,5.746388907627240569e-03,-1.574031149977439838e+02,2.027560896318112427e-01,0.000000000000000000e+00,5.462718536567791716e+00,1.000000000000000000e+00
6.360000000000000000e+02,1.425690556891653671e+02,3.806395042613925739e+01,-6.441330394122985435e-03,1.754144761254919160e+02,1.678747127519818472e-01,0.000000000000000000e+00,4.872491701069876946e+00,1.000000000000000000e+00
6.360000000000000000e+02,9.821692287632781415e+01,5.294394986580566353e+01,-4.310413232018237874e-03,1.201857708520164749e+02,4.252129361900244264e-01,0.000000000000000000e+00,1.292248117999194434e+01,1.000000000000000000e+00
6.360000000000000000e+02,5.425169050560327832e+01,6.117939855018935447e+00,-4.030199375345109095e-03,1.129232414684442318e+02,2.422126464658211908e-01,0.000000000000000000e+00,9.111535221787670835e+00,1.000000000000000000e+00
6.360000000000000000e+02,8.338805096221517488e+01,1.126197013301628047e+01,-9.154843497696039945e-03,2.457427920816722633e+02,1.567549998523328769e-01,0.000000000000000000e+00,9.031750661514408307e+00,1.000000000000000000e+00
6.370000000000000000e+02,7.978809186491805860e+01,3.412235128578565480e+01,-7.431821280364138069e-03,2.010858303222192944e+02,3.170014049267794176e-01,0.000000000000000000e+00,8.499918850072855747e+00,1.000000000000000000e+00
6.370000000000000000e+02,1.088017535241722129e+02,3.488348071953714680e+01,-6.331150724022444228e-03,1.725588604144141414e+02,1.429833464288917666e-01,0.000000000000000000e+00,7.881723959743688113e+00,1.000000000000000000e+00
6.370000000000000000e+02,2.373482066955567404e+01,4.928730397201859148e+01,-8.669545129398067637e-03,2.331649213746035514e+02,1.543249740410477244e-01,0.000000000000000000e+00,3.810001801098128471e+00,1.000000000000000000e+00
6.380000000000000000e+02,1.284284466447466571e+02,2.848686881585413744e+01,-2.851161939782951432e-02,7.474280242646366332e+02,1.771033160903867643e-02,0.000000000000000000e+00,9.866580809971935651e+00,1.000000000000000000e+00
6.380000000000000000e+02,1.101472799167171388e+02,1.127078249302089752e+01,-6.514419615396459251e-02,1.696864173661560017e+03,1.460104038085752176e-02,0.000000000000000000e+00,4.700774678829076514e+00,1.000000000000000000e+00
6.380000000000000000e+02,7.096885142431113991e+01,3.002426129872790739e+01,-7.261008313779996129e-03,1.966587323776677181e+02,2.228646589780168830e-01,0.000000000000000000e+00,8.846743832877663749e+00,1.000000000000000000e+00
6.380000000000000000e+02,3.180222741616575988e+01,3.869934873015411370e+01,-5.048237973728522850e-03,1.393085720232955964e+02,3.258152558389171283e-01,0.000000000000000000e+00,5.534772394731637846e+00,1.000000000000000000e+00
6.380000000000000000e+02,6.074253853234535683e+01,4.159573288300919813e+01,-3.826804420035002929e-03,1.076516897438158225e+02,1.856702584638567632e-01,0.000000000000000000e+00,3.757783962303111736e+00,1.000000000000000000e+00
6.390000000000000000e+02,8.744321378354656815e+01,4.059357834981261703e+01,-6.596298497269523220e-02,1.718085386365213935e+03,7.475294035878432553e-03,0.000000000000000000e+00,1.002385511184502498e+01,1.000000000000000000e+00
6.400000000000000000e+02,4.951226526903335667e+01,4.617569632667978397e+01,7.330390687452132542e-03,-1.984569715278596220e+02,1.588218734221087391e-01,0.000000000000000000e+00,9.240995556732643834e+00,1.000000000000000000e+00
6.400000000000000000e+02,6.834604641711006678e+00,9.931585577100650042e+00,-2.715119458806843425e-03,7.883925058734384095e+01,3.699983967805415830e-01,0.000000000000000000e+00,6.269379813270225199e+00,1.000000000000000000e+00
6.410000000000000000e+02,6.358929802219849847e+01,9.817195313977961746e+00,5.690391217990348367e-03,-1.559517775398876722e+02,1.273585514322939094e-01,0.000000000000000000e+00,1.004367487947582305e+01,1.000000000000000000e+00
6.410000000000000000e+02,1.391025930481806370e+02,4.160078592401846009e+01,-7.739276240277733268e-03,2.090543894327782084e+02,1.879154858976148645e-01,0.000000000000000000e+00,4.952329611445633439e+00,1.000000000000000000e+00
6.410000000000000000e+02,1.623377930242772749e+01,1.189178542480644474e+01,-3.883619302500548095e-03,1.091242070498088310e+02,2.916230268899915323e-01,0.000000000000000000e+00,3.552370607228827026e+00,1.000000000000000000e+00
6.410000000000000000e+02,7.450600316604534612e+01,1.289957416278679503e+01,2.036707511346022830e-03,-6.125629890502199260e+01,4.964330366380597104e-01,0.000000000000000000e+00,9.031750661514408307e+00,1.000000000000000000e+00
6.410000000000000000e+02,9.740540809770621422e+01,1.917045643232286523e+01,-4.653165061486753094e-03,1.290691475070544811e+02,2.648501564898050331e-01,0.000000000000000000e+00,6.921241409300496805e+00,1.000000000000000000e+00
6.410000000000000000e+02,1.418272648599563013e+02,3.324825507212275255e+01,-7.910461021654309130e-03,2.134911240023252503e+02,1.212654415559719645e-01,0.000000000000000000e+00,4.872491701069876946e+00,1.000000000000000000e+00
6.410000000000000000e+02,1.320586284922783022e+02,4.746890527097971813e+01,-8.156386031753689800e-03,2.198649615891134204e+02,1.283165669872833314e-01,0.000000000000000000e+00,8.244322672485930426e+00,1.000000000000000000e+00
6.420000000000000000e+02,1.344028916131750861e+02,1.592828539068134930e+01,-6.241556149993659347e-02,1.626143940239883477e+03,7.640226181324982768e-03,0.000000000000000000e+00,1.390726466016248963e+01,1.000000000000000000e+00
6.420000000000000000e+02,2.710913486308231413e+01,2.576650283664406160e+01,-3.925453836260488216e-02,1.025860952504971237e+03,1.921781108112952108e-02,0.000000000000000000e+00,4.575591336415853583e+00,1.000000000000000000e+00
6.420000000000000000e+02,5.082036784760082071e+01,3.392464491642600422e+01,-8.568784898761644397e-03,2.305534369020631402e+02,1.566814024349379997e-01,0.000000000000000000e+00,8.947280758274940737e+00,1.000000000000000000e+00
6.430000000000000000e+02,1.188390806735161647e+02,1.476459309634211614e+01,4.993765368744579845e-03,-1.378967614190930817e+02,2.383347195241459771e-01,0.000000000000000000e+00,9.367716526868855809e+00,1.000000000000000000e+00
6.430000000000000000e+02,1.033791667436186117e+02,2.266585201597327881e+01,-4.334788164989519452e-03,1.208175157236950952e+02,2.864908656444742352e-01,0.000000000000000000e+00,6.921241409300496805e+00,1.000000000000000000e+00
6.430000000000000000e+02,6.219684548219643716e+01,3.117177521849678001e+01,-3.760900478976921240e-03,1.059436039478094784e+02,4.291008709604111626e-01,0.000000000000000000e+00,6.912877535875857404e+00,1.000000000000000000e+00
6.430000000000000000e+02,1.093249109443664508e+02,3.590113641541100975e+01,3.845487274025125371e-03,-1.081359083962521623e+02,2.716744658155586523e-01,0.000000000000000000e+00,5.815182010860840300e+00,1.000000000000000000e+00
6.430000000000000000e+02,1.340561307169570782e+01,5.256984074602426915e+01,-6.672836106942366986e-03,1.814145971108608251e+02,1.061216373604576546e-01,0.000000000000000000e+00,1.617087115560643795e+01,1.000000000000000000e+00
6.440000000000000000e+02,1.425956769250526612e+01,8.475875395675636526e+00,4.564054233498557843e-03,-1.267595900342645194e+02,1.659155884077815335e-01,0.000000000000000000e+00,3.945371060859684587e+00,1.000000000000000000e+00
6.440000000000000000e+02,6.905736293813490079e+01,3.202099607480018761e+01,-4.733369303781759588e-03,1.311478657876929219e+02,2.417370130688532015e-01,0.000000000000000000e+00,6.912877535875857404e+00,1.000000000000000000e+00
6.440000000000000000e+02,9.691137162050232234e+00,3.683136106570292867e+01,-2.705935322154801384e-02,7.097884660242466452e+02,2.135413590601376033e-02,0.000000000000000000e+00,1.617087115560643795e+01,1.000000000000000000e+00
6.440000000000000000e+02,1.326852769412606108e+02,3.924843277546867171e+01,-8.350421079076839059e-03,2.248939250006945372e+02,1.119095993392642541e-01,0.000000000000000000e+00,6.188651601327604723e+00,1.000000000000000000e+00
6.450000000000000000e+02,9.089485808504053921e+01,7.609686356890504655e+00,3.040976115227374439e-03,-8.728474136422323681e+01,2.891182469370030539e-01,0.000000000000000000e+00,1.147153817541701493e+01,1.000000000000000000e+00
6.450000000000000000e+02,4.605066331559738302e+01,2.023317567553264951e+01,4.314050403475143750e-03,-1.202800383693066095e+02,1.853767070124541227e-01,0.000000000000000000e+00,3.229115845905788706e+00,1.000000000000000000e+00
6.460000000000000000e+02,1.236579190091294755e+01,1.979633465165398931e+01,-8.247163057544819667e-03,2.222177032593100421e+02,1.030045970943070932e-01,0.000000000000000000e+00,8.800183237747562615e+00,1.000000000000000000e+00
6.460000000000000000e+02,6.538834425000358408e+01,2.246108646227685668e+01,-8.019111140553794939e-03,2.163070970966058724e+02,2.423952900310820668e-01,0.000000000000000000e+00,4.446616510169068448e+00,1.000000000000000000e+00
6.470000000000000000e+02,7.124271409088905216e+01,1.943473845405219436e+01,-1.524808686488935555e-02,4.036663134980981908e+02,1.194314740478639170e-01,0.000000000000000000e+00,3.875596736738823989e+00,1.000000000000000000e+00
6.470000000000000000e+02,2.362540953718688641e+01,4.680694829857459993e+00,-2.547158848481887589e-02,6.686370818935666875e+02,7.511750485864798765e-02,0.000000000000000000e+00,1.010556227959400566e+01,1.000000000000000000e+00
6.470000000000000000e+02,1.311421252036084582e+02,4.524160316827379091e+01,-7.362588324081803699e-03,1.992914637434867018e+02,1.391546747801953865e-01,0.000000000000000000e+00,6.188651601327604723e+00,1.000000000000000000e+00
6.470000000000000000e+02,7.167229461756011233e+01,4.783669114582446724e+01,-7.818422541624526698e-03,2.111056882013564575e+02,7.408057335113449327e-02,0.000000000000000000e+00,1.224995253270029316e+01,1.000000000000000000e+00
6.470000000000000000e+02,2.254158962646709341e+01,2.603773445234810779e+01,6.253773382784644057e-03,-1.705534092171247096e+02,2.687897913332190081e-01,0.000000000000000000e+00,4.575591336415853583e+00,1.000000000000000000e+00
6.480000000000000000e+02,4.751083793324304594e+01,2.311329359538648731e+01,-4.681998013440103780e-03,1.298164344658882214e+02,1.838932082120827705e-01,0.000000000000000000e+00,3.229115845905788706e+00,1.000000000000000000e+00
6.480000000000000000e+02,3.756016184997113783e+01,3.044801280945245381e+01,-4.225061627459408657e-03,1.179736442162997605e+02,2.614021813660706295e-01,0.000000000000000000e+00,1.236179843159513858e+01,1.000000000000000000e+00
6.480000000000000000e+02,1.038174358769562815e+02,3.403457267385411456e+01,8.868332413056798438e-03,-2.383170523426881573e+02,1.079168240935519663e-01,0.000000000000000000e+00,5.815182010860840300e+00,1.000000000000000000e+00
6.480000000000000000e+02,1.159503185389401239e+02,4.246534594725841316e+01,-4.227330371099442471e-03,1.180324450819855571e+02,3.111150687461616826e-01,0.000000000000000000e+00,6.899454500843900107e+00,1.000000000000000000e+00
6.480000000000000000e+02,1.044407764060626818e+02,5.303036193933198206e+01,-7.447348046912616489e-03,2.014882501012729961e+02,2.872619344883741155e-01,0.000000000000000000e+00,1.346343651862586022e+01,1.000000000000000000e+00
6.490000000000000000e+02,1.039107169323965678e+02,1.580883666452055891e+01,-7.204546659312630573e-03,1.951953699676757026e+02,9.863892467538515341e-02,0.000000000000000000e+00,7.359344268649295806e+00,1.000000000000000000e+00
6.490000000000000000e+02,2.541785822231255310e+01,1.734849803467598406e+01,6.487019900111483731e-03,-1.765986480422627665e+02,1.080778752574278467e-01,0.000000000000000000e+00,6.804118636839989520e+00,1.000000000000000000e+00
6.500000000000000000e+02,9.128965433131740781e+01,3.409327053705223420e+01,4.272115500685024631e-03,-1.191931775433420029e+02,4.758664497714100161e-01,0.000000000000000000e+00,4.302877013863385613e+00,1.000000000000000000e+00
6.500000000000000000e+02,1.674344285445631542e+01,3.708301992547308856e+01,-9.166015735607614331e-03,2.460323520166319042e+02,9.087981433426295386e-02,0.000000000000000000e+00,1.247464777749675591e+01,1.000000000000000000e+00
6.500000000000000000e+02,1.075642202306588224e+01,5.177891475743737715e+01,-3.369486475582446350e-03,9.579901033440370384e+01,2.993571184570081867e-01,0.000000000000000000e+00,1.586864024885742097e+01,1.000000000000000000e+00
6.500000000000000000e+02,1.395877874130902967e+02,5.290803066025932822e+01,3.566145419893428786e-03,-1.008959794085164816e+02,3.495583980571136395e-01,0.000000000000000000e+00,1.091873352299638888e+01,1.000000000000000000e+00
6.510000000000000000e+02,1.117714685731301074e+02,1.176662251672465587e+01,-7.438368757840646897e-03,2.012555265967932030e+02,1.141000446324729189e-01,0.000000000000000000e+00,8.839169167627487056e+00,1.000000000000000000e+00
6.510000000000000000e+02,1.215336686579296099e+02,4.761813433859060041e+01,4.623157679888801642e-03,-1.282914219043074127e+02,2.862817504554643344e-01,0.000000000000000000e+00,7.597698780358935089e+00,1.000000000000000000e+00
6.520000000000000000e+02,1.041794933145130742e+01,1.255742082665048009e+01,-8.716124005276068218e-03,2.343721438108314317e+02,1.053115866879367202e-01,0.000000000000000000e+00,9.866421351554356178e+00,1.000000000000000000e+00
6.520000000000000000e+02,1.444526307925529522e+02,3.685926276329335849e+01,-3.797730074147406126e-02,9.927577510309376976e+02,1.002462401774129042e-02,0.000000000000000000e+00,7.351883468573253921e+00,1.000000000000000000e+00
6.520000000000000000e+02,1.025254575878386731e+02,2.303663056119582819e+01,5.679624131874804784e-03,-1.556727182520352244e+02,1.171272166117107716e-01,0.000000000000000000e+00,7.359344268649295806e+00,1.000000000000000000e+00
6.520000000000000000e+02,1.220465235433947697e+02,3.923443942541701546e+01,-7.565576036440895512e-03,2.045524606228511857e+02,1.321630449877885249e-01,0.000000000000000000e+00,6.899454500843900107e+00,1.000000000000000000e+00
6.520000000000000000e+02,8.589301025696934744e+01,3.937422166187799633e+01,6.807621546912146458e-03,-1.849079404803863156e+02,1.355642117774737976e-01,0.000000000000000000e+00,7.550643154592496131e+00,1.000000000000000000e+00
6.520000000000000000e+02,1.286797215069498748e+02,5.339056556418036337e+01,-8.544089043850389836e-03,2.299133744366489509e+02,2.139068193728446143e-01,0.000000000000000000e+00,8.512873785932530524e+00,1.000000000000000000e+00
6.530000000000000000e+02,5.326439211223790693e+01,2.115538773716084719e+01,-2.598567943143417075e-02,6.819611931632578035e+02,1.527610712425520045e-02,0.000000000000000000e+00,6.077563742183500928e+00,1.000000000000000000e+00
6.530000000000000000e+02,7.473166146909775875e+01,3.711301527363339403e+01,-7.577051427423970795e-03,2.048498776213966153e+02,3.738353399553107081e-02,0.000000000000000000e+00,7.636648554426215263e+00,1.000000000000000000e+00
6.530000000000000000e+02,4.600530490132660688e+00,3.289901440599658855e+01,-7.040308536465048062e-03,1.909386775712154360e+02,1.845753016289040094e-01,0.000000000000000000e+00,1.284352844333106525e+01,1.000000000000000000e+00
6.530000000000000000e+02,6.484317290254928423e+01,4.025856529627278491e+01,-5.698535968989956214e-03,1.561628716455068968e+02,2.173216669189959038e-01,0.000000000000000000e+00,5.567913169130689788e+00,1.000000000000000000e+00
6.530000000000000000e+02,6.279318258464336822e+01,4.663949905168915677e+01,-6.935759018414016513e-03,1.882289830689565520e+02,1.494559921643086042e-01,0.000000000000000000e+00,4.133961829916946051e+00,1.000000000000000000e+00
6.540000000000000000e+02,1.966628104654980902e+01,2.098379587879252028e+01,-8.360883222274885507e-03,2.251650808360734572e+02,1.718224033376576365e-01,0.000000000000000000e+00,6.804118636839989520e+00,1.000000000000000000e+00
6.540000000000000000e+02,1.289758737469642256e+02,1.798386029249235918e+01,-4.341143403080566232e-02,1.133598582946169245e+03,2.462162736467710111e-02,0.000000000000000000e+00,7.051454214140441046e+00,1.000000000000000000e+00
6.540000000000000000e+02,9.541551483390388455e+01,3.287178549431501295e+01,-7.547152907659570448e-03,2.040749734789238801e+02,1.119690424833003073e-01,0.000000000000000000e+00,4.302877013863385613e+00,1.000000000000000000e+00
6.550000000000000000e+02,5.654781884433577233e+01,3.188007537956105608e+01,-9.521247060181257590e-03,2.552391698496658421e+02,6.627695668587740840e-02,0.000000000000000000e+00,9.688660672658727435e+00,1.000000000000000000e+00
6.550000000000000000e+02,2.019703629362157571e+01,1.124756263863195649e+01,-5.081927105768205798e-03,1.401817205329735145e+02,3.275573553545265693e-01,0.000000000000000000e+00,9.750689146880937130e+00,1.000000000000000000e+00
6.550000000000000000e+02,4.247197834349552892e+01,3.070288627568841733e+01,-7.430153921612758436e-03,2.010426160355718821e+02,7.455405818237126336e-02,0.000000000000000000e+00,3.325936181528624580e+00,1.000000000000000000e+00
6.560000000000000000e+02,7.754219742337797072e+01,3.001236116337578963e+01,-3.315194982328904458e-03,9.439189374954541734e+01,3.332674636191486073e-01,0.000000000000000000e+00,5.881016825190577002e+00,1.000000000000000000e+00
6.560000000000000000e+02,1.409854250827845021e+02,3.037631011024785366e+01,-7.331744756764460406e-03,1.984920660384770770e+02,3.114135227432665021e-01,0.000000000000000000e+00,7.351883468573253921e+00,1.000000000000000000e+00
6.570000000000000000e+02,7.141582524119870357e+01,8.777959564177628238e+00,-7.700056241063963323e-03,2.080378929607784642e+02,9.839941951749675564e-02,0.000000000000000000e+00,1.216137440134192893e+01,1.000000000000000000e+00
6.570000000000000000e+02,2.914608964497634602e+01,1.687039728030691421e+01,5.163613693002503530e-03,-1.422988579475049278e+02,2.461856609682825381e-01,0.000000000000000000e+00,8.489084052677492664e+00,1.000000000000000000e+00
6.570000000000000000e+02,2.064374706602193399e+01,2.823206692197190293e+01,-8.627537606414046809e-03,2.320761783922805250e+02,1.465002085367603790e-01,0.000000000000000000e+00,3.903997977565717203e+00,1.000000000000000000e+00
6.570000000000000000e+02,1.311483730064068141e+02,3.512609036213347480e+01,-3.456122663223364089e-02,9.042205926999021131e+02,1.619968819697792384e-02,0.000000000000000000e+00,9.155738387476073825e+00,1.000000000000000000e+00
6.570000000000000000e+02,4.262172156002183243e+01,4.615745656430552657e+01,7.105930157849186732e-03,-1.926394462596671815e+02,1.750779028884054123e-01,0.000000000000000000e+00,7.083653479937120245e+00,1.000000000000000000e+00
6.570000000000000000e+02,3.915915070473207038e+01,3.997775190340762919e+01,-4.823853810783367869e-03,1.334930260115993121e+02,3.081348920647851708e-01,0.000000000000000000e+00,6.952666779630256144e+00,1.000000000000000000e+00
6.570000000000000000e+02,9.778925070695271415e+01,4.666632608679665850e+01,-8.858003479055475554e-03,2.380493489979064066e+02,1.003329776753909552e-01,0.000000000000000000e+00,1.260737798621379824e+01,1.000000000000000000e+00
6.580000000000000000e+02,5.934794254419166037e+01,4.115528173281429503e+01,-7.893077042675285260e-03,2.130405693451162961e+02,3.906572396413675596e-01,0.000000000000000000e+00,5.567913169130689788e+00,1.000000000000000000e+00
6.580000000000000000e+02,5.981669472917153030e+01,4.950832467508262624e+01,-3.577219428667820916e-02,9.356062217953906384e+02,2.381590123683618998e-02,0.000000000000000000e+00,4.133961829916946051e+00,1.000000000000000000e+00
6.590000000000000000e+02,4.793479258392953568e+01,1.723217450721366006e+01,-7.054445741635541507e-03,1.913050829630518024e+02,1.240369492635221560e-01,0.000000000000000000e+00,6.701590204422987362e+00,1.000000000000000000e+00
6.590000000000000000e+02,1.329454893121256021e+02,4.410372470552386659e+01,-8.102587735930933885e-03,2.184706276013597517e+02,2.044638131045314333e-01,0.000000000000000000e+00,9.155738387476073825e+00,1.000000000000000000e+00
6.590000000000000000e+02,1.101513342375466635e+02,4.914117365177639130e+01,-6.893511659940433633e-03,1.871340240760805784e+02,7.423349015892988234e-02,0.000000000000000000e+00,1.092165766607834243e+01,1.000000000000000000e+00
6.590000000000000000e+02,8.069263471455809622e+01,2.504636642188478746e+01,3.481787891723514983e-03,-9.870961705537210662e+01,2.716770327534411278e-01,0.000000000000000000e+00,5.881016825190577002e+00,1.000000000000000000e+00
6.600000000000000000e+02,2.989820535885316843e+01,3.863264079236451920e+01,-8.919281501388206385e-03,2.396375411131799638e+02,5.146289342735865802e-02,0.000000000000000000e+00,9.358121211034173825e+00,1.000000000000000000e+00
6.600000000000000000e+02,4.098310799595746090e+01,6.859354854905131305e+00,-8.260250293828305668e-03,2.225568957574506328e+02,1.505722941515476032e-01,0.000000000000000000e+00,6.814734666323699841e+00,1.000000000000000000e+00
6.600000000000000000e+02,1.055961517620948626e+02,1.829280706642027354e+01,-6.131915927217498896e-03,1.673951308858140123e+02,1.461123544737685798e-01,0.000000000000000000e+00,9.265668190442152508e+00,1.000000000000000000e+00
6.600000000000000000e+02,2.395397097350185334e+01,3.030175721068313521e+01,5.434767094450203805e-03,-1.493265601776863605e+02,2.388246471826439565e-01,0.000000000000000000e+00,3.903997977565717203e+00,1.000000000000000000e+00
6.600000000000000000e+02,4.273981749904935157e+01,3.401802031073940213e+01,-6.923241682288461089e-03,1.879045611345982536e+02,1.152531899728109765e-01,0.000000000000000000e+00,3.325936181528624580e+00,1.000000000000000000e+00
6.600000000000000000e+02,8.484241578528676087e+01,3.325957484824613175e+01,-5.193760599992000050e-03,1.430801997427839467e+02,1.469899373550519472e-01,0.000000000000000000e+00,7.989842604629923351e+00,1.000000000000000000e+00
6.610000000000000000e+02,8.975913497527685081e+00,1.510082134174774104e+01,3.715727808533176441e-03,-1.047728272762802817e+02,4.240186069405184055e-01,0.000000000000000000e+00,9.524208146777123574e+00,1.000000000000000000e+00
6.610000000000000000e+02,2.224972721511073459e+01,2.182062285995087692e+01,6.130288294479577238e-03,-1.673529462104194465e+02,2.454268210162345865e-01,0.000000000000000000e+00,3.855536156733577968e+00,1.000000000000000000e+00
6.610000000000000000e+02,1.371000246312609647e+02,1.746734751036864708e+01,2.965943447326137902e-03,-8.534005896403697022e+01,4.405881981250077128e-01,0.000000000000000000e+00,7.093642194783892130e+00,1.000000000000000000e+00
6.610000000000000000e+02,5.244643253945741890e+01,3.366878744005814639e+01,3.862264105708085749e-03,-1.085707271254446766e+02,3.150821943889330345e-01,0.000000000000000000e+00,9.712895507552850916e+00,1.000000000000000000e+00
6.620000000000000000e+02,5.948181416422855960e+01,1.563221048241280542e+01,5.472678844665984643e-03,-1.503091497012513571e+02,1.347306469096275494e-01,0.000000000000000000e+00,1.165734070260230126e+01,1.000000000000000000e+00
6.620000000000000000e+02,4.664195208809501025e+01,1.065647114404797691e+01,-8.997613114192464304e-03,2.416677249392322722e+02,1.663760229441882954e-01,0.000000000000000000e+00,4.842619351377461356e+00,1.000000000000000000e+00
6.620000000000000000e+02,1.299061914908818061e+01,4.178404379874319119e+01,2.784352361278146209e-03,-8.063361577141235159e+01,4.895650302089187278e-01,0.000000000000000000e+00,5.511262872201359464e+00,1.000000000000000000e+00
6.630000000000000000e+02,1.058226775628680656e+02,8.946806208282346518e+00,-7.286260732346245411e-03,1.973132197539204356e+02,1.355825986691912011e-01,0.000000000000000000e+00,9.348745690130350283e+00,1.000000000000000000e+00
6.630000000000000000e+02,2.172095959340671456e+01,2.563972797216203503e+01,-7.311769936639696439e-03,1.979743624537578910e+02,2.854581627412938749e-01,0.000000000000000000e+00,3.855536156733577968e+00,1.000000000000000000e+00
6.630000000000000000e+02,6.929232070976641467e+01,4.921753701385348734e+01,-3.859337473524002571e-03,1.084948752297384402e+02,4.680418115025873904e-01,0.000000000000000000e+00,6.437531952633694488e+00,1.000000000000000000e+00
6.630000000000000000e+02,6.362963606363753399e+01,5.227953313398101187e+01,-7.735276764186491995e-03,2.089507317729593865e+02,2.378563551177141910e-01,0.000000000000000000e+00,4.713609863231083885e+00,1.000000000000000000e+00
6.640000000000000000e+02,7.358139624867743578e+01,2.699181677810525670e+01,-3.977621856894855180e-03,1.115605473561908667e+02,1.496142093284019703e-01,0.000000000000000000e+00,7.372549735819967864e+00,1.000000000000000000e+00
6.640000000000000000e+02,1.137010693368479224e+02,2.278312087748409809e+01,3.931285858423974773e-03,-1.103596197703560335e+02,3.149911887396199539e-01,0.000000000000000000e+00,9.265668190442152508e+00,1.000000000000000000e+00
6.640000000000000000e+02,1.697399463858660340e+01,4.559281501216207744e+01,-4.055313384284604632e-03,1.135741415703444090e+02,2.270514348472825183e-01,0.000000000000000000e+00,4.173440942247381713e+00,1.000000000000000000e+00
6.640000000000000000e+02,1.208378399391156393e+02,4.688702146850623365e+01,-4.811736792087515854e-03,1.331789794281622505e+02,1.952481769545582058e-01,0.000000000000000000e+00,6.540869705130431200e+00,1.000000000000000000e+00
6.650000000000000000e+02,1.406673384084931797e+02,6.111504298872216800e+00,-9.288378109368056190e-03,2.492037167215383135e+02,9.288548439342958485e-02,0.000000000000000000e+00,1.190297872926438316e+01,1.000000000000000000e+00
6.650000000000000000e+02,9.104601511699372907e+01,2.448386803122401290e+01,-8.485688178280837921e-03,2.283997519225429471e+02,1.932454912940821945e-01,0.000000000000000000e+00,4.694090482339785986e+00,1.000000000000000000e+00
6.650000000000000000e+02,1.309072137880564242e+02,4.808480648416773562e+01,-4.755101487736460020e-02,1.240887451136855589e+03,3.827492381581998337e-02,0.000000000000000000e+00,5.981712556017859228e+00,1.000000000000000000e+00
6.650000000000000000e+02,1.281784830857162376e+02,5.360485271012549013e+00,-3.924583645882370742e-03,1.101859131018270546e+02,4.447601860245288252e-01,0.000000000000000000e+00,1.251141626089793490e+01,1.000000000000000000e+00
6.650000000000000000e+02,2.801566116447650145e+01,1.557119022810107012e+01,-3.805700008542746773e-03,1.071047096251120507e+02,4.214978158910259731e-01,0.000000000000000000e+00,8.503023140535248103e+00,1.000000000000000000e+00
6.650000000000000000e+02,1.359623519488081058e+02,2.446916587813704780e+01,-4.991587926081213038e-03,1.378403268747365189e+02,1.995554482597445833e-01,0.000000000000000000e+00,7.093642194783892130e+00,1.000000000000000000e+00
6.650000000000000000e+02,3.520382067710505680e+01,5.296331591548880624e+01,-3.758059336407650660e-03,1.058699677556624437e+02,2.362357245651863780e-01,0.000000000000000000e+00,1.175654270442725569e+01,1.000000000000000000e+00
6.660000000000000000e+02,4.877864184230303835e+01,2.279415069379988878e+01,-8.141713627308982612e-03,2.194846850043917357e+02,3.430906937925795042e-01,0.000000000000000000e+00,4.937411751059707754e+00,1.000000000000000000e+00
6.660000000000000000e+02,2.623125233721658134e+01,2.806853343233072451e+01,-5.641807524987460173e-03,1.546925946351410346e+02,2.312843975328280344e-01,0.000000000000000000e+00,5.122678654591675595e+00,1.000000000000000000e+00
6.660000000000000000e+02,1.080149243422937815e+02,3.601952161097320015e+01,-6.407112960023689414e-03,1.745276351836234880e+02,3.548315816171490056e-01,0.000000000000000000e+00,7.219421709935128995e+00,1.000000000000000000e+00
6.660000000000000000e+02,1.113840659724268107e+02,4.389714234685674654e+01,-4.493202221182167160e-03,1.249232610695150925e+02,3.063887700110941026e-01,0.000000000000000000e+00,7.131235716665917046e+00,1.000000000000000000e+00
6.670000000000000000e+02,2.432572288713636866e+01,4.034813250935136608e+01,5.501837781674799414e-03,-1.510648854786839479e+02,2.751924669039270688e-01,0.000000000000000000e+00,9.030758705436294775e+00,1.000000000000000000e+00
6.670000000000000000e+02,4.180271895565104501e+01,1.083753707732100402e+01,-2.919779839766878729e-02,7.652122809316297207e+02,2.197931049499979306e-02,0.000000000000000000e+00,4.842619351377461356e+00,1.000000000000000000e+00
6.670000000000000000e+02,1.007962650544252199e+02,3.612444020585331828e+01,3.499372378380619531e-03,-9.916536843240420751e+01,3.678203733397478192e-01,0.000000000000000000e+00,7.219421709935128995e+00,1.000000000000000000e+00
6.670000000000000000e+02,1.150822733874317692e+02,4.999450118181586333e+01,-4.272901521975065557e-03,1.192135494934761226e+02,3.133191910136349234e-01,0.000000000000000000e+00,6.540869705130431200e+00,1.000000000000000000e+00
6.680000000000000000e+02,5.750019962919840566e+01,2.240649798822531835e+01,-6.908349341980955793e-02,1.798962130141984062e+03,6.347400972158023791e-03,0.000000000000000000e+00,8.730168661045128786e+00,1.000000000000000000e+00
6.680000000000000000e+02,6.694605037957023441e+00,2.877307534716125659e+01,-8.080433538451716954e-03,2.178964393293287856e+02,6.647794796318828858e-02,0.000000000000000000e+00,1.309113480560786869e+01,1.000000000000000000e+00
6.680000000000000000e+02,1.323416083701197188e+01,4.744517902472185256e+01,2.454575791931791918e-03,-7.208652943768638011e+01,3.871813823597243243e-01,0.000000000000000000e+00,4.173440942247381713e+00,1.000000000000000000e+00
6.690000000000000000e+02,8.706619250937376364e+01,2.697294365648532377e+01,-8.215057487253070792e-03,2.213855972014994791e+02,1.241897631493822374e-01,0.000000000000000000e+00,4.694090482339785986e+00,1.000000000000000000e+00
6.690000000000000000e+02,5.114115459010582043e+01,4.408992102174280348e+01,-7.854250294512648764e-03,2.120342650789834522e+02,1.477422940627461934e-01,0.000000000000000000e+00,1.285510383185396854e+01,1.000000000000000000e+00
6.690000000000000000e+02,1.313365413140913347e+02,4.211852095812974284e+01,-7.652300263597872076e-02,1.991777913498518728e+03,8.331160512732416201e-03,0.000000000000000000e+00,5.981712556017859228e+00,1.000000000000000000e+00
6.690000000000000000e+02,2.398546538320016808e+01,4.944695403696465519e+01,4.251417703116421379e-03,-1.186567359668907784e+02,3.519883457195426280e-01,0.000000000000000000e+00,8.000944295836463382e+00,1.000000000000000000e+00
6.700000000000000000e+02,8.840417598147321598e+01,9.026272512180360863e+00,-3.410191865947501816e-02,8.923163361157614872e+02,1.147625600907065113e-02,0.000000000000000000e+00,5.161030099190765164e+00,1.000000000000000000e+00
6.700000000000000000e+02,9.636235416497780193e+01,2.312460837522026580e+01,-8.912076842925838183e-03,2.394508121469440596e+02,6.138903713550425412e-02,0.000000000000000000e+00,5.487353431806595516e+00,1.000000000000000000e+00
6.700000000000000000e+02,7.880893147752308892e+01,1.819719989760832846e+01,4.416645360774517325e-03,-1.229390749381591093e+02,1.996693402800794326e-01,0.000000000000000000e+00,4.220672808550083310e+00,1.000000000000000000e+00
6.700000000000000000e+02,4.488070171615764536e+01,2.582467830009027310e+01,3.409387169739097178e-03,-9.683314892832639487e+01,3.089207408307503844e-01,0.000000000000000000e+00,4.937411751059707754e+00,1.000000000000000000e+00
6.710000000000000000e+02,1.231814594261761613e+02,5.449230918229332588e+00,4.386096659220185302e-03,-1.221473195078517620e+02,1.354713600443160360e-01,0.000000000000000000e+00,1.001887314418706509e+01,1.000000000000000000e+00
6.710000000000000000e+02,5.250757593156151870e+00,1.576180657525666007e+01,3.555929091007212391e-03,-1.006311945416676679e+02,3.037048145321059600e-01,0.000000000000000000e+00,1.309113480560786869e+01,1.000000000000000000e+00
6.710000000000000000e+02,1.343400530037919225e+02,3.061437445210318131e+01,-7.274035533303039626e-03,1.969963693728385579e+02,1.818846722340243804e-01,0.000000000000000000e+00,3.255173472813520874e+00,1.000000000000000000e+00
6.720000000000000000e+02,9.092331133567486745e+01,4.852952490917558492e+01,3.194421212509193208e-03,-9.126170217909921689e+01,2.871710537090861326e-01,0.000000000000000000e+00,6.987240660187135965e+00,1.000000000000000000e+00
6.720000000000000000e+02,1.052159946978550380e+02,5.226082165467389018e+01,-1.185022246850213692e-02,3.156011110375998214e+02,5.861248155202503085e-02,0.000000000000000000e+00,9.091510371453933814e+00,1.000000000000000000e+00
6.720000000000000000e+02,4.675890674640136524e+01,4.842993213942042630e+00,8.729489381116605287e-03,-2.347185450770529656e+02,3.295561239566682232e-01,0.000000000000000000e+00,7.778068754334644730e+00,1.000000000000000000e+00
6.720000000000000000e+02,1.091445044472501564e+02,5.717566323083230095e+00,4.690073582542688031e-03,-1.300257355282728611e+02,4.094982881023453425e-01,0.000000000000000000e+00,6.520459914746904673e+00,1.000000000000000000e+00
6.720000000000000000e+02,9.471472518868749546e+01,1.537623824408792750e+01,-7.870970835974645113e-03,2.124676248889468866e+02,2.388526991790818066e-01,0.000000000000000000e+00,3.794302038898039964e+00,1.000000000000000000e+00
6.730000000000000000e+02,1.290490119500564958e+02,1.357016968531890733e+01,-5.260325247017957027e-03,1.448054095902650147e+02,1.571473947359871559e-01,0.000000000000000000e+00,8.259411512620358664e+00,1.000000000000000000e+00
6.730000000000000000e+02,1.352834890078747208e+02,2.494586697830899169e+01,-6.986334043833613248e-03,1.895397769481229204e+02,1.549008503984020679e-01,0.000000000000000000e+00,5.746481399453086780e+00,1.000000000000000000e+00
6.740000000000000000e+02,1.858372840142231297e+01,1.592987238591900123e+01,-3.996828737034824677e-03,1.120583476186025678e+02,2.749282201916241064e-01,0.000000000000000000e+00,7.554867337468793131e+00,1.000000000000000000e+00
6.740000000000000000e+02,7.963713655104075428e+01,2.233581745822366571e+01,-8.888592620727577692e-03,2.388421525474861937e+02,1.261947110132132233e-01,0.000000000000000000e+00,4.220672808550083310e+00,1.000000000000000000e+00
6.750000000000000000e+02,1.018767566824337933e+02,2.810444384796427642e+01,-7.238047816242999463e-03,1.960636465742615258e+02,5.444747543402972401e-02,0.000000000000000000e+00,7.430167996763231919e+00,1.000000000000000000e+00
6.750000000000000000e+02,4.591293008451432911e+01,3.523130074808693024e+01,-8.490151167462101078e-03,2.285154228263744187e+02,6.407164579912327795e-02,0.000000000000000000e+00,5.073450571019376021e+00,1.000000000000000000e+00
6.750000000000000000e+02,2.727811088907123960e+01,2.151591623234208583e+01,-7.281481692696419560e-03,1.971893575142218253e+02,1.825989445305600256e-01,0.000000000000000000e+00,8.858262575752007706e+00,1.000000000000000000e+00
6.750000000000000000e+02,1.370554838799859283e+02,3.240953168608606916e+01,4.023403306833155287e-03,-1.127471022587462244e+02,3.799417441403720730e-01,0.000000000000000000e+00,3.255173472813520874e+00,1.000000000000000000e+00
6.750000000000000000e+02,9.775538204082901927e+01,4.706516773855538105e+01,7.223650425801419160e-03,-1.956904977501093015e+02,1.289701827628499942e-01,0.000000000000000000e+00,6.987240660187135965e+00,1.000000000000000000e+00
6.760000000000000000e+02,1.218499198283423084e+02,1.761874365128253217e+01,-4.828636919066288218e-03,1.336169937013557671e+02,2.579681428593606496e-01,0.000000000000000000e+00,8.259411512620358664e+00,1.000000000000000000e+00
6.760000000000000000e+02,3.220158371771089634e+01,1.415193421398981322e+01,3.015354898896573967e-03,-8.662069555772923479e+01,3.089893619585021289e-01,0.000000000000000000e+00,4.096719605987874324e+00,1.000000000000000000e+00
6.760000000000000000e+02,6.595575856989377428e+01,3.509257562272093622e+01,4.003462675076448901e-03,-1.122302847616407746e+02,2.814599108846639330e-01,0.000000000000000000e+00,1.366492262575824057e+01,1.000000000000000000e+00
6.770000000000000000e+02,1.153831803767157140e+02,4.049632925060107169e+01,-6.793089126180763826e-02,1.769089206870304679e+03,1.537779873113964690e-02,0.000000000000000000e+00,7.421804301516083058e+00,1.000000000000000000e+00
6.770000000000000000e+02,1.050125182597150086e+02,1.076168048176758418e+01,-7.629191696504684234e-03,2.062012391877440223e+02,1.406650087622872691e-01,0.000000000000000000e+00,6.520459914746904673e+00,1.000000000000000000e+00
6.770000000000000000e+02,3.211466056636510302e+01,5.114822137310360262e+01,-6.937254597235487964e-03,1.882677451960881001e+02,1.380582045719436213e-01,0.000000000000000000e+00,8.970933913073844579e+00,1.000000000000000000e+00
6.780000000000000000e+02,2.146708155096587234e+01,8.946871949017250358e+00,-5.477553199422927413e-03,1.504354822997478891e+02,1.679290781527280618e-01,0.000000000000000000e+00,7.554867337468793131e+00,1.000000000000000000e+00
6.780000000000000000e+02,1.227675163351753582e+02,4.124115241256807707e+01,-1.031847761034797653e-02,2.759016394534486381e+02,3.886811200687526613e-01,0.000000000000000000e+00,5.707949218022739579e+00,1.000000000000000000e+00
6.780000000000000000e+02,3.914074135345435224e+01,4.557042216140426660e+01,7.082536479529646413e-03,-1.920331333592181124e+02,1.379611957650233034e-01,0.000000000000000000e+00,7.433151976479448031e+00,1.000000000000000000e+00
6.780000000000000000e+02,6.111645820931840944e+01,5.229979967907937066e+01,2.587390933671325846e-02,-6.790643571296916434e+02,2.070680996477203273e-02,0.000000000000000000e+00,3.850600648364717937e+00,1.000000000000000000e+00
6.780000000000000000e+02,4.396594062406295222e+01,3.991629090148833114e+01,4.271497444978946886e-03,-1.191771588932318053e+02,4.429151202422066946e-01,0.000000000000000000e+00,5.073450571019376021e+00,1.000000000000000000e+00
6.790000000000000000e+02,8.157298377139173340e+01,4.161810556032191499e+01,-2.602376595416532046e-02,6.829483124075989053e+02,3.270277216241279650e-02,0.000000000000000000e+00,8.619941213446221440e+00,1.000000000000000000e+00
6.790000000000000000e+02,4.441097233370649633e+01,1.729139185122711808e+01,-2.577400591787789002e-03,7.526987921408985471e+01,3.514255072302044924e-01,0.000000000000000000e+00,6.720939074948113934e+00,1.000000000000000000e+00
6.790000000000000000e+02,1.395997458859756648e+02,3.508360889672938043e+01,-9.949998636782822481e-03,2.663514715762506171e+02,2.839248895431840669e-01,0.000000000000000000e+00,3.691064627394761377e+00,1.000000000000000000e+00
6.800000000000000000e+02,9.268081928006567694e+01,3.531645421270964391e+01,-5.292481531025446800e-02,1.380164587566413275e+03,7.414392949424697399e-03,0.000000000000000000e+00,1.168667438621729815e+01,1.000000000000000000e+00
6.800000000000000000e+02,7.385654942721018301e+01,4.925660212861643572e+01,-3.427887391162177250e-02,8.969026286480125236e+02,3.075091861349321665e-02,0.000000000000000000e+00,9.867431277326994987e+00,1.000000000000000000e+00
6.800000000000000000e+02,7.949616921785501233e+01,3.325208931401407142e+01,-3.268940012975788539e-02,8.557069498109382266e+02,2.179001355926890593e-02,0.000000000000000000e+00,8.619941213446221440e+00,1.000000000000000000e+00
6.810000000000000000e+02,1.453149539527070999e+01,3.459090797488384084e+01,-3.079845580540984881e-02,8.066978148547877936e+02,4.132601959306003714e-02,0.000000000000000000e+00,1.028000637414346841e+01,1.000000000000000000e+00
6.810000000000000000e+02,5.210449819513826242e+01,1.009416916702931921e+01,-4.773487706094001713e-03,1.321876469001398391e+02,4.768549188895518931e-01,0.000000000000000000e+00,5.818147777726911940e+00,1.000000000000000000e+00
6.810000000000000000e+02,4.633591804013927629e+01,1.085201252737529032e+01,-7.288432207036459227e-03,1.973694996214851471e+02,1.550724945431244395e-01,0.000000000000000000e+00,5.818147777726911940e+00,1.000000000000000000e+00
6.810000000000000000e+02,2.824004668133697393e+01,1.519564674123242831e+01,6.636978521031644887e-03,-1.804852470266343971e+02,2.146376583279726580e-01,0.000000000000000000e+00,4.096719605987874324e+00,1.000000000000000000e+00
6.810000000000000000e+02,2.724835794139442413e+01,2.162510941312583412e+01,6.833343014857956414e-03,-1.855745845891498504e+02,2.170794914714569979e-01,0.000000000000000000e+00,6.505492818088383089e+00,1.000000000000000000e+00
6.810000000000000000e+02,6.400143648146493547e+01,4.974950053536520045e+01,-1.147154878456195341e-02,3.057867185980097133e+02,2.016482585922899640e-01,0.000000000000000000e+00,3.850600648364717937e+00,1.000000000000000000e+00
6.820000000000000000e+02,4.998158461545738618e+01,5.326593507680681938e+01,3.302917923368159977e-03,-9.407369927299508561e+01,3.052775904284983355e-01,0.000000000000000000e+00,1.117670915600855608e+01,1.000000000000000000e+00
6.830000000000000000e+02,1.264163650410794730e+02,4.563052450854584663e+01,-3.825572708280113726e-02,9.999739519321200305e+02,1.327550825700851700e-02,0.000000000000000000e+00,5.707949218022739579e+00,1.000000000000000000e+00
6.830000000000000000e+02,1.052203107154847430e+02,1.072279345360083624e+01,6.374756915106843252e-03,-1.736890373721708727e+02,2.438516509679299338e-01,0.000000000000000000e+00,5.178213095153340717e+00,1.000000000000000000e+00
6.830000000000000000e+02,1.152499334863553457e+02,3.932864884004335693e+01,-4.771123881400736629e-03,1.321263817418201540e+02,1.372729065527265035e-01,0.000000000000000000e+00,7.757043367404402368e+00,1.000000000000000000e+00
6.840000000000000000e+02,8.677691464891233863e+01,2.027226608380419748e+01,-3.499727436987243919e-03,9.917457077376631958e+01,2.245971321355408890e-01,0.000000000000000000e+00,9.073227323565157931e+00,1.000000000000000000e+00
6.840000000000000000e+02,3.086648672039697061e+01,2.712047026045059184e+01,9.260187721207192510e-03,-2.484730836087318835e+02,2.732282480736999419e-01,0.000000000000000000e+00,3.210880107713384835e+00,1.000000000000000000e+00
6.850000000000000000e+02,9.229309825284387614e+01,1.306843567819315055e+01,3.333588948362087821e-03,-9.486862505891907915e+01,3.490729394230525084e-01,0.000000000000000000e+00,7.974760341508642547e+00,1.000000000000000000e+00
6.850000000000000000e+02,7.930428735372821336e+00,1.048511104674603445e+01,-2.787652482294236331e-02,7.309677639969024767e+02,1.484341893418983371e-02,0.000000000000000000e+00,6.739718589853637809e+00,1.000000000000000000e+00
6.850000000000000000e+02,1.383197882112386310e+02,2.434197851675981283e+01,-6.266122486114750201e-02,1.632510996460599245e+03,8.156589606889252941e-03,0.000000000000000000e+00,2.036355935377546800e+01,1.000000000000000000e+00
6.850000000000000000e+02,2.776322279040806507e+01,3.521739607395338112e+01,-8.686172524210111767e-03,2.335958670274289659e+02,1.246856106479216075e-01,0.000000000000000000e+00,6.075987963346261012e+00,1.000000000000000000e+00
6.850000000000000000e+02,4.874053550975769866e+01,2.389526339627623130e+01,-2.622401293201708471e-03,7.643619882504751217e+01,3.110755779192461157e-01,0.000000000000000000e+00,1.326305313283028653e+01,1.000000000000000000e+00
6.850000000000000000e+02,1.083046147821287661e+02,3.061958015443698145e+01,-4.821578255681887963e-03,1.334340486077526862e+02,2.661764413757280456e-01,0.000000000000000000e+00,5.836054714029630830e+00,1.000000000000000000e+00
6.860000000000000000e+02,7.808586635695833422e+01,4.809320970982883914e+00,-8.857380889247173927e-03,2.380332128337981032e+02,7.639127542309032126e-02,0.000000000000000000e+00,6.937976608394478717e+00,1.000000000000000000e+00
6.860000000000000000e+02,1.001882291353256420e+02,1.194428673210916614e+01,-7.328253108662174595e-03,1.984015701677838308e+02,9.905128231447146714e-02,0.000000000000000000e+00,5.178213095153340717e+00,1.000000000000000000e+00
6.860000000000000000e+02,3.735174046994326602e+01,3.223254889177179905e+01,-7.908572924854745737e-03,2.134421886689742962e+02,2.237156421342502144e-01,0.000000000000000000e+00,8.257836528341741200e+00,1.000000000000000000e+00
6.860000000000000000e+02,2.903914027297145495e+01,5.065209612110696469e+01,3.672785456798581625e-03,-1.036598555803944777e+02,2.473556866595361114e-01,0.000000000000000000e+00,1.041589322280684726e+01,1.000000000000000000e+00
6.860000000000000000e+02,9.022430230764463488e+00,1.713577563041593521e+01,-8.994048481392936945e-03,2.415753374650524563e+02,2.647198006832269801e-01,0.000000000000000000e+00,6.739718589853637809e+00,1.000000000000000000e+00
6.860000000000000000e+02,1.177246271638146027e+02,2.308991054770827134e+01,-8.080919028018787587e-03,2.179090221554892253e+02,2.942754670862217647e-01,0.000000000000000000e+00,6.481477893931187673e+00,1.000000000000000000e+00
6.860000000000000000e+02,6.707566425002193000e+01,2.902311058251465425e+01,-5.914919413537673108e-03,1.617710565611427000e+02,1.657079854826555287e-01,0.000000000000000000e+00,4.805386556922114139e+00,1.000000000000000000e+00
6.870000000000000000e+02,1.833938217888359290e+01,2.358405915046432710e+01,-8.530706551186637010e-03,2.295665295398624153e+02,1.024382588366997693e-01,0.000000000000000000e+00,1.012501990873688840e+01,1.000000000000000000e+00
6.870000000000000000e+02,5.518634288104760088e+01,4.308007832080000554e+01,-8.240380674293865809e-03,2.220419187416009095e+02,1.261957376701884348e-01,0.000000000000000000e+00,1.143858323644669284e+01,1.000000000000000000e+00
6.870000000000000000e+02,8.760457101881145547e+01,5.125746953336832235e+01,-3.551093144585051181e-02,9.288348612321617566e+02,1.070973527651453150e-02,0.000000000000000000e+00,1.649189269974675653e+01,1.000000000000000000e+00
6.880000000000000000e+02,9.975947321814042823e+01,2.427041854777147734e+01,-3.967110666538571986e-03,1.112881203259035061e+02,2.813486756220549001e-01,0.000000000000000000e+00,1.020093357380126342e+01,1.000000000000000000e+00
6.880000000000000000e+02,7.766506241072393379e+01,3.186060909410825914e+01,-9.059367374239343101e-03,2.432682600929038017e+02,1.443234567794434708e-01,0.000000000000000000e+00,1.077883424380895505e+01,1.000000000000000000e+00
6.890000000000000000e+02,1.202512782003451122e+02,5.271362595713758736e+01,-8.772446176646424634e-03,2.358318911244732305e+02,6.981845647706752533e-02,0.000000000000000000e+00,8.843860576436272325e+00,1.000000000000000000e+00
6.890000000000000000e+02,6.620443436488709210e+01,6.815011114992864272e+00,-7.721374575491171677e-03,2.085904174933786521e+02,1.247040460645755244e-01,0.000000000000000000e+00,1.084347523657314305e+01,1.000000000000000000e+00
6.890000000000000000e+02,7.243796687402095813e+01,1.568766729359835566e+01,-3.194548086385923247e-02,8.364261919221635253e+02,6.495656383416081869e-02,0.000000000000000000e+00,5.265279396897201813e+00,1.000000000000000000e+00
6.890000000000000000e+02,3.035743807768137614e+01,2.395019889265588375e+01,-9.534145932703458684e-03,2.555734803717065802e+02,8.256466501754455845e-02,0.000000000000000000e+00,3.210880107713384835e+00,1.000000000000000000e+00
6.890000000000000000e+02,2.294557704378236096e+01,3.891981679433996533e+01,-9.610832545941864341e-03,2.575610294122246842e+02,9.832487739093642709e-02,0.000000000000000000e+00,6.075987963346261012e+00,1.000000000000000000e+00
6.890000000000000000e+02,6.658929693470899736e+01,2.424240071932037566e+01,-4.503908051766408044e-03,1.252007327481704948e+02,4.850061815436466084e-01,0.000000000000000000e+00,4.481102216031422891e+00,1.000000000000000000e+00
6.900000000000000000e+02,9.788717456635482961e+01,3.836364973068732098e+01,-9.810728684076766917e-03,2.627418994594930268e+02,1.148434055252519626e-01,0.000000000000000000e+00,3.376234822564222693e+00,1.000000000000000000e+00
6.900000000000000000e+02,1.321062491549463687e+02,4.373441214306538427e+01,-8.531574880986046369e-03,2.295890347462705279e+02,8.671547550933877968e-02,0.000000000000000000e+00,1.333685901907663229e+01,1.000000000000000000e+00
6.900000000000000000e+02,1.862350503268645596e+01,5.057878738870171986e+01,-7.233624045144782140e-03,1.959489921172391576e+02,1.590469293969033471e-01,0.000000000000000000e+00,1.041589322280684726e+01,1.000000000000000000e+00
6.910000000000000000e+02,1.270195130467791245e+02,9.664028689796758442e+00,-4.994507666321033532e-03,1.379160001463436060e+02,2.172971465717967732e-01,0.000000000000000000e+00,1.423164311761931877e+01,1.000000000000000000e+00
6.910000000000000000e+02,9.557881151757261762e+01,1.496552126072358213e+01,4.260460444253448900e-03,-1.188911040099112455e+02,2.073113366351063691e-01,0.000000000000000000e+00,5.511314621008669867e+00,1.000000000000000000e+00
6.910000000000000000e+02,1.109309975117462699e+02,1.884033852875439763e+01,-7.675654904188163215e-03,2.074054637577298763e+02,1.584275926246422328e-01,0.000000000000000000e+00,5.600283511084946042e+00,1.000000000000000000e+00
6.910000000000000000e+02,9.404516988684019196e+00,3.016496346993732658e+01,-7.867278694407174242e-03,2.123719326667976190e+02,1.135090949935713134e-01,0.000000000000000000e+00,6.989764606946178738e+00,1.000000000000000000e+00
6.920000000000000000e+02,5.013617605090512086e+01,2.734135777444996407e+01,-8.338824062393813963e-03,2.245933557304157375e+02,1.227681510031066736e-01,0.000000000000000000e+00,8.853972211049454089e+00,1.000000000000000000e+00
6.920000000000000000e+02,1.364013571922063583e+01,1.461560828848913829e+01,4.361113976486870325e-03,-1.214998230935584047e+02,3.158714811400046285e-01,0.000000000000000000e+00,1.012501990873688840e+01,1.000000000000000000e+00
6.920000000000000000e+02,8.744378596546958704e+01,2.167730213946858697e+01,5.383966055919291345e-03,-1.480099085337346025e+02,2.915491296338171834e-01,0.000000000000000000e+00,1.022178994642213468e+01,1.000000000000000000e+00
6.920000000000000000e+02,6.737417287346701755e+01,2.865423104598531268e+01,8.128505035745829319e-03,-2.191423472432192057e+02,1.498100467895220334e-01,0.000000000000000000e+00,4.481102216031422891e+00,1.000000000000000000e+00
6.920000000000000000e+02,3.352725664046098331e+01,4.516918340561542777e+01,-5.052111093502184049e-03,1.394089548041340265e+02,1.133112131906978126e-01,0.000000000000000000e+00,1.228928501292443798e+01,1.000000000000000000e+00
6.930000000000000000e+02,3.880267874476866297e+01,1.114970676429484620e+01,-8.605031392036430193e-03,2.314928666133020840e+02,8.761521815315187478e-02,0.000000000000000000e+00,9.815198129447063380e+00,1.000000000000000000e+00
6.930000000000000000e+02,4.759188728181440808e+01,1.551868005474002032e+01,-8.641264772430752236e-03,2.324319564674019034e+02,9.229147528425774016e-02,0.000000000000000000e+00,7.022325381077702211e+00,1.000000000000000000e+00
6.930000000000000000e+02,4.163460618418133663e+01,2.981443959987549874e+01,-8.412723240487826257e-03,2.265086605575987164e+02,1.442032210497757871e-01,0.000000000000000000e+00,8.520516754384116709e+00,1.000000000000000000e+00
6.930000000000000000e+02,1.059141277163076111e+01,4.069483092826645532e+01,-2.836859460001628711e-02,7.437211347873267187e+02,1.426902518886996596e-02,0.000000000000000000e+00,3.774787850935054312e+00,1.000000000000000000e+00
6.930000000000000000e+02,1.389780870882651413e+02,1.778723874145186556e+01,-4.073189888312715549e-03,1.140374613979971485e+02,3.588723995143896506e-01,0.000000000000000000e+00,7.582070839675751017e+00,1.000000000000000000e+00
6.930000000000000000e+02,3.316744426143947777e+01,2.886240244943922306e+01,7.728058098531402978e-03,-2.087636397709695757e+02,2.839697417159910975e-01,0.000000000000000000e+00,5.659141148269201338e+00,1.000000000000000000e+00
6.930000000000000000e+02,9.117276369856087115e+01,3.119463972804271634e+01,4.443858560078279944e-03,-1.236443814562272934e+02,2.754184850462669809e-01,0.000000000000000000e+00,7.936685386725052638e+00,1.000000000000000000e+00
6.930000000000000000e+02,1.212111722762318067e+02,3.604226625900773229e+01,-9.378990420998836730e-03,2.515521893614891553e+02,1.197329917825591394e-01,0.000000000000000000e+00,1.100668633662883877e+01,1.000000000000000000e+00
6.940000000000000000e+02,4.942018752366594470e+01,8.738534629797152675e+00,-7.905119706574656804e-03,2.133526888150956040e+02,1.478476112043508595e-01,0.000000000000000000e+00,7.022325381077702211e+00,1.000000000000000000e+00
6.940000000000000000e+02,7.473621374578375764e+01,2.042488466710177875e+01,-7.502255990807990549e-02,1.952889724566292443e+03,6.494524157865888547e-03,0.000000000000000000e+00,5.265279396897201813e+00,1.000000000000000000e+00
6.940000000000000000e+02,1.125572828417932243e+02,4.835285706644575043e+01,-3.162527500318509238e-02,8.281271573935079005e+02,4.044021720611945536e-02,0.000000000000000000e+00,8.843860576436272325e+00,1.000000000000000000e+00
6.940000000000000000e+02,4.539571656883140349e+00,6.685667748777765595e+00,4.310604448775829864e-03,-1.201907267715314163e+02,3.951608252265738086e-01,0.000000000000000000e+00,1.207080043808473491e+01,1.000000000000000000e+00
6.950000000000000000e+02,1.159588440373757408e+02,2.130690187058156226e+01,-9.062058919648013564e-03,2.433380190543262245e+02,1.627737301734650810e-01,0.000000000000000000e+00,5.600283511084946042e+00,1.000000000000000000e+00
6.950000000000000000e+02,9.813941065646271511e+01,3.499685028136718756e+01,6.410666036193071737e-03,-1.746197231352635981e+02,2.122084419317772364e-01,0.000000000000000000e+00,3.376234822564222693e+00,1.000000000000000000e+00
6.950000000000000000e+02,1.081577286104029270e+02,3.607056039518819546e+01,9.608956697744763104e-03,-2.575124115358201493e+02,9.468335431493413168e-02,0.000000000000000000e+00,9.634630446105880708e+00,1.000000000000000000e+00
6.950000000000000000e+02,1.402690720810389280e+02,4.468949169236387853e+00,5.706495448680122366e-03,-1.563691639246043223e+02,1.381947246673123075e-01,0.000000000000000000e+00,7.866654438451542219e+00,1.000000000000000000e+00
6.960000000000000000e+02,2.935305604385011691e+01,7.505789796148581772e+00,-7.504209380895596714e-03,2.029619713288503817e+02,8.960760223839059346e-02,0.000000000000000000e+00,8.699551342721552061e+00,1.000000000000000000e+00
6.960000000000000000e+02,1.402027539944829471e+02,3.807827487401016953e+01,-8.711383920625193761e-03,2.342492911993784901e+02,2.496407918159666561e-01,0.000000000000000000e+00,5.792481045939195994e+00,1.000000000000000000e+00
6.960000000000000000e+02,5.239138759361125608e+01,5.143832549243204255e+01,3.688284831761228476e-03,-1.040615654295420853e+02,1.951213365462940441e-01,0.000000000000000000e+00,7.709388423224832643e+00,1.000000000000000000e+00
6.970000000000000000e+02,6.244399495250308263e+01,1.157359214105911427e+01,-1.423027230708569756e-02,3.772867895843348265e+02,6.567336447196558957e-02,0.000000000000000000e+00,8.791824389473358536e+00,1.000000000000000000e+00
6.970000000000000000e+02,9.878069793118922348e+01,4.864379058108976039e+01,-4.209876046830185112e-03,1.175800672289383186e+02,2.956219542198033068e-01,0.000000000000000000e+00,1.127229798688720841e+01,1.000000000000000000e+00
6.970000000000000000e+02,1.351960358140397602e+02,4.309044158348968523e+01,-7.308247210851141588e-03,1.978830611175092145e+02,3.209448362264577526e-01,0.000000000000000000e+00,5.251913087926487478e+00,1.000000000000000000e+00
6.980000000000000000e+02,1.357659217994969936e+02,1.091921192325332335e+01,-5.151641890804579613e-03,1.419885750576114560e+02,2.785177055606968821e-01,0.000000000000000000e+00,7.582070839675751017e+00,1.000000000000000000e+00
6.980000000000000000e+02,1.410626979071094240e+02,4.380656721420209720e+01,-5.993159930093206085e-03,1.637988793719655973e+02,3.653631959742649205e-01,0.000000000000000000e+00,5.792481045939195994e+00,1.000000000000000000e+00
6.980000000000000000e+02,8.163457388620977895e+01,5.227793904394420110e+01,-4.550109404808947745e-03,1.263981706194305303e+02,2.629072423766053435e-01,0.000000000000000000e+00,7.828124413859489650e+00,1.000000000000000000e+00
6.990000000000000000e+02,1.045826125612946527e+02,1.501116959322941824e+01,-9.758972692561837178e-03,2.614004975259277899e+02,7.309187068022859890e-02,0.000000000000000000e+00,6.312234250525474266e+00,1.000000000000000000e+00
6.990000000000000000e+02,1.233508901268781415e+02,2.094244605896895095e+01,-7.933669396474331628e-03,2.140926342419562332e+02,7.970956503162995865e-02,0.000000000000000000e+00,6.136013594709312180e+00,1.000000000000000000e+00
6.990000000000000000e+02,7.094567642595796997e+01,1.381358951142644109e+01,-7.219252856429224201e-03,1.955765223844330762e+02,1.103091055803361309e-01,0.000000000000000000e+00,7.620852761236649009e+00,1.000000000000000000e+00
6.990000000000000000e+02,2.717117437016148074e+01,1.592728526469037931e+01,4.211831962452062574e-03,-1.176307602776130778e+02,1.531304936759458890e-01,0.000000000000000000e+00,3.461699902375202420e+00,1.000000000000000000e+00
7.000000000000000000e+02,4.751219748479487492e+01,5.576780404265329061e+00,-7.224652666010081097e-03,1.957164736210074238e+02,1.001095880668471105e-01,0.000000000000000000e+00,3.668511818176436901e+00,1.000000000000000000e+00
7.010000000000000000e+02,2.298860536264982812e+01,3.223819814035577025e+01,-7.995777604610371236e-03,2.157023429548096942e+02,2.235383110624689085e-01,0.000000000000000000e+00,3.616219345892175863e+00,1.000000000000000000e+00
7.010000000000000000e+02,7.310264698741650591e+01,3.875067322570983919e+01,-3.411848787292837831e-02,8.927457738352104570e+02,1.699254636516245309e-02,0.000000000000000000e+00,1.126308609309071151e+01,1.000000000000000000e+00
7.010000000000000000e+02,5.770763593399258440e+01,4.585512090693225673e+01,-4.103688580161843347e-03,1.148279206862870438e+02,2.698266117924976726e-01,0.000000000000000000e+00,7.709388423224832643e+00,1.000000000000000000e+00
7.010000000000000000e+02,1.346413250221574387e+01,1.019531132223914938e+01,2.162906769316723203e-03,-6.452710724433391931e+01,4.027040480194803429e-01,0.000000000000000000e+00,1.156263145220727750e+01,1.000000000000000000e+00
7.010000000000000000e+02,1.017797224898527020e+02,3.777776308242610526e+01,3.454318108289976871e-03,-9.799766043868288534e+01,3.009675952208206162e-01,0.000000000000000000e+00,1.127229798688720841e+01,1.000000000000000000e+00
7.020000000000000000e+02,7.521037806575766815e+00,2.524193274630162520e+01,-4.743109446283319021e-03,1.314003089464917196e+02,1.777617222760370375e-01,0.000000000000000000e+00,4.640489324098454382e+00,1.000000000000000000e+00
7.020000000000000000e+02,1.146192474274218398e+02,2.214970785453385105e+01,-5.898817281105740891e-03,1.613537245586732638e+02,3.545990728191045216e-01,0.000000000000000000e+00,8.814707327756215349e+00,1.000000000000000000e+00
7.020000000000000000e+02,8.939310805935440030e+00,4.734293808686489058e+01,-7.281807584707163279e-03,1.971978039213053364e+02,2.180842266975947519e-01,0.000000000000000000e+00,7.863356321991609832e+00,1.000000000000000000e+00
7.020000000000000000e+02,1.327105921783562508e+02,4.771701277790287321e+01,-2.906689211978459586e-02,7.618194769464327010e+02,1.473109647404491351e-02,0.000000000000000000e+00,5.251913087926487478e+00,1.000000000000000000e+00
7.020000000000000000e+02,1.429701620259087349e+02,1.579298471260587888e+01,-5.313867535662396280e-03,1.461931084327157180e+02,2.561462753021083172e-01,0.000000000000000000e+00,4.970111660154660882e+00,1.000000000000000000e+00
7.020000000000000000e+02,6.506311155973052962e+01,3.086251891387266255e+01,-4.992524073395290633e-03,1.378645897625771113e+02,2.058852673818347689e-01,0.000000000000000000e+00,8.457180755100544900e+00,1.000000000000000000e+00
7.020000000000000000e+02,1.391359705854094955e+02,3.811005597810090251e+01,-4.397566480838846492e-03,1.224445921606707373e+02,3.242890723921090235e-01,0.000000000000000000e+00,6.013527952476161786e+00,1.000000000000000000e+00
7.030000000000000000e+02,2.944136660977339659e+01,1.331393618557555136e+01,-3.460060425126111443e-03,9.814648871308494904e+01,3.001789569633722676e-01,0.000000000000000000e+00,3.461699902375202420e+00,1.000000000000000000e+00
7.040000000000000000e+02,4.895663259573687753e+01,3.168913888590018502e+01,-7.243237746503090706e-03,1.961981581985619982e+02,1.134400545332187038e-01,0.000000000000000000e+00,4.368231919111942751e+00,1.000000000000000000e+00
7.040000000000000000e+02,4.342596209601095580e+01,4.419606507931178641e+01,3.290598667322702786e-03,-9.375441114043763946e+01,2.661939197801357349e-01,0.000000000000000000e+00,1.008378007575460344e+01,1.000000000000000000e+00
7.050000000000000000e+02,1.584921024130139955e+01,4.358985103222112656e+01,8.742341749296804118e-03,-2.350516503084122633e+02,9.183141032382668989e-02,0.000000000000000000e+00,7.863356321991609832e+00,1.000000000000000000e+00
7.050000000000000000e+02,1.392631853385321676e+02,1.910362419066022710e+01,-7.962479118943264697e-03,2.148393191434358016e+02,2.607461042208689683e-01,0.000000000000000000e+00,4.970111660154660882e+00,1.000000000000000000e+00
7.050000000000000000e+02,2.140209151989486358e+01,5.295386390322710923e+01,-5.783578639298483232e-03,1.583669913821464377e+02,3.771759219849637468e-01,0.000000000000000000e+00,1.088665364299422755e+01,1.000000000000000000e+00
7.060000000000000000e+02,1.219970245206340849e+02,1.276894585796821602e+01,-9.152050734817996497e-03,2.456704097851507811e+02,1.482573115914839201e-01,0.000000000000000000e+00,1.193441621837186339e+01,1.000000000000000000e+00
7.060000000000000000e+02,6.683298513094358384e+01,2.259260634684001090e+01,-4.503478772656338211e-03,1.251896067739319136e+02,1.890461674502513789e-01,0.000000000000000000e+00,5.770273138542935776e+00,1.000000000000000000e+00
7.060000000000000000e+02,4.242196036214924959e+01,3.416239171734767410e+01,-8.085994773696973670e-03,2.180405743655370259e+02,9.248878610865174377e-02,0.000000000000000000e+00,6.363400258977961244e+00,1.000000000000000000e+00
7.060000000000000000e+02,9.181167346496259540e+01,8.319396885227703820e+00,4.024971382124476610e-03,-1.127877433355797621e+02,2.511703593031251458e-01,0.000000000000000000e+00,6.204889860442693639e+00,1.000000000000000000e+00
7.060000000000000000e+02,8.838532662526413120e+00,2.079239923461578599e+01,3.594368300703627058e-03,-1.016274546596216481e+02,3.630945482224380294e-01,0.000000000000000000e+00,4.640489324098454382e+00,1.000000000000000000e+00
7.070000000000000000e+02,1.261355545908645048e+01,5.102325136993278498e+00,-8.266145278296933158e-03,2.227096808424832091e+02,1.408926061349333736e-01,0.000000000000000000e+00,1.239560421206276430e+01,1.000000000000000000e+00
7.070000000000000000e+02,1.159570806184989067e+02,4.566386072355791725e+01,-3.443896290724897391e-02,9.010517847551832347e+02,1.649649871772607135e-02,0.000000000000000000e+00,1.527374096066482423e+01,1.000000000000000000e+00
7.080000000000000000e+02,3.558067991707438438e+01,5.205764368922815066e+01,-7.705665673066223846e-03,2.081832771513579132e+02,5.217744447547878472e-02,0.000000000000000000e+00,1.110643375287649448e+01,1.000000000000000000e+00
7.080000000000000000e+02,2.494011707840684622e+01,6.408802242497041668e+00,-7.254011672928736484e-03,1.964773947722692640e+02,1.426716566097482319e-01,0.000000000000000000e+00,7.469361316587137090e+00,1.000000000000000000e+00
7.080000000000000000e+02,5.835711533235605231e+01,1.611239692891444975e+01,-2.894980918705104302e-03,8.350086565874649125e+01,3.852102351617419096e-01,0.000000000000000000e+00,6.960542752258124466e+00,1.000000000000000000e+00
7.090000000000000000e+02,9.457229951194648265e+01,3.340910939816232883e+01,-9.016978368375347733e-03,2.421696299099332634e+02,1.028631957167898126e-01,0.000000000000000000e+00,2.098211248628624404e+01,1.000000000000000000e+00
7.090000000000000000e+02,5.201889815919410864e+01,3.480426002608275837e+01,-7.464485896462313107e-03,2.019324256227965577e+02,9.789915427028306194e-02,0.000000000000000000e+00,4.368231919111942751e+00,1.000000000000000000e+00
7.090000000000000000e+02,1.312307337459972985e+02,4.571565912458527947e+01,-4.206912543732951176e-03,1.175032597199253814e+02,1.416522191506317530e-01,0.000000000000000000e+00,1.268178376555514042e+01,1.000000000000000000e+00
7.090000000000000000e+02,5.545007271677765459e+01,5.103625846076014483e+01,5.323511725078298139e-03,-1.464430646977102128e+02,2.235744174571407950e-01,0.000000000000000000e+00,9.005201707200166439e+00,1.000000000000000000e+00
7.100000000000000000e+02,4.834967444806565595e+01,7.650861927931918771e+00,-1.981913713787548242e-02,5.221379241296617693e+02,3.412819930257637857e-02,0.000000000000000000e+00,1.310520688983655013e+01,1.000000000000000000e+00
7.100000000000000000e+02,8.084662076173330547e+01,4.927904283321855416e+01,-2.148683939349851999e-03,6.415848264532829148e+01,2.605322144689509178e-01,0.000000000000000000e+00,2.098211248628624404e+01,1.000000000000000000e+00
7.100000000000000000e+02,1.425569474441433613e+02,5.142043981627066529e+01,4.865943285869730843e-03,-1.345838930129068842e+02,2.598422572240831618e-01,0.000000000000000000e+00,1.268178376555514042e+01,1.000000000000000000e+00
7.110000000000000000e+02,3.879420740224124842e+01,3.939041919602828301e+01,4.055632060743386003e-03,-1.135824009661260163e+02,2.085345260455772065e-01,0.000000000000000000e+00,6.363400258977961244e+00,1.000000000000000000e+00
7.110000000000000000e+02,6.106310322136804558e+01,2.252541376582775356e+01,-2.200247062587717354e-03,6.549488585561130094e+01,3.762063196602278836e-01,0.000000000000000000e+00,5.770273138542935776e+00,1.000000000000000000e+00
7.110000000000000000e+02,4.600656331537204125e+01,2.738037468343877023e+01,-4.836452899480553173e-03,1.338195667935431459e+02,1.973324922690308236e-01,0.000000000000000000e+00,7.671058165630350700e+00,1.000000000000000000e+00
7.110000000000000000e+02,2.570953362083355742e+01,3.871885317485060085e+01,-4.281924988296157905e-03,1.194474179754871841e+02,3.068365446100467242e-01,0.000000000000000000e+00,8.619327865876735828e+00,1.000000000000000000e+00
7.120000000000000000e+02,3.963164103097786040e+01,1.965199987560620443e+01,-8.841385288135527806e-03,2.376186418898039108e+02,9.822264434791994070e-02,0.000000000000000000e+00,1.001835372216446451e+01,1.000000000000000000e+00
7.120000000000000000e+02,2.473760903169641523e+01,1.747680222765111679e+01,-8.344299844395598048e-03,2.247352760057302703e+02,8.383939618764080226e-02,0.000000000000000000e+00,6.767161373460264251e+00,1.000000000000000000e+00
7.120000000000000000e+02,1.444133650398851501e+02,2.616617147058216730e+01,4.440626647972531135e-03,-1.235606173736376832e+02,2.977192624639040108e-01,0.000000000000000000e+00,1.188812167619589211e+01,1.000000000000000000e+00
7.120000000000000000e+02,5.823883586465009898e+01,3.948156230162589253e+01,-3.923993970145880049e-03,1.101706299983649728e+02,3.062840551836740755e-01,0.000000000000000000e+00,6.732833085938874973e+00,1.000000000000000000e+00
7.120000000000000000e+02,4.675662895043395650e+01,4.868728139216609918e+01,3.362782316488032754e-03,-9.562525321548963575e+01,2.663556804897431185e-01,0.000000000000000000e+00,9.005201707200166439e+00,1.000000000000000000e+00
7.130000000000000000e+02,9.101748833039262365e+01,7.037245147756327590e+00,-7.268720458236966817e-03,1.968586142692846579e+02,3.126724823972759637e-01,0.000000000000000000e+00,5.555769948642393707e+00,1.000000000000000000e+00
7.130000000000000000e+02,1.777481420192113504e+01,8.518255528529683929e+00,6.931132528964275598e-03,-1.881090745962976882e+02,1.737891712823405044e-01,0.000000000000000000e+00,7.469361316587137090e+00,1.000000000000000000e+00
7.140000000000000000e+02,6.390865577847283419e+01,1.300520041883763156e+01,-7.299558750806785061e-03,1.976578752643922599e+02,1.021042193741430459e-01,0.000000000000000000e+00,9.936379196037883332e+00,1.000000000000000000e+00
7.140000000000000000e+02,5.761460097003831038e+01,3.277772965459015353e+01,-8.634790959896217893e-03,2.322641694267680066e+02,8.187320342780957105e-02,0.000000000000000000e+00,5.951362473742601189e+00,1.000000000000000000e+00
7.140000000000000000e+02,1.062145018438691579e+02,1.029396540564990659e+01,-6.781220983711309588e-03,1.842236957101050336e+02,4.625531218017354673e-01,0.000000000000000000e+00,6.454695286919333697e+00,1.000000000000000000e+00
7.150000000000000000e+02,9.703793693717341284e+01,2.292047570130467804e+01,-8.889641884613833783e-03,2.388693471691067316e+02,1.526816514833373439e-01,0.000000000000000000e+00,1.068788365583669808e+01,1.000000000000000000e+00
7.150000000000000000e+02,1.063733319088098028e+02,4.664372759442985483e+01,-7.243949455968567985e-02,1.885942328691135799e+03,8.811843895694448925e-03,0.000000000000000000e+00,2.386453167227071859e+01,1.000000000000000000e+00
7.150000000000000000e+02,9.802922665044107475e+00,2.467298726105500961e+01,-3.460104701226990320e-02,9.052526497277447106e+02,1.116855818974615833e-02,0.000000000000000000e+00,1.451275986578345467e+01,1.000000000000000000e+00
7.160000000000000000e+02,1.057519751899240816e+02,1.673206763700419231e+01,-7.493775515362115225e-03,2.026915483885974822e+02,2.487161805585498264e-01,0.000000000000000000e+00,5.457922856701518555e+00,1.000000000000000000e+00
7.160000000000000000e+02,1.341520587076037145e+02,4.751505102486509458e+01,-8.162205369859910561e-03,2.200157860861284576e+02,1.884221841218609583e-01,0.000000000000000000e+00,1.535194560335615854e+01,1.000000000000000000e+00
7.160000000000000000e+02,1.279172197628375862e+01,4.725165190344476684e+01,3.515102675887918533e-03,-9.957306328809565343e+01,4.178036522125671004e-01,0.000000000000000000e+00,5.221942935402083208e+00,1.000000000000000000e+00
7.170000000000000000e+02,7.507052606485466129e+01,5.261108469460882731e+00,4.556981706775252786e-03,-1.265762856332833053e+02,3.451864338980991098e-01,0.000000000000000000e+00,4.889032589700471831e+00,1.000000000000000000e+00
7.170000000000000000e+02,1.380548503651611441e+02,1.612143513161547048e+01,-2.832188220115384666e-02,7.425104517278114145e+02,2.051370399007557133e-02,0.000000000000000000e+00,1.188812167619589211e+01,1.000000000000000000e+00
7.170000000000000000e+02,8.320510836481281558e+01,4.092102807827527755e+01,-7.393112702307318498e-03,2.000825887663890228e+02,1.655102594775229585e-01,0.000000000000000000e+00,9.413058300693320390e+00,1.000000000000000000e+00
7.170000000000000000e+02,2.874618340432948926e+01,4.308553314912719401e+01,-7.799916688265138946e-03,2.106260570175659836e+02,6.300581571345886811e-02,0.000000000000000000e+00,7.961209535872200149e+00,1.000000000000000000e+00
7.170000000000000000e+02,5.023949618091742764e+01,2.706203775308718562e+01,-3.650399169795811010e-03,1.030796520562827254e+02,4.548690562536512605e-01,0.000000000000000000e+00,7.441440273412980311e+00,1.000000000000000000e+00
7.180000000000000000e+02,6.299981242323453046e+01,4.414849407310212825e+01,-7.915408747368180009e-03,2.136193582153133832e+02,1.166364639703025841e-01,0.000000000000000000e+00,1.156720084089153211e+01,1.000000000000000000e+00
7.180000000000000000e+02,4.175430822963154043e+01,4.408764876937599553e+01,5.025598596604235677e-03,-1.387218089576035993e+02,1.221941355513108673e-01,0.000000000000000000e+00,9.783459642907855525e+00,1.000000000000000000e+00
7.180000000000000000e+02,1.212127685087087343e+02,4.559263981091855378e+00,-1.058114605207609304e-01,2.750870588333206342e+03,1.108616595864975185e-02,0.000000000000000000e+00,8.356130641257649927e+00,1.000000000000000000e+00
7.180000000000000000e+02,1.343095053734749200e+01,5.243432253424083456e+01,-7.359944040759485405e-03,1.992229297118194893e+02,1.455315497199051178e-01,0.000000000000000000e+00,5.221942935402083208e+00,1.000000000000000000e+00
7.190000000000000000e+02,7.739092573860204993e+01,9.564407787103837322e+00,-4.833140907019682110e-03,1.337337272035570379e+02,2.159943921460212302e-01,0.000000000000000000e+00,4.889032589700471831e+00,1.000000000000000000e+00
7.190000000000000000e+02,2.766583278471797058e+01,3.519796699645579707e+01,-6.072980370632775730e-03,1.658676503517837943e+02,1.777568891867216117e-01,0.000000000000000000e+00,7.961209535872200149e+00,1.000000000000000000e+00
7.200000000000000000e+02,1.807462290152012585e+01,5.380687540750735742e+00,-8.437623475742894730e-03,2.271540201138491852e+02,1.068777918551258033e-01,0.000000000000000000e+00,1.518043920738899111e+01,1.000000000000000000e+00
7.200000000000000000e+02,6.271030413211748566e+01,3.258491676143528082e+01,-7.892068687532928506e-03,2.130144349885309794e+02,5.624380287344488139e-02,0.000000000000000000e+00,1.156720084089153211e+01,1.000000000000000000e+00
7.200000000000000000e+02,8.231956075869548783e+01,5.029233919303138123e+01,-2.740814505817401950e-02,7.188283864347544068e+02,1.539838937551152309e-01,0.000000000000000000e+00,9.413058300693320390e+00,1.000000000000000000e+00
7.200000000000000000e+02,3.724145812558820268e+01,3.540719564048676915e+01,3.808554769474300702e-03,-1.071786987753797575e+02,2.375330001513071831e-01,0.000000000000000000e+00,9.577910904482207499e+00,1.000000000000000000e+00
7.210000000000000000e+02,5.418632960314882752e+01,2.075350866304330921e+01,-3.937324800220443760e-02,1.028937646341388700e+03,1.389172746485756171e-02,0.000000000000000000e+00,7.441440273412980311e+00,1.000000000000000000e+00
7.210000000000000000e+02,1.111240043984424233e+02,1.769654889266998765e+01,-7.145801360319857520e-03,1.936728204936879649e+02,1.468045673509777993e-01,0.000000000000000000e+00,4.849930632646544559e+00,1.000000000000000000e+00
7.210000000000000000e+02,1.308721219384218273e+02,3.251757628414373613e+01,-4.787624399311790103e-03,1.325540390232834795e+02,1.975249864651766885e-01,0.000000000000000000e+00,1.335593227399979988e+01,1.000000000000000000e+00
7.220000000000000000e+02,1.017194161943307193e+02,1.096983305659832730e+01,-8.482526663597035610e-03,2.283178123869314220e+02,4.725243963203229480e-02,0.000000000000000000e+00,1.156265476558797367e+01,1.000000000000000000e+00
7.220000000000000000e+02,9.006076004691028913e+01,2.699534814432520236e+01,-9.910499678668403811e-02,2.577053738207158403e+03,7.850626842513919179e-03,0.000000000000000000e+00,1.015655645088200565e+01,1.000000000000000000e+00
7.220000000000000000e+02,1.688834346211162440e+01,3.387424354357056444e+01,-9.885187631483809828e-03,2.646717122811490981e+02,1.084431614542485933e-01,0.000000000000000000e+00,1.085847686734249962e+01,1.000000000000000000e+00
7.220000000000000000e+02,1.184952806733148805e+02,3.753701123302148090e+01,-7.010097744016571819e-02,1.825333087249118535e+03,1.679189868941344255e-02,0.000000000000000000e+00,1.076697251149652423e+01,1.000000000000000000e+00
7.230000000000000000e+02,1.428090324901596659e+02,4.416098143789109542e+01,-1.035947536527532034e-02,2.769642114595420139e+02,8.132846794037984495e-02,0.000000000000000000e+00,1.667509271621902300e+01,1.000000000000000000e+00
7.240000000000000000e+02,1.010524544018463757e+02,4.257659741715922763e+01,-5.246996967846477740e-03,1.444599697884488023e+02,2.558790288636805244e-01,0.000000000000000000e+00,6.374835915523473062e+00,1.000000000000000000e+00
7.240000000000000000e+02,1.571549185408678895e+01,5.113098668151487658e+01,-7.568708239843961044e-03,2.046336404742695265e+02,1.065455621540881692e-01,0.000000000000000000e+00,1.202111488061834876e+01,1.000000000000000000e+00
7.250000000000000000e+02,1.430636602162468876e+02,2.497411720077114339e+01,8.718330554217008921e-03,-2.344293327261482318e+02,2.695858290086377007e-01,0.000000000000000000e+00,1.433657492297899338e+01,1.000000000000000000e+00
7.250000000000000000e+02,1.130989621997217256e+02,2.821995998303476583e+01,-8.181487378768568033e-03,2.205155335216622348e+02,1.624460553219795322e-01,0.000000000000000000e+00,5.875185532148731404e+00,1.000000000000000000e+00
7.260000000000000000e+02,2.954117485832475154e+01,2.603753709332382371e+01,-1.437588184150370187e-02,3.810606697728245535e+02,5.026994817468100063e-02,0.000000000000000000e+00,9.571319876010921490e+00,1.000000000000000000e+00
7.260000000000000000e+02,7.008244402673568629e+00,2.140153738102536707e+01,5.132121725187645082e-03,-1.414826551218584143e+02,1.839127150721863169e-01,0.000000000000000000e+00,8.697622177984182912e+00,1.000000000000000000e+00
7.260000000000000000e+02,1.123204745795504209e+02,2.239657934440141318e+01,-5.610199702754715273e-03,1.538733891167507863e+02,3.074557482956714605e-01,0.000000000000000000e+00,4.849930632646544559e+00,1.000000000000000000e+00
7.260000000000000000e+02,1.074270467578639341e+02,4.252087269687720550e+01,-8.708365779225485381e-03,2.341710675852453392e+02,1.637331236694848924e-01,0.000000000000000000e+00,6.374835915523473062e+00,1.000000000000000000e+00
7.260000000000000000e+02,3.377907812992190628e+01,4.815640744556588970e+01,-3.727413148923782588e-02,9.745331442373226309e+02,1.185053222345046064e-01,0.000000000000000000e+00,7.433857920430187782e+00,1.000000000000000000e+00
7.270000000000000000e+02,9.009144472542196525e+01,3.715185824329411446e+01,-8.094368869107720910e-03,2.182576125759362071e+02,8.183561470254385739e-02,0.000000000000000000e+00,1.015655645088200565e+01,1.000000000000000000e+00
7.270000000000000000e+02,3.392392698818576946e+01,4.017372554272764518e+01,-2.479029656909324808e-02,6.509794877421134061e+02,1.168079714754780563e-01,0.000000000000000000e+00,7.983995964029638515e+00,1.000000000000000000e+00
7.270000000000000000e+02,2.608297075843999480e+01,7.069750180890975955e+00,-4.014237194795728519e-03,1.125095367122194574e+02,1.634644157213492877e-01,0.000000000000000000e+00,1.449483402883791960e+01,1.000000000000000000e+00
7.270000000000000000e+02,6.598341249300737843e+01,1.983940373446424132e+01,-6.531515883935886183e-03,1.777518864788352744e+02,1.715618744228094572e-01,0.000000000000000000e+00,8.040738376946633181e+00,1.000000000000000000e+00
7.270000000000000000e+02,5.648287548133081515e+01,3.608030120358454695e+01,-8.199980271785585473e-02,2.133724575219041071e+03,1.011817431739203688e-02,0.000000000000000000e+00,1.541970360071822910e+01,1.000000000000000000e+00
7.270000000000000000e+02,4.113841041767587825e+01,4.710642084585876432e+01,-7.642329013208480105e-03,2.065417296606827051e+02,3.636862279789894181e-01,0.000000000000000000e+00,7.433857920430187782e+00,1.000000000000000000e+00
7.280000000000000000e+02,1.291938926694375880e+02,3.144720330542172348e+01,-4.026667854022751222e-03,1.128317121712251634e+02,3.146750762460088779e-01,0.000000000000000000e+00,6.822125284060783557e+00,1.000000000000000000e+00
7.280000000000000000e+02,3.847342769393252837e+01,2.259878391089002747e+01,-7.992933756588610147e-03,2.156286366432601369e+02,6.345512518178342276e-02,0.000000000000000000e+00,8.060254402286956221e+00,1.000000000000000000e+00
7.280000000000000000e+02,7.371066193234928221e+01,3.372585523359835946e+01,5.734397710933154813e-03,-1.570923294449917478e+02,3.121084780805998271e-01,0.000000000000000000e+00,7.943715551113127660e+00,1.000000000000000000e+00
7.290000000000000000e+02,1.149270464284752933e+02,1.719017084261600559e+01,-7.820519968877849212e-03,2.111600489215507253e+02,1.872950266164989941e-01,0.000000000000000000e+00,5.822448479039638691e+00,1.000000000000000000e+00
7.290000000000000000e+02,1.831947688093890036e+01,3.939529475675160342e+01,-6.527852546366190445e-02,1.700345695133532445e+03,1.210786714655009977e-02,0.000000000000000000e+00,3.531755617729240626e+00,1.000000000000000000e+00
7.290000000000000000e+02,7.918078516742116335e+01,9.560860314400569493e+00,3.810284365539985587e-03,-1.072235261168891611e+02,2.418971455749644450e-01,0.000000000000000000e+00,9.243791518179932609e+00,1.000000000000000000e+00
7.290000000000000000e+02,1.040771496648637964e+02,2.790529277646327699e+01,-3.491973057299863764e-02,9.135122295762660087e+02,2.144913769836120920e-02,0.000000000000000000e+00,9.027298425609465937e+00,1.000000000000000000e+00
7.290000000000000000e+02,6.911923391699085073e+01,2.724346327254121647e+01,3.434850043345082007e-03,-9.749309083822761579e+01,2.324281087277194624e-01,0.000000000000000000e+00,7.943715551113127660e+00,1.000000000000000000e+00
7.290000000000000000e+02,7.655190974982599528e+01,4.494731978066220535e+01,6.879574420452494281e-03,-1.867728013567304970e+02,1.620856157305422540e-01,0.000000000000000000e+00,1.157557582763496740e+01,1.000000000000000000e+00
7.290000000000000000e+02,9.037171717482510758e+01,5.309739676765771321e+01,-7.330014684434273294e-03,1.984472263532350098e+02,1.377780862169131204e-01,0.000000000000000000e+00,1.086662531118109776e+01,1.000000000000000000e+00
7.300000000000000000e+02,1.402056159077083635e+02,4.810652466959695062e+00,-6.528811040692938938e-02,1.700594115868133031e+03,2.574660385394378359e-02,0.000000000000000000e+00,1.632321656624896633e+01,1.000000000000000000e+00
7.300000000000000000e+02,1.140958678526554735e+02,7.777327506984065053e+00,-7.523962355269331673e-03,2.034739251576345680e+02,1.644735107452111045e-01,0.000000000000000000e+00,7.346523467395027041e+00,1.000000000000000000e+00
7.310000000000000000e+02,1.062556765203014209e+01,8.050325714427790658e+00,-6.181523530369841327e-03,1.686808512988581867e+02,1.203004339272896184e-01,0.000000000000000000e+00,1.132909429179389171e+01,1.000000000000000000e+00
7.310000000000000000e+02,4.246689539042225903e+01,7.425994712856752500e+00,3.957980771086343913e-03,-1.110514934339361446e+02,3.045790821522151859e-01,0.000000000000000000e+00,8.773978651670505613e+00,1.000000000000000000e+00
7.320000000000000000e+02,5.031679342667665367e+01,1.134540821494850960e+01,-4.844439816540716849e-03,1.340265701891719914e+02,1.943927260059675755e-01,0.000000000000000000e+00,7.681288983717186269e+00,1.000000000000000000e+00
7.320000000000000000e+02,1.272786438911737434e+02,3.799496746647550083e+01,-7.993957275881308569e-03,2.156551640214067049e+02,9.015124823980702473e-02,0.000000000000000000e+00,6.822125284060783557e+00,1.000000000000000000e+00
7.320000000000000000e+02,7.865973712520555239e+01,1.904981355404941823e+01,2.384385107764293733e-03,-7.026734064998079532e+01,4.616541612528578531e-01,0.000000000000000000e+00,9.503248110332545906e+00,1.000000000000000000e+00
7.320000000000000000e+02,4.200950778635743177e+01,2.984197648112744616e+01,3.394275167524576226e-03,-9.644147893230763202e+01,1.584494028000593691e-01,0.000000000000000000e+00,8.060254402286956221e+00,1.000000000000000000e+00
7.330000000000000000e+02,7.091648789666852792e+01,5.419716480602251529e+00,-7.222666159711056862e-03,1.956649877289869437e+02,1.534804942730078059e-01,0.000000000000000000e+00,9.243791518179932609e+00,1.000000000000000000e+00
7.330000000000000000e+02,3.582626125823968977e+01,4.801105393128464982e+01,-7.624702723849062849e-03,2.060848948491714623e+02,2.414780603695608763e-01,0.000000000000000000e+00,1.729244473388851233e+01,1.000000000000000000e+00
7.330000000000000000e+02,1.246168207511236119e+02,9.651816029028683630e+00,-3.905739134431475412e-02,1.020751333622397965e+03,8.682987976830236487e-02,0.000000000000000000e+00,5.294863616419053898e+00,1.000000000000000000e+00
7.330000000000000000e+02,5.314821018366860983e+01,1.848580593493583279e+01,-7.328767902938367225e-03,1.984149125078155862e+02,7.478726205436025953e-02,0.000000000000000000e+00,7.681288983717186269e+00,1.000000000000000000e+00
7.330000000000000000e+02,9.219337381137738419e+01,3.619022123589138573e+01,-4.861548848117882606e-03,1.344699988119705267e+02,1.731311013895541207e-01,0.000000000000000000e+00,6.956051995383125686e+00,1.000000000000000000e+00
7.330000000000000000e+02,8.892034576995288830e+01,4.232813185779868803e+01,-5.366493606380339995e-03,1.475570609133985442e+02,1.748501092637145815e-01,0.000000000000000000e+00,6.956051995383125686e+00,1.000000000000000000e+00
7.330000000000000000e+02,6.093566906000935290e+01,4.254849662415381317e+01,2.725060083793224164e-03,-7.909688981301167132e+01,3.262661071891892473e-01,0.000000000000000000e+00,1.223914570439438876e+01,1.000000000000000000e+00
7.340000000000000000e+02,1.069964064003131909e+02,5.888133460917896578e+00,-5.493709664254802470e-03,1.508542224790139699e+02,1.468365593903825372e-01,0.000000000000000000e+00,7.346523467395027041e+00,1.000000000000000000e+00
7.340000000000000000e+02,8.917693137362537925e+01,7.925680457412826563e+00,4.886715422994692901e-03,-1.351222613078253119e+02,3.378532872652344476e-01,0.000000000000000000e+00,5.232074138033609323e+00,1.000000000000000000e+00
7.350000000000000000e+02,4.914860406443498420e+00,4.789904853825046160e+01,5.044344392058877635e-03,-1.392076589149330914e+02,2.771680811557365454e-01,0.000000000000000000e+00,3.442624317287009017e+00,1.000000000000000000e+00
7.350000000000000000e+02,8.848150694933474725e+00,2.991258235799532628e+01,5.221307791740263313e-03,-1.437941626134353896e+02,3.445667957809690485e-01,0.000000000000000000e+00,7.742809887346593811e+00,1.000000000000000000e+00
7.350000000000000000e+02,4.960119235899360746e+01,3.479815716120210567e+01,-4.457620506673316829e-03,1.240010609677555067e+02,1.418136291774091395e-01,0.000000000000000000e+00,9.066278265305307116e+00,1.000000000000000000e+00
7.360000000000000000e+02,1.006605545077731279e+02,2.441403308475964096e+01,-7.483431202951363638e-03,2.024234464691282653e+02,3.013742856652280588e-01,0.000000000000000000e+00,4.633125010874516114e+00,1.000000000000000000e+00
7.360000000000000000e+02,6.918704767303074732e+01,2.944628864281062164e+01,4.339960329973805570e-03,-1.209515669109598264e+02,2.113007999084678401e-01,0.000000000000000000e+00,8.578162834870665776e+00,1.000000000000000000e+00
7.360000000000000000e+02,1.181122988632131552e+02,6.832518921781134402e+00,-8.349016533216574096e-03,2.248575222485185634e+02,2.762598585015376695e-01,0.000000000000000000e+00,7.089234173677761319e+00,1.000000000000000000e+00
7.360000000000000000e+02,9.406423588064728847e+01,1.961790628416553162e+01,-2.649631702071540695e-02,6.951958009750959491e+02,2.086559660040776532e-02,0.000000000000000000e+00,8.155626997229852293e+00,1.000000000000000000e+00
7.360000000000000000e+02,1.094566398623531853e+02,3.027028346156797767e+01,-4.690566358105678971e-03,1.300385071914883213e+02,2.219104596877525815e-01,0.000000000000000000e+00,1.019185090419006556e+01,1.000000000000000000e+00
7.360000000000000000e+02,1.509294652613298915e+01,3.449009587280064437e+01,-4.578380592457942030e-03,1.271308978779858307e+02,3.285263347621996122e-01,0.000000000000000000e+00,7.742809887346593811e+00,1.000000000000000000e+00
7.370000000000000000e+02,5.321323627358063391e+01,5.268073796573531098e+01,-9.522967406187439823e-03,2.552837574498942672e+02,7.017228693141996931e-02,0.000000000000000000e+00,1.273963432540206320e+01,1.000000000000000000e+00
7.370000000000000000e+02,4.273005152698247144e+01,5.102843120872606164e+00,-4.029484643606579333e-03,1.129047171873323947e+02,4.134702905172523701e-01,0.000000000000000000e+00,9.824880233689883724e+00,1.000000000000000000e+00
7.370000000000000000e+02,1.444084110297389500e+01,1.611621137628307565e+01,5.893383971666625067e-03,-1.612129050791510565e+02,2.310212790722729892e-01,0.000000000000000000e+00,1.347138817051601833e+01,1.000000000000000000e+00
7.370000000000000000e+02,7.209289011464942121e+01,3.751728345919131158e+01,-8.368105651807436832e-03,2.253522703895227153e+02,1.663603196623150149e-01,0.000000000000000000e+00,8.578162834870665776e+00,1.000000000000000000e+00
7.380000000000000000e+02,5.286603100160764512e+00,5.132154317807733435e+01,-7.662404082927192286e-03,2.070620314952900003e+02,1.069943565139915842e-01,0.000000000000000000e+00,3.442624317287009017e+00,1.000000000000000000e+00
7.380000000000000000e+02,1.217253179511959189e+02,1.408744363676229128e+01,-6.188401481625861213e-03,1.688591127299261530e+02,2.776844975874942500e-01,0.000000000000000000e+00,5.294863616419053898e+00,1.000000000000000000e+00
7.380000000000000000e+02,2.600866173193251640e+01,3.377576733720296431e+01,-8.610235577617624675e-03,2.316277477043006456e+02,1.282120558144277389e-01,0.000000000000000000e+00,1.093906320079064898e+01,1.000000000000000000e+00
7.380000000000000000e+02,1.388834316411318923e+02,4.186637132157261476e+01,-6.777780572804138932e-03,1.841345277952790411e+02,1.240780135344432544e-01,0.000000000000000000e+00,1.825263893325729825e+01,1.000000000000000000e+00
7.390000000000000000e+02,9.440247644623910617e+01,7.664378945816471500e+00,-1.389089329474653065e-02,3.684908289614592718e+02,1.400878191708314624e-01,0.000000000000000000e+00,5.232074138033609323e+00,1.000000000000000000e+00
7.390000000000000000e+02,7.227680121676074521e+01,1.328885832505261888e+01,3.647333725337748630e-03,-1.030002024504898230e+02,2.084849594115868454e-01,0.000000000000000000e+00,8.656188077968620220e+00,1.000000000000000000e+00
7.390000000000000000e+02,5.343935659309264707e+01,1.827993030391060714e+01,8.173305977941294417e-03,-2.203034895327878075e+02,1.889404122849719370e-01,0.000000000000000000e+00,9.162920421077144439e+00,1.000000000000000000e+00
7.390000000000000000e+02,1.367686758416693351e+02,1.743776526459672027e+01,-7.587685475153940762e-03,2.051254888457027334e+02,1.271102535679490275e-01,0.000000000000000000e+00,1.541191979056483241e+01,1.000000000000000000e+00
7.400000000000000000e+02,2.357809858699861749e+01,6.217280882974563383e+00,-6.525731225236662547e-02,1.699795895162249735e+03,1.266769296357550534e-02,0.000000000000000000e+00,8.542869990174002837e+00,1.000000000000000000e+00
7.400000000000000000e+02,1.042632445498004756e+02,2.150087812364480655e+01,-8.149157417884321519e-03,2.196776117512000610e+02,9.391232961062956353e-02,0.000000000000000000e+00,4.633125010874516114e+00,1.000000000000000000e+00
7.400000000000000000e+02,8.178186031950359336e+01,3.700096437323076515e+01,-4.150921961737778949e-03,1.160521064765738686e+02,2.841444555120585802e-01,0.000000000000000000e+00,9.702717610498567069e+00,1.000000000000000000e+00
7.400000000000000000e+02,1.080300997521627124e+02,4.175210519671930598e+01,-9.292514817534605620e-02,2.416885598562927498e+03,9.277833403408708435e-03,0.000000000000000000e+00,1.131074570016125591e+01,1.000000000000000000e+00
7.400000000000000000e+02,6.111413189975478844e+01,4.113922377173143019e+01,6.947118644256248567e-03,-1.885233996886236980e+02,2.209892132963573452e-01,0.000000000000000000e+00,5.819112681698623391e+00,1.000000000000000000e+00
7.410000000000000000e+02,5.936096167600914697e+01,1.128752700568974277e+01,-4.000444253557111640e-03,1.121520538874204220e+02,3.159367894550574318e-01,0.000000000000000000e+00,8.525915425664564395e+00,1.000000000000000000e+00
7.420000000000000000e+02,6.568213485864175993e+01,4.474414004952563317e+01,4.564355231604064027e-03,-1.267673912458519538e+02,3.994698808393336575e-01,0.000000000000000000e+00,4.815730733655052553e+00,1.000000000000000000e+00
7.430000000000000000e+02,1.262307984379611980e+02,2.871077551393688765e+01,-8.596780492964903320e-03,2.312790213821658085e+02,8.807459961881114463e-02,0.000000000000000000e+00,1.130479311110877205e+01,1.000000000000000000e+00
7.430000000000000000e+02,1.162064167869783091e+02,3.393668402829206343e+01,-7.789780821441423184e-03,2.103633575511327933e+02,1.391812217496719573e-01,0.000000000000000000e+00,1.029563626034609314e+01,1.000000000000000000e+00
7.430000000000000000e+02,1.063871451486381545e+02,5.862216484743047573e+00,3.656368010036068015e-03,-1.032343513211419719e+02,3.175878551228099589e-01,0.000000000000000000e+00,1.181926316179548486e+01,1.000000000000000000e+00
7.430000000000000000e+02,6.658815486600943245e+01,6.764374074381930058e+00,-8.517695249454799306e-03,2.292293050989732421e+02,5.774312381768131885e-02,0.000000000000000000e+00,8.525915425664564395e+00,1.000000000000000000e+00
7.430000000000000000e+02,1.059489914426402457e+01,4.039118838338345796e+01,3.535528333815601918e-03,-1.001024516011498378e+02,1.740738428348727052e-01,0.000000000000000000e+00,9.854965452675054749e+00,1.000000000000000000e+00
7.440000000000000000e+02,7.837503643828588906e+01,2.016961056883421577e+01,-4.987812565914402467e-03,1.377424778087746802e+02,1.372885795318231628e-01,0.000000000000000000e+00,9.194195139181857712e+00,1.000000000000000000e+00
7.440000000000000000e+02,4.383812918649225310e+01,2.887880326091984173e+01,3.075427425808726755e-03,-8.817764387222271694e+01,3.079984835386464503e-01,0.000000000000000000e+00,8.084008413774764534e+00,1.000000000000000000e+00
7.450000000000000000e+02,1.883317024391614325e+01,2.119246147365960908e+01,-4.139581191430835409e-03,1.157581785510801637e+02,3.249252278841145980e-01,0.000000000000000000e+00,1.227128495592087987e+01,1.000000000000000000e+00
7.450000000000000000e+02,1.208205789276315301e+02,5.282935612982313245e+01,-3.238780123605779389e-03,9.241138799081133470e+01,3.035172331606011964e-01,0.000000000000000000e+00,1.452248526841714948e+01,1.000000000000000000e+00
7.460000000000000000e+02,4.743102729633223191e+01,3.913587755195166551e+01,4.330574914890591466e-03,-1.207083175098483849e+02,2.821355130385537757e-01,0.000000000000000000e+00,7.002721841166442474e+00,1.000000000000000000e+00
7.460000000000000000e+02,1.312209876135362094e+02,1.803244855447552197e+01,-6.875838700490870606e-03,1.866759796780590364e+02,1.858274330254766626e-01,0.000000000000000000e+00,1.177758501994270723e+01,1.000000000000000000e+00
7.460000000000000000e+02,1.375762578831192400e+02,5.152023301138915201e+01,-3.150581340625058235e-02,8.250309744700583678e+02,3.869946744397767535e-02,0.000000000000000000e+00,1.680674211733470003e+01,1.000000000000000000e+00
7.460000000000000000e+02,1.427921257168969191e+02,1.583693679296460388e+01,7.040669640030130724e-03,-1.909480365846598886e+02,1.336348459243505982e-01,0.000000000000000000e+00,1.177758501994270723e+01,1.000000000000000000e+00
7.460000000000000000e+02,1.032671381867124438e+02,2.330491716710174188e+01,-9.841703838098014856e-03,2.635447076036398357e+02,4.673333510237498434e-01,0.000000000000000000e+00,6.621852348834068813e+00,1.000000000000000000e+00
7.460000000000000000e+02,1.001765867364996012e+02,3.292595094957628987e+01,-5.709079252647091332e-03,1.564361304638550791e+02,3.322533169711739953e-01,0.000000000000000000e+00,6.162071043841158335e+00,1.000000000000000000e+00
7.460000000000000000e+02,7.763069326809134907e+01,5.145366899432276142e+01,-4.260660222477207978e-03,1.188962818238761798e+02,2.868433850584474198e-01,0.000000000000000000e+00,1.027220146534312484e+01,1.000000000000000000e+00
7.470000000000000000e+02,3.454617988896321634e+01,1.335670047760703305e+01,-8.164967343879708100e-03,2.200873704028842042e+02,4.562264895159728884e-02,0.000000000000000000e+00,9.431956377231383470e+00,1.000000000000000000e+00
7.470000000000000000e+02,9.620654334299834431e+01,1.389769894406453332e+01,-1.254532140608539958e-02,3.336165529526548426e+02,8.269156831775226202e-02,0.000000000000000000e+00,9.617282096506366784e+00,1.000000000000000000e+00
7.470000000000000000e+02,1.108365525006206269e+02,2.515234093666286697e+01,-1.951063887953609355e-02,5.141423250091507953e+02,1.381853761712281692e-01,0.000000000000000000e+00,7.791598529181128718e+00,1.000000000000000000e+00
7.470000000000000000e+02,4.596453824051216053e+00,3.257204534761311265e+01,-5.140361177730964036e-03,1.416962036840560586e+02,2.758484041911409834e-01,0.000000000000000000e+00,9.854965452675054749e+00,1.000000000000000000e+00
7.470000000000000000e+02,2.150117028332293145e+01,3.317019958480294406e+01,-9.591189413598976213e-03,2.570519224482816867e+02,1.347882186621829348e-01,0.000000000000000000e+00,6.811736445018567565e+00,1.000000000000000000e+00
7.470000000000000000e+02,6.134463557263084965e+01,4.683635477151873516e+01,-1.035929786121808985e-02,2.769596109431840887e+02,1.628191347580398851e-01,0.000000000000000000e+00,4.815730733655052553e+00,1.000000000000000000e+00
7.470000000000000000e+02,4.417449130552694214e+01,4.616524703731432311e+01,5.646190014923852668e-03,-1.548061791748712892e+02,3.412118206782921437e-01,0.000000000000000000e+00,3.635850585996647233e+00,1.000000000000000000e+00
7.480000000000000000e+02,7.546344049177875490e+01,8.192838059794260275e+00,-5.919366447377739926e-02,1.542639426576162805e+03,1.030775342158518626e-02,0.000000000000000000e+00,8.989505230912747891e+00,1.000000000000000000e+00
7.480000000000000000e+02,4.781015445472650072e+01,4.612832889482974252e+01,-7.460204333694577840e-03,2.018214568942066762e+02,1.815130383675893633e-01,0.000000000000000000e+00,3.635850585996647233e+00,1.000000000000000000e+00
7.480000000000000000e+02,1.075446095186253075e+02,1.762466767146369762e+01,-3.350768763875443951e-02,8.769151696643552896e+02,4.101728133316140390e-02,0.000000000000000000e+00,7.110695839932451356e+00,1.000000000000000000e+00
7.490000000000000000e+02,9.790924596570290817e+01,2.719617910608821632e+01,-1.425806083191362254e-02,3.780070072797942657e+02,7.743016103088817825e-02,0.000000000000000000e+00,5.448884641747652857e+00,1.000000000000000000e+00
7.490000000000000000e+02,1.194841210112812604e+02,2.970138974857674441e+01,-8.491318817568782595e-02,2.209233144796520719e+03,8.334299452553040055e-03,0.000000000000000000e+00,9.771094423847536348e+00,1.000000000000000000e+00
7.490000000000000000e+02,2.651610504011922131e+01,3.777999163884081923e+01,-8.407637432040279343e-03,2.263768475426106193e+02,1.512167396458643509e-01,0.000000000000000000e+00,6.811736445018567565e+00,1.000000000000000000e+00
7.500000000000000000e+02,6.485962531272760145e+01,1.401246702385525111e+01,3.893293770599270519e-03,-1.093749480719395279e+02,2.082462319124072092e-01,0.000000000000000000e+00,1.209582480159221163e+01,1.000000000000000000e+00
7.500000000000000000e+02,1.254986691528539637e+02,3.908097258061737733e+01,-9.105844680435013980e-03,2.444728500654442769e+02,1.798935341413916422e-01,0.000000000000000000e+00,1.039126402751081635e+01,1.000000000000000000e+00
7.500000000000000000e+02,1.150221868243970214e+01,4.803475931844451452e+01,3.948058232006392346e-03,-1.107943229553475248e+02,4.067121602049088569e-01,0.000000000000000000e+00,1.693473092857096418e+01,1.000000000000000000e+00
7.500000000000000000e+02,4.013960277636252982e+01,4.793710624914643859e+01,-4.710987741201850577e-03,1.305677847102733153e+02,3.879336853503845273e-01,0.000000000000000000e+00,4.406791407513733994e+00,1.000000000000000000e+00
7.510000000000000000e+02,2.972324858923127522e+01,5.251076826088184824e+00,-7.629379078402874839e-03,2.062060957161031638e+02,1.368339998864436247e-01,0.000000000000000000e+00,9.431956377231383470e+00,1.000000000000000000e+00
7.510000000000000000e+02,1.320627454537729477e+02,4.931970598761076019e+00,-7.091628002203749330e-03,1.922687657128283547e+02,2.452909219761274517e-01,0.000000000000000000e+00,9.736790536157473142e+00,1.000000000000000000e+00
7.510000000000000000e+02,1.307352989957253726e+02,3.010566891008962997e+01,-6.150357301653404905e-03,1.678730909171427186e+02,2.514510016326044761e-01,0.000000000000000000e+00,8.379301935760365083e+00,1.000000000000000000e+00
7.510000000000000000e+02,7.105443396987125482e+01,3.208471170869096056e+01,-3.521367964368489652e-03,9.973544584200261909e+01,4.160232955134988142e-01,0.000000000000000000e+00,8.127022627195703564e+00,1.000000000000000000e+00
7.520000000000000000e+02,1.390722790159294391e+02,2.926455948001789409e+01,-8.153343255498317343e-03,2.197860994934817143e+02,1.236297849906409230e-01,0.000000000000000000e+00,8.379301935760365083e+00,1.000000000000000000e+00
7.520000000000000000e+02,1.426061210436178044e+02,9.310218676251560410e+00,-7.973415445312295041e-03,2.151227647679541803e+02,2.928312226901580440e-01,0.000000000000000000e+00,1.141629646849561652e+01,1.000000000000000000e+00
7.530000000000000000e+02,3.188443615517012120e+01,4.840114866649764735e+01,-1.039197596770509435e-02,2.778065558850904040e+02,7.854495946992945399e-02,0.000000000000000000e+00,8.268198794704348487e+00,1.000000000000000000e+00
7.530000000000000000e+02,8.076935057661124517e+00,1.876016682559000159e+01,-2.793248057472480506e-02,7.324180145174321979e+02,1.185483217034277725e-02,0.000000000000000000e+00,1.095394895034328897e+01,1.000000000000000000e+00
7.530000000000000000e+02,8.975702444825907378e+01,3.519274963145344515e+01,-5.339162686458920684e-03,1.468487033347763315e+02,1.613571202644303870e-01,0.000000000000000000e+00,1.141945076773021484e+01,1.000000000000000000e+00
7.530000000000000000e+02,9.091447240929674933e+01,1.979193639225116641e+01,-8.670390927213127499e-03,2.331868426013314775e+02,1.438571270647189815e-01,0.000000000000000000e+00,3.369814960917763003e+00,1.000000000000000000e+00
7.540000000000000000e+02,1.013196279635225210e+02,2.294651577024367484e+01,-8.758233600340161948e-03,2.354635322778909199e+02,1.110098710026525826e-01,0.000000000000000000e+00,5.448884641747652857e+00,1.000000000000000000e+00
7.540000000000000000e+02,5.202667311961950958e+01,1.214352342340635715e+01,-7.581367470170152778e-02,1.973393687156400347e+03,8.886973614297133395e-03,0.000000000000000000e+00,8.424390305491163744e+00,1.000000000000000000e+00
7.540000000000000000e+02,4.790499525857890006e+01,4.637915978427158592e+01,-2.622232103433346645e-02,6.880944251698268772e+02,1.218811863928892514e-02,0.000000000000000000e+00,7.920133685126695688e+00,1.000000000000000000e+00
7.550000000000000000e+02,4.451653282622598340e+01,3.051066306289317964e+01,-3.481639376618349963e-02,9.108339658929146481e+02,2.200728371387505877e-02,0.000000000000000000e+00,6.679468419315824690e+00,1.000000000000000000e+00
7.550000000000000000e+02,1.040478328587777384e+02,9.000571618903126847e+00,4.887874442315226498e-03,-1.351523005498936243e+02,1.665316262804916736e-01,0.000000000000000000e+00,1.421029416383785460e+01,1.000000000000000000e+00
7.550000000000000000e+02,7.557243178810082895e+01,3.884016820676892223e+01,-5.950762288359404129e-02,1.550776540863029595e+03,8.705656864254396332e-03,0.000000000000000000e+00,8.127022627195703564e+00,1.000000000000000000e+00
7.560000000000000000e+02,1.287129827359819103e+02,1.407440898682270536e+01,-9.541760942098215237e-03,2.557708447352758867e+02,9.429242142577820562e-02,0.000000000000000000e+00,8.862897290030678832e+00,1.000000000000000000e+00
7.560000000000000000e+02,1.189320085326537964e+02,2.519519452610050081e+01,-1.326721199330034226e-02,3.523263757416414705e+02,7.182451639682019273e-02,0.000000000000000000e+00,1.278399094302909056e+01,1.000000000000000000e+00
7.560000000000000000e+02,8.708157666139948461e+00,3.545692084351450291e+01,-8.999730195610251143e-03,2.417225950523188942e+02,8.593283422959951956e-02,0.000000000000000000e+00,8.661166708528510227e+00,1.000000000000000000e+00
7.560000000000000000e+02,3.625452968259889275e+01,3.401965189057855099e+01,4.619745051728266390e-03,-1.282029740574187997e+02,4.783503825525822206e-01,0.000000000000000000e+00,4.195778180970625826e+00,1.000000000000000000e+00
7.560000000000000000e+02,4.577987605752854705e+01,3.706957015512733022e+01,-8.235816223916017642e-03,2.219236181857948793e+02,4.667056963021027904e-01,0.000000000000000000e+00,4.276655227716128493e+00,1.000000000000000000e+00
7.570000000000000000e+02,1.549804597191252853e+01,2.681722028235107302e+01,-2.680855672827170064e-02,7.032883702640259571e+02,1.378271855658508294e-02,0.000000000000000000e+00,1.095394895034328897e+01,1.000000000000000000e+00
7.570000000000000000e+02,2.089772762977571219e+01,4.217826715924375236e+01,4.656143451113326989e-03,-1.291463408423003898e+02,1.802971592796863698e-01,0.000000000000000000e+00,3.064101536470505316e+00,1.000000000000000000e+00
7.590000000000000000e+02,9.561605955733139695e+01,4.032931821538453221e+01,-4.170108947822803031e-02,1.089270198487946345e+03,8.628385527071791294e-03,0.000000000000000000e+00,1.014009033804723536e+01,1.000000000000000000e+00
7.590000000000000000e+02,8.350541766710971814e+00,1.659548320478193517e+01,3.126145172191036915e-03,-8.949213676612610868e+01,2.977653075696724549e-01,0.000000000000000000e+00,3.458281763708667800e+00,1.000000000000000000e+00
7.590000000000000000e+02,4.230750478558119454e+01,3.956605121584187401e+01,3.087818584603225190e-03,-8.849879556653928603e+01,4.172223748700644164e-01,0.000000000000000000e+00,4.276655227716128493e+00,1.000000000000000000e+00
7.600000000000000000e+02,8.122034265611608816e+01,1.840387311500028034e+01,-9.528093339773112055e-03,2.554166104205723400e+02,9.746080411206659022e-02,0.000000000000000000e+00,1.201412833873523134e+01,1.000000000000000000e+00
7.600000000000000000e+02,1.376274949899784872e+02,1.467772741522207980e+01,-3.552499492826247107e-02,9.291993558915796712e+02,3.048443196848549253e-02,0.000000000000000000e+00,8.934904691864453241e+00,1.000000000000000000e+00
7.600000000000000000e+02,1.297922059867975690e+02,4.993078102197780765e+01,-7.055734791176712824e-03,1.913384923036204270e+02,9.101732538024664976e-02,0.000000000000000000e+00,2.479244546271787186e+01,1.000000000000000000e+00
7.600000000000000000e+02,4.479210149681870234e+01,2.065544124498463319e+01,-3.380110870068413556e-03,9.607437136776975706e+01,4.307447447985930378e-01,0.000000000000000000e+00,9.859073748197285880e+00,1.000000000000000000e+00
7.600000000000000000e+02,2.963200319712382935e+01,2.415764367459726003e+01,-4.786214143835379811e-03,1.325174882903633886e+02,3.065486054206972844e-01,0.000000000000000000e+00,5.770395394353106333e+00,1.000000000000000000e+00
7.600000000000000000e+02,3.261675886429768667e+01,3.611038812870744152e+01,-7.215178458656479159e-03,1.954709229187384096e+02,1.643296229410390330e-01,0.000000000000000000e+00,4.195778180970625826e+00,1.000000000000000000e+00
7.600000000000000000e+02,7.104585345088187864e+01,4.591534337420421252e+01,3.558790940174698554e-03,-1.007053674034846580e+02,3.891305389590822283e-01,0.000000000000000000e+00,7.417307002244311498e+00,1.000000000000000000e+00
7.610000000000000000e+02,2.372847324036850836e+01,4.100540846617347057e+01,-4.111887867627945017e-03,1.150404282576609347e+02,2.688046820001858128e-01,0.000000000000000000e+00,3.064101536470505316e+00,1.000000000000000000e+00
7.610000000000000000e+02,1.315913892390085849e+01,4.962397569744608106e+00,-7.863580124455069736e-03,2.122760738349994085e+02,7.048466596422386932e-02,0.000000000000000000e+00,9.298076049892365802e+00,1.000000000000000000e+00
7.610000000000000000e+02,1.232234431695672612e+02,7.116255228647968778e+00,-4.269332959482024029e-03,1.191210601702480432e+02,2.521578218731604926e-01,0.000000000000000000e+00,8.862897290030678832e+00,1.000000000000000000e+00
7.620000000000000000e+02,1.111637553248805972e+02,2.098594213970919853e+01,4.268143301188083438e-03,-1.190902268331007292e+02,2.885085945130398954e-01,0.000000000000000000e+00,4.871100293758519939e+00,1.000000000000000000e+00
7.620000000000000000e+02,7.104774643087840502e+01,2.479586543178860580e+01,-8.589213709969961349e-03,2.310829069412444028e+02,8.170780869193716711e-02,0.000000000000000000e+00,1.191947184548918948e+01,1.000000000000000000e+00
7.620000000000000000e+02,7.815243147924417144e+01,4.803972372911733402e+01,7.816463008298914564e-03,-2.110549013897251314e+02,7.357985878345962849e-02,0.000000000000000000e+00,7.417307002244311498e+00,1.000000000000000000e+00
7.620000000000000000e+02,5.490641652898835190e+01,2.145280467427350146e+01,-4.647190391239968202e-03,1.289142971411960730e+02,4.439928666009880232e-01,0.000000000000000000e+00,8.215544359937670293e+00,1.000000000000000000e+00
7.630000000000000000e+02,1.047068261776787779e+01,1.386332004551058006e+01,-6.983307799209783652e-03,1.894613433161698879e+02,1.356797524127902888e-01,0.000000000000000000e+00,3.458281763708667800e+00,1.000000000000000000e+00
7.630000000000000000e+02,8.587169300800707106e+01,3.752418851853127535e+01,-9.011463433923058014e-03,2.420266948888613001e+02,4.674464047407211886e-02,0.000000000000000000e+00,1.014009033804723536e+01,1.000000000000000000e+00
7.630000000000000000e+02,3.338818671749033484e+01,1.977717014214684355e+01,-5.062457145635890741e-03,1.396771018134115536e+02,3.660573284639315750e-01,0.000000000000000000e+00,5.770395394353106333e+00,1.000000000000000000e+00
7.640000000000000000e+02,1.212856906708016851e+02,2.664334773274287471e+01,-4.570814217506887801e-03,1.269347940126682062e+02,1.286357644973732395e-01,0.000000000000000000e+00,9.923013913934394026e+00,1.000000000000000000e+00
7.640000000000000000e+02,1.123388878035650436e+02,3.220643253901889835e+01,-8.602217337632153682e-03,2.314199324870576788e+02,7.416057087052829733e-02,0.000000000000000000e+00,9.865239226887693391e+00,1.000000000000000000e+00
7.640000000000000000e+02,3.798664563882454104e+01,2.917518007690222959e+01,-8.177323413545722203e-03,2.204076126638498181e+02,1.457015581847832530e-01,0.000000000000000000e+00,8.771134173700815495e+00,1.000000000000000000e+00
7.650000000000000000e+02,5.691649373972609993e+01,2.941865420442258738e+01,-7.304788592213081952e-03,1.977934212981808741e+02,8.505890741644306363e-02,0.000000000000000000e+00,8.215544359937670293e+00,1.000000000000000000e+00
7.660000000000000000e+02,1.395475275499917132e+02,6.181871002293936712e+00,-1.291026617712838845e-02,3.430751220418076173e+02,1.561675454826961795e-01,0.000000000000000000e+00,1.428257236600923008e+01,1.000000000000000000e+00
7.660000000000000000e+02,1.120884390844017418e+02,1.620341372717130923e+01,-7.810039073367711603e-03,2.108884070673175302e+02,8.765792857803067495e-02,0.000000000000000000e+00,4.871100293758519939e+00,1.000000000000000000e+00
7.660000000000000000e+02,1.680189311807681563e+01,3.850927624246892833e+01,3.156789568576863665e-03,-9.028637239685551208e+01,2.151218885380837831e-01,0.000000000000000000e+00,7.362621018953955598e+00,1.000000000000000000e+00
7.660000000000000000e+02,1.070690212497132165e+01,4.498353264655010975e+01,2.008115292521203861e-03,-6.051525122157712389e+01,4.619327601784002368e-01,0.000000000000000000e+00,5.269060728428648588e+00,1.000000000000000000e+00
7.670000000000000000e+02,2.657112806027819829e+01,3.811153536394563446e+01,7.145694816380093045e-03,-1.936700591081434766e+02,2.842516863895080403e-01,0.000000000000000000e+00,9.777328324362281720e+00,1.000000000000000000e+00
7.670000000000000000e+02,6.931563344154216111e+01,4.910067787238422454e+01,3.924634323422817803e-03,-1.101872265526711914e+02,2.905399011732727743e-01,0.000000000000000000e+00,7.429406979477034767e+00,1.000000000000000000e+00
7.670000000000000000e+02,4.378279975334832130e+01,5.279631275442537941e+01,-8.486793299610318614e-03,2.284283942467415045e+02,9.053554219183257423e-02,0.000000000000000000e+00,1.078758401483606200e+01,1.000000000000000000e+00
7.670000000000000000e+02,1.001826633880055937e+02,3.003054696333370188e+01,-7.330756709063935075e-03,1.984664580063025312e+02,1.594867899775621600e-01,0.000000000000000000e+00,1.145801560851418444e+01,1.000000000000000000e+00
7.680000000000000000e+02,9.195912547209854893e+01,1.187319275889949388e+01,-3.383418262887202821e-02,8.853772046524542247e+02,1.324988686523231873e-02,0.000000000000000000e+00,1.380962185991323210e+01,1.000000000000000000e+00
7.680000000000000000e+02,9.152238006279358018e+00,7.852676887840841502e+00,-4.877584819478222172e-03,1.348856160643837256e+02,1.688098587737524303e-01,0.000000000000000000e+00,6.153545917794484232e+00,1.000000000000000000e+00
7.680000000000000000e+02,1.395553569758692731e+02,2.046444122233419805e+01,-8.317142920023055594e-03,2.240314280106144906e+02,9.368211201315324033e-02,0.000000000000000000e+00,1.070429087974158833e+01,1.000000000000000000e+00
7.680000000000000000e+02,1.438018696141619444e+02,4.154067849511410770e+01,-5.396111516279404954e-03,1.483246922628106006e+02,2.442104790079502319e-01,0.000000000000000000e+00,5.674858024596378669e+00,1.000000000000000000e+00
7.680000000000000000e+02,5.039678685227460164e+01,2.019020844569944018e+01,3.070026718476724301e-03,-8.803766936790512432e+01,2.703364033191683058e-01,0.000000000000000000e+00,1.129914992466149037e+01,1.000000000000000000e+00
7.680000000000000000e+02,1.010593318614720459e+01,3.408074267121125445e+01,2.389622555409632882e-03,-7.040308382082464789e+01,4.104795566255335926e-01,0.000000000000000000e+00,8.027938029267730258e+00,1.000000000000000000e+00
7.690000000000000000e+02,5.412915373198945446e+01,4.974263820958545779e+01,-2.187764452502443530e-02,5.754899266429031286e+02,1.682583557598370527e-01,0.000000000000000000e+00,6.968131879018529595e+00,1.000000000000000000e+00
7.690000000000000000e+02,7.588333354125727226e+01,4.562772473896819747e+01,9.041960349725994620e-03,-2.428171081459241805e+02,6.366137266182103627e-02,0.000000000000000000e+00,7.429406979477034767e+00,1.000000000000000000e+00
7.690000000000000000e+02,1.558052468606231677e+01,7.360234195064378149e+00,-4.404080183298374196e-03,1.226134130607854331e+02,1.435794054823774646e-01,0.000000000000000000e+00,6.447121019737720893e+00,1.000000000000000000e+00
7.690000000000000000e+02,1.421090527062885478e+01,1.604505443098321038e+01,2.628419345052311271e-03,-7.659217354705367597e+01,4.035924516926746586e-01,0.000000000000000000e+00,4.962503898518381362e+00,1.000000000000000000e+00
7.690000000000000000e+02,1.126187265799857755e+02,2.181117031623143987e+01,4.724567154650301075e-03,-1.309197333624632336e+02,2.497535502177482547e-01,0.000000000000000000e+00,5.632773632067961778e+00,1.000000000000000000e+00
7.690000000000000000e+02,1.119805272831496268e+02,4.206516079073226422e+01,-7.210080059807355904e-03,1.953387835881195258e+02,1.922245975312592003e-01,0.000000000000000000e+00,9.865239226887693391e+00,1.000000000000000000e+00
7.700000000000000000e+02,1.244255280406103559e+01,5.185043459677746114e+01,-8.380173108082627359e-03,2.256650324235779124e+02,5.765036990757033131e-02,0.000000000000000000e+00,7.082854345097094217e+00,1.000000000000000000e+00
7.700000000000000000e+02,1.381270799862201670e+02,4.156854025978068279e+01,-5.297638424077291859e-03,1.457724854087316260e+02,2.052056062770267753e-01,0.000000000000000000e+00,4.255169456625466751e+00,1.000000000000000000e+00
7.710000000000000000e+02,2.514530656023364585e+01,1.761658025965923358e+01,3.471325284151005608e-03,-9.843844918442425751e+01,2.722880666058340449e-01,0.000000000000000000e+00,9.434744245960020592e+00,1.000000000000000000e+00
7.710000000000000000e+02,6.255612993834237301e+00,4.216413093148893410e+01,4.893368344216283451e-03,-1.352946904533073962e+02,2.877885517862434073e-01,0.000000000000000000e+00,4.159400400506991780e+00,1.000000000000000000e+00
7.710000000000000000e+02,5.467538530789680351e+01,4.279594885789597214e+01,-2.277210625986426928e-02,5.986724155778917975e+02,5.409198187664077118e-02,0.000000000000000000e+00,6.968131879018529595e+00,1.000000000000000000e+00
7.720000000000000000e+02,6.588817189454400136e+01,1.314863656234248701e+01,-3.036281341371244516e-02,7.954069182945839884e+02,1.579274693337950897e-02,0.000000000000000000e+00,1.682635832051232327e+01,1.000000000000000000e+00
7.720000000000000000e+02,1.037091509068773689e+02,1.912871191302238927e+01,-4.986072892485046183e-03,1.376973892840724147e+02,1.198238473364093837e-01,0.000000000000000000e+00,6.797492615792088522e+00,1.000000000000000000e+00
7.720000000000000000e+02,4.128602367401593654e+01,3.085806376278748786e+01,-8.948559165447268759e-03,2.403963540356948272e+02,9.222978452406738192e-02,0.000000000000000000e+00,8.686538704303041314e+00,1.000000000000000000e+00
7.720000000000000000e+02,1.382372484773221117e+02,3.108726726930384032e+01,7.025200886332497521e-03,-1.905471203716285231e+02,1.378048686582038496e-01,0.000000000000000000e+00,1.048185196410114628e+01,1.000000000000000000e+00
7.730000000000000000e+02,1.216824797454964227e+02,1.571462869341210045e+01,-3.945750141834666880e-03,1.107345023137450539e+02,1.861335309264451343e-01,0.000000000000000000e+00,1.092334386550533054e+01,1.000000000000000000e+00
7.730000000000000000e+02,2.121238140534736516e+01,2.619250579062896378e+01,-8.502097386943185953e-03,2.288250426682839134e+02,7.221079494934401488e-02,0.000000000000000000e+00,9.434744245960020592e+00,1.000000000000000000e+00
7.730000000000000000e+02,4.838921443172685599e+01,3.585812733447584577e+01,-8.169678730992243829e-03,2.202094792370025971e+02,1.370136397719797783e-01,0.000000000000000000e+00,7.672659347657821094e+00,1.000000000000000000e+00
7.730000000000000000e+02,9.750549147701178754e+01,4.579844508737955522e+01,-8.375399271497737871e-03,2.255413050359256601e+02,2.266511724042781228e-01,0.000000000000000000e+00,8.288151023311117527e+00,1.000000000000000000e+00
7.730000000000000000e+02,8.922816063590873625e+01,4.622181434953422041e+01,4.838683787936544009e-03,-1.338773865357766795e+02,2.312229342509578567e-01,0.000000000000000000e+00,8.288151023311117527e+00,1.000000000000000000e+00
7.730000000000000000e+02,1.291171760180687045e+02,4.813598108344177007e+01,-3.487621117857924152e-03,9.886080149965739849e+01,2.295882686141893503e-01,0.000000000000000000e+00,1.114942368410141960e+01,1.000000000000000000e+00
7.740000000000000000e+02,5.631697572747341951e+01,2.698765886385380952e+01,-9.378858445953248621e-03,2.515487688573861078e+02,5.626872175693053979e-02,0.000000000000000000e+00,7.596146564327910689e+00,1.000000000000000000e+00
7.740000000000000000e+02,1.209410467329352343e+02,2.722107664562193818e+01,8.344256931563671237e-03,-2.247341637991231380e+02,1.128472121051303789e-01,0.000000000000000000e+00,8.909152568797116700e+00,1.000000000000000000e+00
7.740000000000000000e+02,7.218166765448700062e+01,3.108983967993418673e+01,-8.051815418439222868e-03,2.171547203438334179e+02,5.741900300565183635e-02,0.000000000000000000e+00,1.317939111043515155e+01,1.000000000000000000e+00
7.740000000000000000e+02,1.038513088951016954e+02,1.233270595598174069e+01,4.046980389488199874e-03,-1.133581685978420523e+02,2.636163372432401841e-01,0.000000000000000000e+00,6.797492615792088522e+00,1.000000000000000000e+00
7.750000000000000000e+02,1.031772546821913750e+01,4.126978539581253358e+01,-1.410882756521352442e-02,3.741392078879883343e+02,3.241489844396594489e-02,0.000000000000000000e+00,4.159400400506991780e+00,1.000000000000000000e+00
7.750000000000000000e+02,1.147498620771417706e+02,4.574502945682273491e+01,4.029562263903901757e-03,-1.129067289354192241e+02,3.694127103433917370e-01,0.000000000000000000e+00,4.333431257803070480e+00,1.000000000000000000e+00
7.750000000000000000e+02,9.605671148602375808e+01,9.845052532536600509e+00,-5.055524059487765016e-03,1.394974114067078688e+02,2.985871254387924001e-01,0.000000000000000000e+00,8.181941598714990604e+00,1.000000000000000000e+00
7.750000000000000000e+02,1.407762995073705667e+02,1.222821805211081703e+01,-7.075238428039466038e-03,1.918439838502697228e+02,2.339169390726614228e-01,0.000000000000000000e+00,5.005175825282960567e+00,1.000000000000000000e+00
7.750000000000000000e+02,1.009960675243014521e+02,3.108477948800449653e+01,-7.551486358199861748e-03,2.041872870249232506e+02,1.432599048150942078e-01,0.000000000000000000e+00,7.372258556760976411e+00,1.000000000000000000e+00
7.750000000000000000e+02,9.443006546034378346e+01,3.443706424975118807e+01,-8.312922281068477887e-03,2.239220382938139267e+02,1.324981039587621590e-01,0.000000000000000000e+00,7.311891259321720682e+00,1.000000000000000000e+00
7.750000000000000000e+02,1.123941591713884804e+02,3.458463004985719635e+01,-4.756361028737558089e-03,1.317437609373938017e+02,3.184339697644953393e-01,0.000000000000000000e+00,7.429665856735075735e+00,1.000000000000000000e+00
7.750000000000000000e+02,1.423543670329123358e+02,4.205486456460913303e+01,2.495777417980669412e-03,-7.315438533668989862e+01,4.390088999419525795e-01,0.000000000000000000e+00,4.255169456625466751e+00,1.000000000000000000e+00
7.750000000000000000e+02,7.390873297295287614e+01,4.782194787031640004e+01,-4.293630768703950856e-03,1.197508061632755130e+02,2.115604697985357108e-01,0.000000000000000000e+00,4.402600582135566931e+00,1.000000000000000000e+00
7.760000000000000000e+02,8.865861447269161033e+01,2.994773163952122985e+01,-6.089178892732204779e-03,1.662874805633024948e+02,3.105599205099183191e-01,0.000000000000000000e+00,5.329297059076671061e+00,1.000000000000000000e+00
7.760000000000000000e+02,1.125479602103049075e+02,4.201270382326327280e+01,-5.530137741715424396e-03,1.517983584546071540e+02,2.352737248218204069e-01,0.000000000000000000e+00,4.333431257803070480e+00,1.000000000000000000e+00
7.770000000000000000e+02,5.595384233947186203e+01,3.457512067721862081e+01,-9.545579575952386694e-03,2.558698153604272818e+02,9.143605585028735661e-02,0.000000000000000000e+00,6.403725460067692055e+00,1.000000000000000000e+00
7.780000000000000000e+02,1.390608325386052968e+02,1.693023444096701269e+01,-7.990624680544088088e-03,2.155687904499942249e+02,1.208184682413432354e-01,0.000000000000000000e+00,5.005175825282960567e+00,1.000000000000000000e+00
7.780000000000000000e+02,1.419835370869866153e+02,5.324375572430778192e+01,-8.048482197798051407e-03,2.170683305659122198e+02,1.085917839607410951e-01,0.000000000000000000e+00,1.119503462399191740e+01,1.000000000000000000e+00
7.780000000000000000e+02,5.405944138337530092e+01,1.196278750285384973e+01,3.086371338363163089e-03,-8.846128611405001152e+01,3.046752682998553619e-01,0.000000000000000000e+00,3.809351213055981233e+00,1.000000000000000000e+00
7.780000000000000000e+02,6.504836456839414893e+01,2.000776689891730342e+01,4.138992393960053140e-03,-1.157429182103414860e+02,3.981143407651499544e-01,0.000000000000000000e+00,1.117837389487130473e+01,1.000000000000000000e+00
7.780000000000000000e+02,1.288741134403157389e+02,3.127563606809379593e+01,3.475969032839749777e-03,-9.855880497875341462e+01,2.681143791721840586e-01,0.000000000000000000e+00,8.909152568797116700e+00,1.000000000000000000e+00
7.790000000000000000e+02,1.084327739023663781e+02,1.776397499161793192e+01,-6.723437458996602521e-03,1.827260733187310677e+02,9.259430278298619310e-02,0.000000000000000000e+00,7.105526366867641386e+00,1.000000000000000000e+00
7.790000000000000000e+02,1.193767540148565018e+02,1.577002103808561628e+01,2.354312888409828674e-03,-6.948793459460574695e+01,3.506806600885343794e-01,0.000000000000000000e+00,7.336345860765819182e+00,1.000000000000000000e+00
7.790000000000000000e+02,6.965067882389671183e+01,4.894081638338038687e+01,3.889849685419266827e-03,-1.092856849280098572e+02,2.143342897619808785e-01,0.000000000000000000e+00,4.402600582135566931e+00,1.000000000000000000e+00
7.800000000000000000e+02,3.575608925021273876e+01,9.380200308275004062e+00,-8.264989044296140036e-03,2.226797137898015819e+02,6.090552129879434062e-02,0.000000000000000000e+00,8.002908738222654250e+00,1.000000000000000000e+00
7.800000000000000000e+02,3.553526135445984124e+01,4.949768678174428516e+01,-9.113294190863073518e-02,2.370435537784435837e+03,7.075811442952884001e-03,0.000000000000000000e+00,1.276668894187744741e+01,1.000000000000000000e+00
7.800000000000000000e+02,1.169328639830708312e+02,5.216085635129334008e+01,-3.059605420485219524e-02,8.014520087094953169e+02,1.067832702292892399e-02,0.000000000000000000e+00,6.777044493073824505e+00,1.000000000000000000e+00
7.800000000000000000e+02,1.409446145577414313e+02,5.812053782480306019e+00,-1.792721991498679585e-02,4.731035737743779350e+02,1.267958414487462271e-01,0.000000000000000000e+00,6.418371591849802549e+00,1.000000000000000000e+00
7.800000000000000000e+02,2.576951038466760835e+01,1.592459469849790921e+01,2.957073818395725487e-03,-8.511017761022638695e+01,4.134446354309870841e-01,0.000000000000000000e+00,4.436442126156069143e+00,1.000000000000000000e+00
7.800000000000000000e+02,8.688437524932130884e+01,2.492244733690335678e+01,3.491368455231046337e-03,-9.895792427618806641e+01,3.318298076662093976e-01,0.000000000000000000e+00,5.329297059076671061e+00,1.000000000000000000e+00
7.810000000000000000e+02,5.605300306887841089e+01,8.716733210254128394e+00,-6.816089985867386861e-03,1.851274238688083358e+02,5.735598296396016149e-02,0.000000000000000000e+00,3.809351213055981233e+00,1.000000000000000000e+00
7.810000000000000000e+02,1.060865763280466112e+01,1.129872747092338514e+01,3.955326020503970377e-03,-1.109826881138158399e+02,3.300462873982933365e-01,0.000000000000000000e+00,1.585087075749525809e+01,1.000000000000000000e+00
7.810000000000000000e+02,7.608074150727955498e+01,1.711371419263031868e+01,2.272300346089425882e-03,-6.736234913821563453e+01,3.617108620512374806e-01,0.000000000000000000e+00,1.140565131802728516e+01,1.000000000000000000e+00
7.820000000000000000e+02,3.012156097555456213e+01,1.506338950048021097e+01,-3.306255129229461465e-03,9.416019233909281638e+01,3.166790550274388716e-01,0.000000000000000000e+00,4.436442126156069143e+00,1.000000000000000000e+00
7.820000000000000000e+02,1.016839655675133258e+02,2.335915447807651901e+01,-5.632496148477159244e-03,1.544512641516651570e+02,3.257302560664296909e-01,0.000000000000000000e+00,8.205560802768657069e+00,1.000000000000000000e+00
7.820000000000000000e+02,4.959042959025505581e+01,3.385771008974156615e+01,-6.510357918925563370e-02,1.695811470903842974e+03,1.054647731979574399e-02,0.000000000000000000e+00,6.403725460067692055e+00,1.000000000000000000e+00
7.820000000000000000e+02,6.906834250611845505e+01,4.026814366837919579e+01,-1.019366907136019622e-02,2.726668755039383427e+02,9.281905095264764149e-02,0.000000000000000000e+00,8.692201539801621024e+00,1.000000000000000000e+00
7.830000000000000000e+02,9.965476651439352906e+01,4.675260165363341969e+01,2.521286029776254132e-03,-7.381551268028046309e+01,3.901115108941211052e-01,0.000000000000000000e+00,1.665522548858615082e+01,1.000000000000000000e+00
7.830000000000000000e+02,1.104044133866763957e+02,3.321574289428466642e+01,-4.100467796404390353e-03,1.147444450261096733e+02,2.452800315268660603e-01,0.000000000000000000e+00,6.005628406833706023e+00,1.000000000000000000e+00
7.840000000000000000e+02,1.022379974998111294e+02,1.072174634411861227e+01,-8.465822833740484221e-03,2.278848857051759751e+02,6.940853153294268552e-02,0.000000000000000000e+00,5.333647305001715466e+00,1.000000000000000000e+00
7.840000000000000000e+02,1.145133064611481046e+02,1.027740340337777347e+01,-2.778148832525451171e-03,8.047283389437320977e+01,3.311486836458974459e-01,0.000000000000000000e+00,7.336345860765819182e+00,1.000000000000000000e+00
7.850000000000000000e+02,5.917491228726101582e+01,4.603726025061967420e+01,-9.000436151642013730e-03,2.417408918863336567e+02,1.884894230355378397e-01,0.000000000000000000e+00,9.634067385300102870e+00,1.000000000000000000e+00
7.850000000000000000e+02,1.287835920971420194e+02,4.475288440765769593e+01,-4.909479591899218454e-03,1.357122587031167598e+02,2.379165831749916471e-01,0.000000000000000000e+00,9.776605966402735604e+00,1.000000000000000000e+00
7.860000000000000000e+02,1.048512671450636446e+02,3.092879309592219883e+01,-4.332483296363000801e-03,1.207577785774878976e+02,2.094758161380239070e-01,0.000000000000000000e+00,6.005628406833706023e+00,1.000000000000000000e+00
7.860000000000000000e+02,1.264427801649824801e+02,1.859264247036730922e+01,-7.237677358087505480e-03,1.960540451103239548e+02,2.767552304531882834e-01,0.000000000000000000e+00,6.545529690163331971e+00,1.000000000000000000e+00
7.860000000000000000e+02,1.003191517990995685e+01,5.043550312472508779e+01,-2.547851517031533147e-02,6.688166064093991281e+02,2.166093796554768858e-02,0.000000000000000000e+00,1.797593623153429121e+01,1.000000000000000000e+00
7.860000000000000000e+02,3.569670281126811773e+01,9.648249744999255029e+00,9.580299928675426943e-03,-2.567696908514284928e+02,2.147361748473023413e-01,0.000000000000000000e+00,3.161633868188532759e+00,1.000000000000000000e+00
7.860000000000000000e+02,1.264804381319063964e+02,1.204722110865675511e+01,-3.120788795583655153e-03,8.935331121708851754e+01,4.598571224753640330e-01,0.000000000000000000e+00,6.545529690163331971e+00,1.000000000000000000e+00
7.870000000000000000e+02,3.117785311384433555e+01,2.282970365182323391e+01,-8.953765551643679335e-03,2.405312921618195503e+02,1.168382007923188803e-01,0.000000000000000000e+00,3.751948662606913842e+00,1.000000000000000000e+00
7.870000000000000000e+02,5.430851111662627773e+01,2.058717557361735473e+01,4.784357731981827080e-03,-1.324693741614102009e+02,1.970542445995768777e-01,0.000000000000000000e+00,8.571896107266121945e+00,1.000000000000000000e+00
7.870000000000000000e+02,2.787481841048553477e+01,4.825259504042498548e+01,-3.693590799205618419e-02,9.657671320362857159e+02,7.390405995126858585e-03,0.000000000000000000e+00,1.797593623153429121e+01,1.000000000000000000e+00
7.870000000000000000e+02,7.931689377972912780e+01,1.690287231546665581e+01,-2.492033033030869107e-03,7.305733908050474668e+01,3.180558743473463901e-01,0.000000000000000000e+00,1.631302440852353897e+01,1.000000000000000000e+00
7.880000000000000000e+02,1.071432983822813014e+02,8.627512157932786252e+00,-7.431636031153273682e-03,2.010810290684441952e+02,1.194410001718779757e-01,0.000000000000000000e+00,5.046810790073729791e+00,1.000000000000000000e+00
7.880000000000000000e+02,5.193652884348570353e+01,1.211875227386006415e+01,6.189969402222993654e-03,-1.688997497974251587e+02,8.131246435850192356e-02,0.000000000000000000e+00,8.794344380791855542e+00,1.000000000000000000e+00
7.880000000000000000e+02,3.790388705824822324e+01,2.366913380073116713e+01,-9.614587628405538502e-03,2.576583529245376099e+02,9.977082790673263979e-02,0.000000000000000000e+00,6.778213304121441851e+00,1.000000000000000000e+00
7.880000000000000000e+02,1.284618115134000504e+02,3.034263997992185935e+01,-2.610084647590467377e-02,6.849460706936430370e+02,1.943283956438468518e-02,0.000000000000000000e+00,8.500651024513924625e+00,1.000000000000000000e+00
7.880000000000000000e+02,1.373543242944900271e+02,3.296672363834750996e+01,-3.433464232137391908e-02,8.983480236734716300e+02,1.462629755875499704e-02,0.000000000000000000e+00,9.271601728302673706e+00,1.000000000000000000e+00
7.880000000000000000e+02,8.141201532727211543e+01,3.660395894662170946e+01,-2.461585799975924208e-02,6.464584221158181663e+02,1.181071995581051137e-02,0.000000000000000000e+00,1.377962740479576631e+01,1.000000000000000000e+00
7.880000000000000000e+02,3.642475091632717010e+01,6.571583582869098272e+00,-9.415517145896210027e-03,2.524988820625652295e+02,1.956131160737522023e-01,0.000000000000000000e+00,3.161633868188532759e+00,1.000000000000000000e+00
7.880000000000000000e+02,1.217487422165097399e+02,5.154206045334023401e+01,-9.573647174733083270e-03,2.565972660414580560e+02,5.542003984757160051e-02,0.000000000000000000e+00,9.776605966402735604e+00,1.000000000000000000e+00
7.890000000000000000e+02,9.343809084911235630e+01,8.735463994540900501e+00,-8.053456622980343163e-03,2.171972567706391999e+02,9.726748540539487120e-02,0.000000000000000000e+00,9.021290075884737192e+00,1.000000000000000000e+00
7.890000000000000000e+02,5.572430581785416592e+01,3.704234116383569386e+01,-3.169555270025135180e-02,8.299486013649560618e+02,8.424356194186322089e-02,0.000000000000000000e+00,7.789182113640799265e+00,1.000000000000000000e+00
7.890000000000000000e+02,7.097922783274975700e+01,5.003876749138891711e+01,-4.014944305980668211e-03,1.125278634852743238e+02,3.085907498987663367e-01,0.000000000000000000e+00,3.236038087109459838e+00,1.000000000000000000e+00
7.900000000000000000e+02,1.048154019917120081e+02,1.603960595071066919e+01,-4.820252807354612548e-03,1.333996958903762788e+02,3.505050656841299794e-01,0.000000000000000000e+00,5.414015234216092765e+00,1.000000000000000000e+00
7.900000000000000000e+02,5.811697828713757730e+00,3.187593719851018292e+01,3.766286013143541143e-03,-1.060831851969156787e+02,2.572279625858346908e-01,0.000000000000000000e+00,8.651059461320246058e+00,1.000000000000000000e+00
7.900000000000000000e+02,9.422249382060762457e+01,4.943917815048860120e+01,-3.474891299507558429e-02,9.090850121159107857e+02,1.950011376064064716e-02,0.000000000000000000e+00,1.149507568364830590e+01,1.000000000000000000e+00
7.900000000000000000e+02,1.837892967816780754e+01,1.067205720042258754e+01,4.063359765145167606e-03,-1.137826861374299057e+02,2.230971250728706057e-01,0.000000000000000000e+00,1.108064027064315127e+01,1.000000000000000000e+00
7.900000000000000000e+02,1.327072841546780069e+02,2.297806056947824516e+01,-8.027449313032229347e-03,2.165232042632852369e+02,2.180937786237479026e-01,0.000000000000000000e+00,7.646953781795790661e+00,1.000000000000000000e+00
7.910000000000000000e+02,5.446994389291192817e+01,2.935482308836315823e+01,-3.397995830638603221e-02,8.891553909060719434e+02,3.573115013817351748e-02,0.000000000000000000e+00,6.762727453121002874e+00,1.000000000000000000e+00
7.910000000000000000e+02,1.192173037809188259e+02,1.946070603015459000e+01,-5.415286381453177263e-03,1.488216627674241863e+02,2.945536250498815845e-01,0.000000000000000000e+00,7.135527322463193656e+00,1.000000000000000000e+00
7.910000000000000000e+02,4.576332532639500528e+01,2.126334321865343568e+01,4.131088152701719099e-03,-1.155380575904027012e+02,2.653037318373632214e-01,0.000000000000000000e+00,8.219403762781336553e+00,1.000000000000000000e+00
7.910000000000000000e+02,9.198022311794089134e+00,2.391518118550555982e+01,-4.024076908806992897e-03,1.127645605464480241e+02,3.604059279066097465e-01,0.000000000000000000e+00,3.344558534423497598e+00,1.000000000000000000e+00
7.920000000000000000e+02,1.027155669028327338e+02,1.104939016821836262e+01,6.624018603401714625e-03,-1.801493543491147307e+02,2.095839288696235148e-01,0.000000000000000000e+00,5.046810790073729791e+00,1.000000000000000000e+00
7.920000000000000000e+02,8.072294003216290648e+00,2.076576734076371267e+01,5.105311338116199499e-03,-1.407877886145305695e+02,2.412244548914911357e-01,0.000000000000000000e+00,3.344558534423497598e+00,1.000000000000000000e+00
7.920000000000000000e+02,1.217628902573305822e+02,1.279469225423660639e+01,-4.787809004846620142e-03,1.325588235943857001e+02,3.348991006809974857e-01,0.000000000000000000e+00,7.135527322463193656e+00,1.000000000000000000e+00
7.920000000000000000e+02,1.229641274281428309e+02,3.757926739618726941e+01,3.165205474415309049e-03,-9.050449424195893755e+01,3.559721704149932942e-01,0.000000000000000000e+00,9.088085973577422649e+00,1.000000000000000000e+00
7.920000000000000000e+02,7.309825209396075252e+01,4.759302043136364802e+01,4.188702811172160569e-03,-1.170313033386105133e+02,1.792178547861326132e-01,0.000000000000000000e+00,3.236038087109459838e+00,1.000000000000000000e+00
7.930000000000000000e+02,1.220774821512937969e+01,4.437281486565442634e+01,4.241643207959519199e-03,-1.184034024625116786e+02,1.621766441526464320e-01,0.000000000000000000e+00,7.224364853719847268e+00,1.000000000000000000e+00
7.930000000000000000e+02,8.420811391937832013e+01,5.130233587193562705e+00,-7.865128662729661824e-03,2.123162085551532812e+02,9.175504754591046197e-02,0.000000000000000000e+00,9.909094833206733455e+00,1.000000000000000000e+00
7.930000000000000000e+02,9.495458921125853635e+01,3.016628438278729263e+01,-8.492052820205346284e-03,2.285647095000926470e+02,1.977407345397248495e-01,0.000000000000000000e+00,6.440111292254964148e+00,1.000000000000000000e+00
7.930000000000000000e+02,2.821668566481064389e+01,3.609969928293645580e+01,-8.539845430268968793e-03,2.298033892678442953e+02,7.315800728511490103e-02,0.000000000000000000e+00,7.303883729250384427e+00,1.000000000000000000e+00
7.930000000000000000e+02,1.010228632613336828e+02,2.800964729931346753e+01,-8.960552515400116783e-03,2.407071953961976760e+02,1.293957531356981772e-01,0.000000000000000000e+00,6.440111292254964148e+00,1.000000000000000000e+00
7.930000000000000000e+02,1.081212036747655816e+02,4.688871581445460635e+01,-7.315611569476716293e-03,1.980739291621676728e+02,1.449734152614569060e-01,0.000000000000000000e+00,1.403629507674767218e+01,1.000000000000000000e+00
7.940000000000000000e+02,7.326620291118934425e+00,1.146391957504971693e+01,-9.689107843078671733e-03,2.595897536595307429e+02,6.076850058714911018e-02,0.000000000000000000e+00,6.336438239432141017e+00,1.000000000000000000e+00
7.940000000000000000e+02,4.733911759597437907e+01,3.684515018525480912e+01,-6.105942222909730224e-03,1.667219493630478837e+02,2.834817179242157259e-01,0.000000000000000000e+00,6.596350829954066519e+00,1.000000000000000000e+00
7.940000000000000000e+02,1.214297282772488700e+02,5.143095678052832653e+01,9.366364216300887210e-03,-2.512249457922004865e+02,1.542457884404799806e-01,0.000000000000000000e+00,3.064602103126773613e+00,1.000000000000000000e+00
7.950000000000000000e+02,9.702611363047483906e+01,3.829124197671532670e+01,-4.206858891330984666e-03,1.175018691671868112e+02,1.744407672300376522e-01,0.000000000000000000e+00,8.384876225832929464e+00,1.000000000000000000e+00
7.960000000000000000e+02,1.301624249300211886e+02,4.831831839275429985e+01,-7.322885584819898569e-03,1.982624557068347144e+02,2.291007593446992008e-01,0.000000000000000000e+00,6.616929346468697126e+00,1.000000000000000000e+00
7.960000000000000000e+02,1.267831090665351752e+02,1.826886868654055007e+01,9.816391846265513227e-03,-2.628886762188153625e+02,2.161349841588819931e-01,0.000000000000000000e+00,3.842814476486122288e+00,1.000000000000000000e+00
7.960000000000000000e+02,8.475081334342496575e+01,3.405262637561072125e+01,4.720663358441563699e-03,-1.308185555156213979e+02,1.426489900555092394e-01,0.000000000000000000e+00,1.010989521942751068e+01,1.000000000000000000e+00
7.960000000000000000e+02,5.389242846374467177e+01,3.609284642865148385e+01,-8.742695087404309465e-03,2.350608080582057937e+02,1.697100310674134471e-01,0.000000000000000000e+00,6.596350829954066519e+00,1.000000000000000000e+00
7.960000000000000000e+02,8.586798938975591966e+01,2.400464652743688276e+01,-5.227252719616938027e-03,1.439482421222083417e+02,1.917513694136804281e-01,0.000000000000000000e+00,6.732273531835343938e+00,1.000000000000000000e+00
7.960000000000000000e+02,1.244815007355988286e+02,5.171108338216711076e+01,-9.257977572690869253e-03,2.484158014003056962e+02,1.549950364066418063e-01,0.000000000000000000e+00,3.064602103126773613e+00,1.000000000000000000e+00
7.970000000000000000e+02,1.219398539884404471e+02,4.881206149907907133e+00,-7.724384207884571474e-03,2.086684205727064239e+02,1.096913067818270360e-01,0.000000000000000000e+00,7.915464514829924525e+00,1.000000000000000000e+00
7.970000000000000000e+02,1.069590456887995060e+02,1.513077042267529571e+01,2.419842648631989005e-03,-7.118632244295200451e+01,4.080923411952928070e-01,0.000000000000000000e+00,5.887680102419031059e+00,1.000000000000000000e+00
7.980000000000000000e+02,6.523144716413904121e+01,1.404023112176581201e+01,-7.478689712987124372e-03,2.023005574350310951e+02,1.153128406648493698e-01,0.000000000000000000e+00,5.005641148711260868e+00,1.000000000000000000e+00
7.980000000000000000e+02,5.002220430510331539e+01,1.526757845205706232e+01,-6.862892876750301477e-03,1.863404522832803423e+02,1.354881062165771421e-01,0.000000000000000000e+00,4.111221965214270746e+00,1.000000000000000000e+00
7.980000000000000000e+02,9.257974221408282745e+01,2.347940283866898170e+01,-6.689187930868026842e-03,1.818384005699225838e+02,2.262502809861739461e-01,0.000000000000000000e+00,5.716325026615834304e+00,1.000000000000000000e+00
7.980000000000000000e+02,1.896375047850412798e+01,4.693169762126044731e+01,-7.243812806720836481e-03,1.962130624997921018e+02,1.736017981941436750e-01,0.000000000000000000e+00,7.224364853719847268e+00,1.000000000000000000e+00
7.990000000000000000e+02,7.512963996542239897e+01,1.311783303305339565e+01,-5.296221170255291030e-03,1.457357532940229987e+02,1.757083562009983391e-01,0.000000000000000000e+00,7.026433718321234423e+00,1.000000000000000000e+00
7.990000000000000000e+02,7.229849273404009580e+01,4.360129588906513476e+01,-7.037676026387715451e-03,1.908704486762700867e+02,1.059971259497030083e-01,0.000000000000000000e+00,7.915849386823409439e+00,1.000000000000000000e+00
7.990000000000000000e+02,8.280802716876593195e+00,1.772810231987071461e+01,-9.413890460059956555e-03,2.524567219287878004e+02,9.231670465374708368e-02,0.000000000000000000e+00,3.670694815935581001e+00,1.000000000000000000e+00
7.990000000000000000e+02,1.254075780737578611e+02,2.713632286043488051e+01,2.775784571749869128e-03,-8.041155743375506404e+01,4.269328741549639483e-01,0.000000000000000000e+00,7.776577109829059253e+00,1.000000000000000000e+00
7.990000000000000000e+02,1.291871451248583114e+01,3.388727235496298817e+01,-3.613701144205104521e-02,9.450614833659030865e+02,9.595424078374548138e-03,0.000000000000000000e+00,1.437704734493401837e+01,1.000000000000000000e+00
8.000000000000000000e+02,5.207941764480007407e+01,4.257431610186806381e+01,-8.565289661089336287e-03,2.304628479975775406e+02,2.951004930210088251e-01,0.000000000000000000e+00,5.563677199144736463e+00,1.000000000000000000e+00
8.000000000000000000e+02,9.003481548706481874e+00,7.744796588414294192e+00,-7.071760174143638597e-03,1.917538351280691700e+02,1.322852590605534395e-01,0.000000000000000000e+00,4.088797932998817330e+00,1.000000000000000000e+00
8.000000000000000000e+02,5.341253672011717413e+01,1.294211244220729817e+01,5.090290544708707746e-03,-1.403984825510059125e+02,3.209143628554249617e-01,0.000000000000000000e+00,4.111221965214270746e+00,1.000000000000000000e+00
8.000000000000000000e+02,9.517792869023033120e+01,2.857114113173538072e+01,6.489340039216609686e-03,-1.766587809658269350e+02,3.769361696998585476e-01,0.000000000000000000e+00,4.352657434739051645e+00,1.000000000000000000e+00
8.000000000000000000e+02,6.363039298980611136e+01,3.912452634636930782e+01,-8.681160169337964055e-03,2.334659577682222391e+02,1.487190496512816873e-01,0.000000000000000000e+00,5.868887241574106461e+00,1.000000000000000000e+00
8.010000000000000000e+02,4.446504447218106293e+01,1.192142273425420385e+01,-7.310150842148585744e-03,1.979323990710184376e+02,1.628231954715144703e-01,0.000000000000000000e+00,6.486816129383446317e+00,1.000000000000000000e+00
8.010000000000000000e+02,9.552619551383968144e+01,3.290984335287964768e+01,-8.431149001931047965e-03,2.269862159343558119e+02,1.923539952706628808e-01,0.000000000000000000e+00,4.352657434739051645e+00,1.000000000000000000e+00
8.010000000000000000e+02,2.816146175787106287e+01,1.576395050499712625e+01,7.144072646006515218e-03,-1.936280160052679093e+02,9.202135271498501634e-02,0.000000000000000000e+00,8.481356716480151547e+00,1.000000000000000000e+00
8.010000000000000000e+02,1.297637507291076702e+02,2.069435799388213937e+01,8.492088256109232847e-03,-2.285656279211024469e+02,1.028284710251992085e-01,0.000000000000000000e+00,3.842814476486122288e+00,1.000000000000000000e+00
8.010000000000000000e+02,5.812775360812134551e+01,4.116530984528417747e+01,-7.271429019945779663e-03,1.969288142559342134e+02,2.957833193316136144e-01,0.000000000000000000e+00,5.868887241574106461e+00,1.000000000000000000e+00
8.010000000000000000e+02,6.164709344392017698e+01,5.064535353983305299e+01,-6.636150361471762626e-03,1.804637829448458035e+02,3.130457689498558072e-01,0.000000000000000000e+00,1.011221940675717512e+01,1.000000000000000000e+00
8.020000000000000000e+02,6.025980111461388589e+01,1.462262177065391633e+01,7.670395506134903944e-03,-2.072691516803930369e+02,1.143368454408429935e-01,0.000000000000000000e+00,5.005641148711260868e+00,1.000000000000000000e+00
8.020000000000000000e+02,9.052210785802492410e+01,4.390116000873621260e+01,-5.019459931933431887e-03,1.385627082154885557e+02,1.731440803031430997e-01,0.000000000000000000e+00,7.646585747691291957e+00,1.000000000000000000e+00
8.020000000000000000e+02,8.003067335961853246e+01,4.529659948674373737e+01,-4.453837237324185898e-03,1.239030069131122218e+02,2.330328123847278388e-01,0.000000000000000000e+00,7.915849386823409439e+00,1.000000000000000000e+00
8.020000000000000000e+02,1.389417258089762868e+02,4.848457881102221734e+01,-7.936886339334434451e-03,2.141760103544874028e+02,1.294612141297519781e-01,0.000000000000000000e+00,9.168141287625964253e+00,1.000000000000000000e+00
8.020000000000000000e+02,2.762958333670766109e+01,4.945652198164690816e+01,-2.750895595519904299e-02,7.214411840691074076e+02,2.114318220256539149e-02,0.000000000000000000e+00,6.465524643439592545e+00,1.000000000000000000e+00
8.020000000000000000e+02,8.495036723538264312e+01,2.426670743765070881e+01,-8.036894000162563695e-03,2.167679898660283300e+02,1.111755688449695967e-01,0.000000000000000000e+00,7.669889901243316821e+00,1.000000000000000000e+00
8.030000000000000000e+02,1.399379025033498465e+02,3.937071867036508621e+01,-7.317581322945975603e-03,1.981249808575360873e+02,1.490713915518967481e-01,0.000000000000000000e+00,9.168141287625964253e+00,1.000000000000000000e+00
8.030000000000000000e+02,1.123627201806502853e+02,4.352800203978215876e+01,-3.304250548357519357e-02,8.648586671387017759e+02,9.267965010503087520e-03,0.000000000000000000e+00,1.035254237066098248e+01,1.000000000000000000e+00
8.030000000000000000e+02,3.499438293325651728e+01,8.485338528797852220e+00,-5.209358778432119849e-03,1.434844703616481638e+02,2.916543384525719373e-01,0.000000000000000000e+00,8.290200100377399295e+00,1.000000000000000000e+00
8.030000000000000000e+02,3.003711891947764201e+01,2.968374101441732194e+01,-7.460603583861445849e-03,2.018318045840129571e+02,2.103395922934057083e-01,0.000000000000000000e+00,5.362054638610361579e+00,1.000000000000000000e+00
8.030000000000000000e+02,4.063352785455092686e+01,3.168742250142094008e+01,3.514138426019583310e-03,-9.954807204360461981e+01,2.483221188409188152e-01,0.000000000000000000e+00,7.044824778231281392e+00,1.000000000000000000e+00
8.040000000000000000e+02,4.803120550837189739e+01,4.639092224800872089e+01,1.987978728842866236e-02,-5.237098431837018779e+02,3.452713458315215256e-02,0.000000000000000000e+00,5.563677199144736463e+00,1.000000000000000000e+00
8.040000000000000000e+02,1.096592402182136823e+02,3.353468779329542571e+01,-8.315929196598589521e-03,2.239999709579963110e+02,1.621833060461241871e-01,0.000000000000000000e+00,5.090959271464798874e+00,1.000000000000000000e+00
8.050000000000000000e+02,1.196163714532992373e+01,1.738827460887371501e+01,-3.959888620967662309e-02,1.034785694440362477e+03,2.763230907404035097e-02,0.000000000000000000e+00,1.008698928644808923e+01,1.000000000000000000e+00
8.050000000000000000e+02,2.134819670624275290e+01,5.317636254393952555e+01,-7.440157959187569843e-03,2.013018987766326688e+02,1.371816327372952227e-01,0.000000000000000000e+00,7.300207655283563746e+00,1.000000000000000000e+00
8.050000000000000000e+02,1.458801657427955156e+01,3.135060065278182861e+01,-5.476583436081448007e-03,1.504103481581097128e+02,1.234011881084745577e-01,0.000000000000000000e+00,1.068322845767374041e+01,1.000000000000000000e+00
8.060000000000000000e+02,9.686280336131440549e+01,1.908177770672168094e+01,-3.833407822077364129e-03,1.078228354606392827e+02,1.809759002463594557e-01,0.000000000000000000e+00,7.629395703867436040e+00,1.000000000000000000e+00
8.060000000000000000e+02,1.269048928471069502e+02,2.957035968345854471e+01,-8.339547076604433840e-03,2.246120946750621954e+02,7.206286812136841746e-02,0.000000000000000000e+00,6.487274135753188453e+00,1.000000000000000000e+00
8.060000000000000000e+02,8.834867435808573077e+01,3.656996226088234181e+01,-4.957319400268309778e-03,1.369521617475628545e+02,2.112540977167043366e-01,0.000000000000000000e+00,7.646585747691291957e+00,1.000000000000000000e+00
8.060000000000000000e+02,1.104322897877783163e+02,2.202616657784430387e+01,4.817340248468306510e-03,-1.333242087437222096e+02,1.275875192906108513e-01,0.000000000000000000e+00,9.403761587153542933e+00,1.000000000000000000e+00
8.060000000000000000e+02,1.046326842757007682e+02,3.272746932193744840e+01,7.064755328561288239e-03,-1.915722848740124959e+02,2.770444435603773847e-01,0.000000000000000000e+00,4.638784093111753215e+00,1.000000000000000000e+00
8.070000000000000000e+02,2.686724010406859975e+01,1.012148251337770688e+01,-3.360864139663820999e-02,8.795316699392442388e+02,2.060136843981641430e-02,0.000000000000000000e+00,8.290200100377399295e+00,1.000000000000000000e+00
8.070000000000000000e+02,5.901677048307831797e+01,2.557663280967349095e+01,-7.959364291264361610e-03,2.147585896327279045e+02,1.066166964517145654e-01,0.000000000000000000e+00,6.210073377335223022e+00,1.000000000000000000e+00
8.070000000000000000e+02,9.659098881014378435e+01,3.602945948714908297e+01,-5.558625194573098283e-03,1.525366908336633571e+02,1.492609519467373858e-01,0.000000000000000000e+00,8.260017601374611829e+00,1.000000000000000000e+00
8.070000000000000000e+02,8.008540725847781871e+00,4.999035998078016263e+01,-2.952922789923586363e-03,8.500259204465558582e+01,3.994582171721122732e-01,0.000000000000000000e+00,1.042642569509702177e+01,1.000000000000000000e+00
8.070000000000000000e+02,1.037193985442929289e+02,4.717327692566676056e+00,-3.094220450511419446e-02,8.104234662834782057e+02,1.888715695486731239e-02,0.000000000000000000e+00,1.063870682170261617e+01,1.000000000000000000e+00
8.070000000000000000e+02,4.165274004834846266e+01,4.407281353701316107e+01,4.439803142100715722e-03,-1.235392739052503117e+02,4.125630403333505614e-01,0.000000000000000000e+00,6.786637578411378158e+00,1.000000000000000000e+00
8.080000000000000000e+02,3.494709803726720310e+01,2.752880829845764765e+01,-8.474851652127591770e-03,2.281188929010149593e+02,9.472188514265789117e-02,0.000000000000000000e+00,5.362054638610361579e+00,1.000000000000000000e+00
8.080000000000000000e+02,2.489814121256511470e+01,2.789832642552454089e+01,-3.874363902354977657e-02,1.012619560712331918e+03,1.827092255642159824e-02,0.000000000000000000e+00,5.440293845590981725e+00,1.000000000000000000e+00
8.090000000000000000e+02,4.615424944065010493e+01,1.483434765738799754e+01,-4.104225168004181287e-03,1.148418278678165905e+02,2.658919680808566888e-01,0.000000000000000000e+00,8.706229768061289676e+00,1.000000000000000000e+00
8.090000000000000000e+02,8.989637462802119217e+01,1.597106243364740052e+01,4.919430250400040790e-03,-1.359701579755014791e+02,3.159702940343018795e-01,0.000000000000000000e+00,7.629395703867436040e+00,1.000000000000000000e+00
8.090000000000000000e+02,1.017399403320246876e+02,2.910112814399624526e+01,-5.184253145790172247e-03,1.428337873550329391e+02,2.752964971684680462e-01,0.000000000000000000e+00,4.638784093111753215e+00,1.000000000000000000e+00
8.090000000000000000e+02,1.299185282385979008e+02,3.531515971823481692e+01,5.032242288087243436e-03,-1.388939988884784782e+02,2.527324703240486636e-01,0.000000000000000000e+00,6.487274135753188453e+00,1.000000000000000000e+00
8.090000000000000000e+02,1.285001874367205801e+02,4.454673894971202230e+01,4.814628797895320611e-03,-1.332539338840410892e+02,2.140639825116128492e-01,0.000000000000000000e+00,3.104154036983271414e+00,1.000000000000000000e+00
8.100000000000000000e+02,4.817650707734217974e+01,2.346052585779573008e+01,-8.542311113498976191e-03,2.298672943763250771e+02,5.943268504308940603e-02,0.000000000000000000e+00,8.860049452139023174e+00,1.000000000000000000e+00
8.100000000000000000e+02,5.526832419551146103e+01,4.246408411382198267e+01,6.852576560665206949e-03,-1.860730759672489114e+02,1.173277130305726557e-01,0.000000000000000000e+00,1.069345581408656365e+01,1.000000000000000000e+00
8.100000000000000000e+02,4.092235307618787488e+01,5.692947130361282859e+00,-3.735937848200862783e-03,1.052966272363263300e+02,1.977043391789525817e-01,0.000000000000000000e+00,1.053270825400558586e+01,1.000000000000000000e+00
8.100000000000000000e+02,1.302080812112334627e+02,1.222788193374024956e+01,-4.016418297471078917e-03,1.125660661160697344e+02,2.726284069258333442e-01,0.000000000000000000e+00,1.002300689885503182e+01,1.000000000000000000e+00
8.100000000000000000e+02,1.038038968050809530e+02,1.535569894394090085e+01,4.038604140406325781e-03,-1.131410745690046724e+02,2.472841981004447742e-01,0.000000000000000000e+00,7.877971892660248443e+00,1.000000000000000000e+00
8.100000000000000000e+02,6.298895101015547837e+00,3.809017300422399188e+01,-3.265070326348090603e-03,9.309277245974153914e+01,2.187540714316582591e-01,0.000000000000000000e+00,1.068322845767374041e+01,1.000000000000000000e+00
8.100000000000000000e+02,3.509964365780708562e+01,4.210612188292197544e+01,3.404107566085749857e-03,-9.669631316609363125e+01,2.104469089553079320e-01,0.000000000000000000e+00,6.841852699817378536e+00,1.000000000000000000e+00
8.110000000000000000e+02,1.620021803592279852e+01,4.354002854565362668e+01,-1.004307366598566204e-02,2.687637724613242085e+02,7.266093252112404421e-02,0.000000000000000000e+00,8.696810508621423352e+00,1.000000000000000000e+00
8.110000000000000000e+02,1.424626408271383298e+02,3.748862982075802819e+01,-2.841532037482991449e-02,7.449321645221981498e+02,1.538347927727923281e-02,0.000000000000000000e+00,9.948794633740726923e+00,1.000000000000000000e+00
8.120000000000000000e+02,5.191504991161330196e+01,7.148357493110283123e+00,-9.093205998198950618e-03,2.441452831056985531e+02,7.357030046471324525e-02,0.000000000000000000e+00,9.605272868150262155e+00,1.000000000000000000e+00
8.120000000000000000e+02,1.209484429986102327e+01,2.041689149569675266e+01,-6.079423412860355397e-02,1.584122686135980530e+03,1.107084465639018855e-02,0.000000000000000000e+00,8.512065145240709896e+00,1.000000000000000000e+00
8.120000000000000000e+02,2.378787048244149815e+01,4.778997482457372570e+01,-4.969070474105092769e-03,1.372567238418197064e+02,3.437877263391925231e-01,0.000000000000000000e+00,8.696810508621423352e+00,1.000000000000000000e+00
8.130000000000000000e+02,1.374846357596512689e+02,2.887480487405627727e+01,-8.200899302819144102e-03,2.210186480731079826e+02,1.354623779847485832e-01,0.000000000000000000e+00,9.936002895484396191e+00,1.000000000000000000e+00
8.130000000000000000e+02,6.500019554503597874e+01,3.718425872572812807e+01,-5.440264296050525451e-03,1.494690356020774118e+02,3.424456563576685486e-01,0.000000000000000000e+00,7.248822707207603244e+00,1.000000000000000000e+00
8.130000000000000000e+02,1.262675950000931238e+02,4.239005091078904996e+01,-8.214356263533969735e-03,2.213674230186632315e+02,7.297639822649648611e-02,0.000000000000000000e+00,3.104154036983271414e+00,1.000000000000000000e+00
8.130000000000000000e+02,8.620907730137611225e+01,4.382156790494040166e+01,-2.767510531398374718e-02,7.257474115146801523e+02,2.005868161371882064e-02,0.000000000000000000e+00,9.660817415288454058e+00,1.000000000000000000e+00
8.130000000000000000e+02,1.044689178189908603e+02,5.803246298620367227e+00,-7.336313654829257347e-03,1.986104818685865894e+02,1.781948805688694515e-01,0.000000000000000000e+00,6.473267294536978689e+00,1.000000000000000000e+00
8.130000000000000000e+02,3.913014656481802689e+01,1.997831651071555825e+01,-4.456084502836517997e-03,1.239612511127737662e+02,1.513713848045099564e-01,0.000000000000000000e+00,8.631791310070340728e+00,1.000000000000000000e+00
8.130000000000000000e+02,7.124211644230315699e+01,3.349863067167982678e+01,-5.515311449206265239e-03,1.514140934283318529e+02,2.108508413968966932e-01,0.000000000000000000e+00,7.248822707207603244e+00,1.000000000000000000e+00
8.140000000000000000e+02,5.655942057624353936e+01,3.184885602472835942e+01,6.497556323714535030e-03,-1.768717290630353602e+02,1.028091700912133755e-01,0.000000000000000000e+00,9.531520874383863529e+00,1.000000000000000000e+00
8.140000000000000000e+02,9.662494880242962836e+01,2.108603853474286893e+01,-7.905080229163190253e-03,2.133516656470618500e+02,1.556965013809172849e-01,0.000000000000000000e+00,8.452022890130738375e+00,1.000000000000000000e+00
8.150000000000000000e+02,7.766738238332655442e+01,1.610486794783245301e+01,7.612402509479251206e-03,-2.057661002351377988e+02,7.536067470721308226e-02,0.000000000000000000e+00,7.846322739558061699e+00,1.000000000000000000e+00
8.150000000000000000e+02,7.315301195187203120e+01,4.530452383914308712e+01,-5.100063092695772231e-03,1.406517655890079084e+02,2.319987352835816141e-01,0.000000000000000000e+00,1.150682931461656722e+01,1.000000000000000000e+00
8.160000000000000000e+02,6.946516194591258397e+01,2.534116122538765126e+01,-8.429376978442957441e-03,2.269402889669908348e+02,7.468663510979833831e-02,0.000000000000000000e+00,8.348764881671602467e+00,1.000000000000000000e+00
8.170000000000000000e+02,7.463602156894690864e+00,5.990255045125477906e+00,-8.508835381392416963e-03,2.289996767254817769e+02,1.187619220060277536e-01,0.000000000000000000e+00,1.188831799875198136e+01,1.000000000000000000e+00
8.170000000000000000e+02,5.411217202554315975e+01,4.106085172109677472e+01,-9.895960662309744027e-03,2.649509256428735284e+02,1.328857186361159792e-01,0.000000000000000000e+00,6.316846057297153649e+00,1.000000000000000000e+00
8.170000000000000000e+02,3.143259752073391411e+01,3.905993270861882394e+01,-7.643175219845700120e-03,2.065636614831855127e+02,2.060825779283740333e-01,0.000000000000000000e+00,6.830366911657383966e+00,1.000000000000000000e+00
8.180000000000000000e+02,1.872119465771581659e+01,9.811081647433709918e+00,-4.669108846553868611e-03,1.294823754926724746e+02,2.266426037218639555e-01,0.000000000000000000e+00,1.188831799875198136e+01,1.000000000000000000e+00
8.180000000000000000e+02,4.803778405340733570e+01,3.932100165273964620e+01,-9.850976909427410985e-03,2.637850453007304736e+02,1.569124305556783838e-01,0.000000000000000000e+00,6.318644435034358686e+00,1.000000000000000000e+00
8.180000000000000000e+02,1.370380774169028939e+02,5.308387429928838941e+01,-7.254136676179367277e-03,1.964806345827180394e+02,9.145836808230833892e-02,0.000000000000000000e+00,8.960672204394647622e+00,1.000000000000000000e+00
8.180000000000000000e+02,1.100682869318735584e+02,9.051361906818037539e+00,-4.189585393689494210e-03,1.170541779442480248e+02,3.505039920936457998e-01,0.000000000000000000e+00,6.473267294536978689e+00,1.000000000000000000e+00
8.190000000000000000e+02,9.299295143290638066e+01,3.679323992800365772e+01,-4.236624538626868747e-02,1.106509582664571781e+03,1.322405931623248376e-01,0.000000000000000000e+00,5.242964587456665271e+00,1.000000000000000000e+00
8.190000000000000000e+02,9.862709462118543513e+01,8.156494109036007245e+00,-7.122110950080631428e-03,1.930588169518432835e+02,3.144153761739451047e-01,0.000000000000000000e+00,6.131874940621974801e+00,1.000000000000000000e+00
8.190000000000000000e+02,1.137921653713003565e+02,3.506310879538682457e+01,7.050745234824429622e-03,-1.912091739321106161e+02,2.355968964062076232e-01,0.000000000000000000e+00,1.284890950916343222e+01,1.000000000000000000e+00
8.190000000000000000e+02,3.575016803116670872e+01,4.435261605785719752e+01,-7.717944453493479767e-03,2.085015162445494923e+02,1.974855748391809440e-01,0.000000000000000000e+00,6.830366911657383966e+00,1.000000000000000000e+00
8.190000000000000000e+02,1.289922138432185079e+02,4.913954600308007770e+01,-4.255808732594155291e-03,1.187705418328275755e+02,3.557433592791462429e-01,0.000000000000000000e+00,8.960672204394647622e+00,1.000000000000000000e+00
8.200000000000000000e+02,9.458269896319579573e+01,1.276548033694581719e+01,-9.319481475528457876e-03,2.500098478434957201e+02,1.869342717985846836e-01,0.000000000000000000e+00,6.131874940621974801e+00,1.000000000000000000e+00
8.200000000000000000e+02,7.368655164930926560e+01,9.343376455535114644e+00,-3.695647047555702253e-03,1.042523779367120511e+02,2.372963314985757632e-01,0.000000000000000000e+00,7.846322739558061699e+00,1.000000000000000000e+00
8.200000000000000000e+02,9.817212893968511267e+00,1.815890023742981185e+01,2.984271882018032975e-03,-8.581509184458451500e+01,3.275828700968396179e-01,0.000000000000000000e+00,9.046178809514675123e+00,1.000000000000000000e+00
8.200000000000000000e+02,5.090344534582197156e+01,2.921357130343532305e+01,-7.719070106503650441e-02,2.009083194250761380e+03,7.182957441366877305e-03,0.000000000000000000e+00,1.050581567080260648e+01,1.000000000000000000e+00
8.210000000000000000e+02,1.339670606569243603e+02,2.355410513201104550e+01,-3.995424513295334906e-02,1.043995819352287526e+03,1.431807369058546442e-02,0.000000000000000000e+00,3.497735249448913564e+00,1.000000000000000000e+00
8.210000000000000000e+02,9.254077508564374455e+01,5.493552006898011264e+00,-5.860458212272576066e-03,1.603595415163539144e+02,2.773579824022031071e-01,0.000000000000000000e+00,6.643383635471877824e+00,1.000000000000000000e+00
8.210000000000000000e+02,1.021780976938746903e+02,4.105741428599318965e+01,-7.744092320844287933e-03,2.091792116919038733e+02,1.028712286648707508e-01,0.000000000000000000e+00,1.012670206882356894e+01,1.000000000000000000e+00
8.210000000000000000e+02,7.725933018863642587e+01,4.965466347599942765e+01,-8.164826739646849005e-03,2.200837262491484978e+02,1.228512625263059599e-01,0.000000000000000000e+00,7.327745973355439979e+00,1.000000000000000000e+00
8.230000000000000000e+02,1.210640953765569776e+02,9.659550802474607067e+00,-3.331127190857051390e-02,8.718245041676789242e+02,3.697757456835848444e-02,0.000000000000000000e+00,9.707119178788802927e+00,1.000000000000000000e+00
8.230000000000000000e+02,7.503878889916271078e+01,4.267146525227920506e+01,-6.282348264366161873e-03,1.712940075571987677e+02,1.927138169101574316e-01,0.000000000000000000e+00,7.327745973355439979e+00,1.000000000000000000e+00
8.240000000000000000e+02,7.970670895790936683e+00,2.701461216266082133e+01,-6.449408036541684833e-03,1.756238309236888711e+02,3.135670715214013970e-01,0.000000000000000000e+00,3.943831012089751287e+00,1.000000000000000000e+00
8.240000000000000000e+02,1.255953036040932460e+02,4.014054943337100667e+01,-8.942309917677266490e-03,2.402343872218701790e+02,2.579606235700028227e-01,0.000000000000000000e+00,3.921311442533245817e+00,1.000000000000000000e+00
8.240000000000000000e+02,1.286625438589610440e+02,3.769745290472939558e+01,8.887681057208024482e-03,-2.388185268177512341e+02,2.951610920862799414e-01,0.000000000000000000e+00,3.921311442533245817e+00,1.000000000000000000e+00
8.250000000000000000e+02,1.153726700385157500e+02,4.043573703785904172e+01,7.129490269660583406e-03,-1.932500727516686538e+02,1.255144467682015597e-01,0.000000000000000000e+00,1.022689457938797020e+01,1.000000000000000000e+00
8.260000000000000000e+02,9.669957017976675218e+01,1.710183424166191557e+01,-3.671313754807690316e-02,9.599934100854893586e+02,1.224478897725067572e-02,0.000000000000000000e+00,7.997167822011103766e+00,1.000000000000000000e+00
8.260000000000000000e+02,2.299271885248013447e+01,2.891400250860241528e+01,-3.664324903296265097e-03,1.034405765656399296e+02,2.110600922860623729e-01,0.000000000000000000e+00,1.356695210876292812e+01,1.000000000000000000e+00
8.260000000000000000e+02,3.069693062636099512e+01,9.834105262205351750e+00,-1.981900489197804208e-03,5.983582094042994726e+01,3.735969943860785181e-01,0.000000000000000000e+00,1.238389515576903221e+01,1.000000000000000000e+00
8.260000000000000000e+02,5.595343259498789479e+01,2.878436555194177160e+01,-6.777573998390904082e-03,1.841291738389693080e+02,1.981009690133411771e-01,0.000000000000000000e+00,1.210748178309945011e+01,1.000000000000000000e+00
8.270000000000000000e+02,4.192691786080332150e+01,1.505409050579963903e+01,-8.874282775981214011e-03,2.384712727159935923e+02,1.165356688175960276e-01,0.000000000000000000e+00,1.238389515576903221e+01,1.000000000000000000e+00
8.270000000000000000e+02,9.535337553293890878e+00,3.063478084696538062e+01,-1.119583276893309533e-02,2.986407634022185107e+02,8.457222285377408166e-02,0.000000000000000000e+00,3.943831012089751287e+00,1.000000000000000000e+00
8.270000000000000000e+02,2.694661382945581352e+01,4.636556044313572045e+01,-3.219354309881269222e-02,8.428554216957845711e+02,1.257912110538572659e-02,0.000000000000000000e+00,9.567212920387836661e+00,1.000000000000000000e+00
8.280000000000000000e+02,1.134998649484930695e+02,1.574318300555538741e+01,4.818469630252110621e-03,-1.333534798457566808e+02,2.950443459400868829e-01,0.000000000000000000e+00,4.417785523905839895e+00,1.000000000000000000e+00
8.280000000000000000e+02,3.567511020553762080e+01,5.028281893304453831e+01,-1.962629592718741559e-02,5.171399023486781061e+02,1.213184122165933410e-01,0.000000000000000000e+00,9.567212920387836661e+00,1.000000000000000000e+00
8.280000000000000000e+02,4.904206280431883869e+01,4.374566117717500191e+01,-3.617587694939966916e-03,1.022292504983865911e+02,2.323340713150608972e-01,0.000000000000000000e+00,1.487984722042498653e+01,1.000000000000000000e+00
8.290000000000000000e+02,1.405173800230235202e+02,5.921092568752330365e+00,-4.188667888136332791e-03,1.170303982100173954e+02,2.260330623298987263e-01,0.000000000000000000e+00,1.577875000107908932e+01,1.000000000000000000e+00
8.290000000000000000e+02,6.549237486062072833e+01,2.132784521193004679e+01,4.322780657347980761e-03,-1.205063074269124428e+02,2.823512694766019404e-01,0.000000000000000000e+00,1.210748178309945011e+01,1.000000000000000000e+00
8.300000000000000000e+02,1.035883165598469731e+02,1.303983147401866027e+01,-2.783360658577832894e-02,7.298554172978649603e+02,1.765041036715253586e-02,0.000000000000000000e+00,3.775481192999331714e+00,1.000000000000000000e+00
8.300000000000000000e+02,1.199605362408922815e+02,2.136312476175195840e+01,3.846977633489572553e-03,-1.081745352490821546e+02,3.795847085405897881e-01,0.000000000000000000e+00,5.290119473765430236e+00,1.000000000000000000e+00
8.320000000000000000e+02,7.650694619816157171e+01,1.519250665401668243e+01,-8.549698417289794405e-03,2.300587571094074519e+02,7.526058260206802686e-02,0.000000000000000000e+00,8.916152299639479750e+00,1.000000000000000000e+00
8.320000000000000000e+02,3.954701441170253418e+01,2.990677576131258064e+01,-7.096398823754380102e-03,1.923924149573967668e+02,1.270676211120245203e-01,0.000000000000000000e+00,9.739942949820381557e+00,1.000000000000000000e+00
8.320000000000000000e+02,7.948859569772035627e+01,3.800379904964916733e+01,-3.992699039268973217e-03,1.119513148982158839e+02,3.839826665913029791e-01,0.000000000000000000e+00,7.443316572679522736e+00,1.000000000000000000e+00
8.320000000000000000e+02,1.022747314701671826e+02,2.111899158339664595e+01,4.237613373747574873e-03,-1.182989579867007990e+02,3.355735648216305878e-01,0.000000000000000000e+00,3.835258506217628760e+00,1.000000000000000000e+00
8.330000000000000000e+02,1.148640172266657231e+02,1.994507751841364751e+01,4.887586050766157091e-03,-1.351448260726355954e+02,1.669079299212780088e-01,0.000000000000000000e+00,4.417785523905839895e+00,1.000000000000000000e+00
8.330000000000000000e+02,5.196987350255126614e+01,1.924056259471122132e+01,2.745108992717125961e-03,-7.961651361712016239e+01,3.233178309081174984e-01,0.000000000000000000e+00,8.122601397863276063e+00,1.000000000000000000e+00
8.330000000000000000e+02,2.879771612641095047e+01,1.990791474844131415e+01,-2.908335833717698351e-03,8.384699580322116219e+01,3.086815165952075946e-01,0.000000000000000000e+00,9.004158438730735625e+00,1.000000000000000000e+00
8.330000000000000000e+02,1.274390705895670663e+02,3.240304034625979313e+01,2.138638781165561487e-03,-6.389813414814050674e+01,4.433865239374494838e-01,0.000000000000000000e+00,1.282917885143450221e+01,1.000000000000000000e+00
8.330000000000000000e+02,1.369039966434694122e+02,5.095652731839182792e+01,2.154722646271539730e-03,-6.431499270153402392e+01,3.662788439247194328e-01,0.000000000000000000e+00,7.272116414067371082e+00,1.000000000000000000e+00
8.340000000000000000e+02,2.044364392444329326e+01,1.654869656051764437e+01,-7.841446882723548950e-03,2.117024286900471850e+02,9.889783529759665903e-02,0.000000000000000000e+00,9.004158438730735625e+00,1.000000000000000000e+00
8.340000000000000000e+02,1.040118008392262823e+02,2.453831868336694555e+01,-4.421229834556605724e-03,1.230578944567436963e+02,2.010727566298728952e-01,0.000000000000000000e+00,3.835258506217628760e+00,1.000000000000000000e+00
8.340000000000000000e+02,3.912271081038061737e+01,5.099943875655855052e+00,-2.912933737042253113e-03,8.396616338613037556e+01,3.321457967528036459e-01,0.000000000000000000e+00,7.134877429844673991e+00,1.000000000000000000e+00
8.350000000000000000e+02,1.011902203083005816e+02,3.915921490093006696e+01,-6.494075716549415483e-03,1.767815193492493506e+02,1.034043391824647218e-01,0.000000000000000000e+00,1.415605694981751306e+01,1.000000000000000000e+00
8.350000000000000000e+02,8.529483956815735723e+01,1.669939150295189734e+01,-3.688733826607981745e-03,1.040732023924900602e+02,2.360305983963646437e-01,0.000000000000000000e+00,8.916152299639479750e+00,1.000000000000000000e+00
8.360000000000000000e+02,5.090826042748152958e+01,3.151435101542376671e+01,4.053580104909732147e-03,-1.135292187655288245e+02,2.717347089394589466e-01,0.000000000000000000e+00,4.197816583164102333e+00,1.000000000000000000e+00
8.360000000000000000e+02,1.122528733970902550e+02,2.388046704672391485e+01,-2.687186799811558825e-03,7.811529724997838287e+01,4.374370812005149434e-01,0.000000000000000000e+00,4.722855369187600516e+00,1.000000000000000000e+00
8.360000000000000000e+02,4.221998634356747004e+01,4.252861350714552913e+01,-7.682008080373157501e-03,2.075701241684259628e+02,1.454580731341563737e-01,0.000000000000000000e+00,1.017898472337125249e+01,1.000000000000000000e+00
8.370000000000000000e+02,7.149346802098428100e+01,2.373645265323853693e+01,-7.242547076718978613e-03,1.961802575506033008e+02,1.272091820987607536e-01,0.000000000000000000e+00,9.906259469176651677e+00,1.000000000000000000e+00
8.370000000000000000e+02,3.974735603342580248e+01,2.016889345044226189e+01,2.033478036357666465e-03,-6.117259798717692121e+01,4.383989927990478153e-01,0.000000000000000000e+00,9.739942949820381557e+00,1.000000000000000000e+00
8.370000000000000000e+02,1.195737191422822718e+02,2.197534307830295575e+01,-3.274050972676279935e-03,9.332553114132960559e+01,4.246225546201704004e-01,0.000000000000000000e+00,5.128671404724116201e+00,1.000000000000000000e+00
8.370000000000000000e+02,1.425609442959525097e+02,3.611420612713409639e+01,-4.332691858054134315e-03,1.207631840396878289e+02,2.862278590280715740e-01,0.000000000000000000e+00,7.760043000672658842e+00,1.000000000000000000e+00
8.370000000000000000e+02,1.186209094355632914e+02,5.136246845237468506e+01,-9.561614205846511241e-03,2.562853978449745114e+02,2.274923357306162242e-01,0.000000000000000000e+00,4.006147551315432764e+00,1.000000000000000000e+00
8.380000000000000000e+02,1.526797019466481586e+01,5.151387848936175118e+01,-9.383838196847327229e-02,2.440554618130343897e+03,8.650370225603998264e-03,0.000000000000000000e+00,1.991208369394666988e+01,1.000000000000000000e+00
8.380000000000000000e+02,2.823490972932910736e+01,4.582416056939710991e+00,-3.721572316896331473e-02,9.730193285135928818e+02,1.775816012900932606e-02,0.000000000000000000e+00,8.370795735375228475e+00,1.000000000000000000e+00
8.380000000000000000e+02,5.133638494484738146e+01,2.733842315882497331e+01,-4.080948266553197958e-03,1.142385415680120815e+02,2.878636943704508955e-01,0.000000000000000000e+00,4.197816583164102333e+00,1.000000000000000000e+00
8.380000000000000000e+02,3.216069605664446129e+01,4.097220452424876669e+01,-5.266572351613327610e-03,1.449673208576976151e+02,2.367580178935899671e-01,0.000000000000000000e+00,1.017898472337125249e+01,1.000000000000000000e+00
8.390000000000000000e+02,9.513428434610547413e+01,2.602015337390137617e+01,-7.137688049721107111e-03,1.934625412543917946e+02,5.265985781505877483e-02,0.000000000000000000e+00,9.000340723311714086e+00,1.000000000000000000e+00
8.390000000000000000e+02,4.568256835096845947e+01,3.262644841510319793e+01,3.971911778497088687e-03,-1.114125546314961213e+02,2.805248009484866412e-01,0.000000000000000000e+00,5.342716378856848358e+00,1.000000000000000000e+00
8.400000000000000000e+02,2.512595883766601190e+01,2.499662100493757677e+01,-8.808683753476147238e-03,2.367710897409867243e+02,9.105658674936933927e-02,0.000000000000000000e+00,3.450891608184193604e+00,1.000000000000000000e+00
8.400000000000000000e+02,1.133524147124317523e+02,3.191525357838028754e+01,-5.003539008585201550e-03,1.381500727555476828e+02,1.957570030418632756e-01,0.000000000000000000e+00,8.109672355491900575e+00,1.000000000000000000e+00
8.400000000000000000e+02,1.020334710159501981e+02,1.368775407912280784e+01,-3.983830036986494433e-03,1.117214497857471400e+02,2.561204296479965281e-01,0.000000000000000000e+00,6.213314221739308252e+00,1.000000000000000000e+00
8.400000000000000000e+02,5.561413441466460661e+00,3.044324194835038000e+01,2.578747286955253119e-03,-7.530478260302479043e+01,3.869441649386352600e-01,0.000000000000000000e+00,1.339404821294371928e+01,1.000000000000000000e+00
8.410000000000000000e+02,1.820935246611340830e+01,1.908235108096136301e+01,-7.740606511604254322e-03,2.090888671517307387e+02,9.835030940131928023e-02,0.000000000000000000e+00,6.808868389908425023e+00,1.000000000000000000e+00
8.410000000000000000e+02,1.037246755000745395e+02,3.026986633754934886e+01,-8.727865684796231455e-03,2.346764624249788653e+02,7.315894861618288392e-02,0.000000000000000000e+00,9.584095181684476827e+00,1.000000000000000000e+00
8.410000000000000000e+02,2.325974714987970415e+01,3.159692434472821532e+01,-8.726365586641736741e-03,2.346375831666345277e+02,7.220355569529512962e-02,0.000000000000000000e+00,6.859063364693583686e+00,1.000000000000000000e+00
8.420000000000000000e+02,7.170392847796658486e+01,4.868890068037192975e+01,-2.642234444385259048e-02,6.932785938125985012e+02,2.759025368093503960e-02,0.000000000000000000e+00,3.632397201618093430e+00,1.000000000000000000e+00
8.420000000000000000e+02,4.272076119488063028e+01,4.200382954950344327e+01,-3.759670398068453313e-03,1.059117229450354216e+02,1.510210318648657069e-01,0.000000000000000000e+00,9.834001147531898468e+00,1.000000000000000000e+00
8.430000000000000000e+02,1.530313577588872853e+01,7.040246877746878518e+00,4.437354298801862718e-03,-1.234758052508988300e+02,2.077973968493367352e-01,0.000000000000000000e+00,9.971914371447979875e+00,1.000000000000000000e+00
8.430000000000000000e+02,7.815732877323414129e+01,1.414545788186034514e+01,-4.584908619987273712e-03,1.273000900525321555e+02,1.885621452589181235e-01,0.000000000000000000e+00,1.639847187319213617e+01,1.000000000000000000e+00
8.440000000000000000e+02,1.430967601653311192e+02,2.010296986294492783e+01,-8.868744530586628039e-03,2.383277335263576902e+02,1.389909206560800969e-01,0.000000000000000000e+00,2.040490312434327436e+01,1.000000000000000000e+00
8.440000000000000000e+02,2.453711274402182951e+01,2.159633966813085948e+01,-8.197343693883914900e-03,2.209264944777248729e+02,1.572520289369787605e-01,0.000000000000000000e+00,3.450891608184193604e+00,1.000000000000000000e+00
8.440000000000000000e+02,1.121117765587614059e+02,5.059029509110379763e+01,-3.466012201536527570e-03,9.830074572085142393e+01,3.966107981049514786e-01,0.000000000000000000e+00,8.388413235986185157e+00,1.000000000000000000e+00
8.450000000000000000e+02,9.391919647862671638e+01,1.867021270544761435e+01,-2.700808030867897155e-02,7.084595844310457551e+02,1.800979631643995216e-02,0.000000000000000000e+00,7.593144641353635649e+00,1.000000000000000000e+00
8.450000000000000000e+02,1.185718703410015848e+02,2.059251586596029426e+01,-2.846400264814179931e-02,7.461939024126232880e+02,3.840431432512303456e-02,0.000000000000000000e+00,1.143729577619974691e+01,1.000000000000000000e+00
8.450000000000000000e+02,8.711945645382438386e+01,3.844714562556542603e+01,-9.274543109039372693e-03,2.488451438172511416e+02,1.256639952344379418e-01,0.000000000000000000e+00,1.342695128873270249e+01,1.000000000000000000e+00
8.450000000000000000e+02,1.414430928368577725e+02,4.044075381008562431e+01,-2.803642451604398261e-03,8.113357265958862286e+01,2.924300457208206527e-01,0.000000000000000000e+00,2.040490312434327436e+01,1.000000000000000000e+00
8.460000000000000000e+02,1.193270925855510853e+02,4.071259613290082768e+01,-3.374769364039506558e-03,9.593593123155365276e+01,2.854985571864755434e-01,0.000000000000000000e+00,7.270267887139890917e+00,1.000000000000000000e+00
8.470000000000000000e+02,1.555359498382800965e+01,1.700901542840794534e+01,2.419050201531497066e-03,-7.116578394988611933e+01,3.308236357762789348e-01,0.000000000000000000e+00,6.477540314945256839e+00,1.000000000000000000e+00
8.470000000000000000e+02,9.912756181865614735e+01,2.419549785911140916e+01,-7.425665410052188081e-03,2.009262836475730296e+02,4.630855094830365060e-01,0.000000000000000000e+00,7.593144641353635649e+00,1.000000000000000000e+00
8.480000000000000000e+02,5.813673839968314105e+00,2.470024081672160321e+01,6.607597077514346280e-03,-1.797237443678809257e+02,1.115957312892207343e-01,0.000000000000000000e+00,7.717506759242943382e+00,1.000000000000000000e+00
8.480000000000000000e+02,6.171969742403928194e+01,3.671879055169205230e+01,-4.305653701444778561e-03,1.200624142448445468e+02,1.418957088220921259e-01,0.000000000000000000e+00,4.320804597578334239e+00,1.000000000000000000e+00
8.480000000000000000e+02,1.163058513045182281e+02,3.180308643121573198e+01,-3.366998415692928816e-03,9.573452527192233674e+01,4.449215007733178240e-01,0.000000000000000000e+00,4.082196194639230669e+00,1.000000000000000000e+00
8.480000000000000000e+02,1.200293703539193899e+02,3.347632630053324476e+01,4.087996792607963628e-03,-1.144212239242358891e+02,3.072346047931197033e-01,0.000000000000000000e+00,4.082196194639230669e+00,1.000000000000000000e+00
8.480000000000000000e+02,1.543243920091522803e+01,5.282461854216510488e+01,-4.966658258909360628e-03,1.371942045076708041e+02,2.428987294340774206e-01,0.000000000000000000e+00,1.329805375331759798e+01,1.000000000000000000e+00
8.490000000000000000e+02,9.952763393936731973e+01,4.357746261355614337e+01,-3.254194132957427803e-03,9.281088535030696107e+01,2.750306774150571565e-01,0.000000000000000000e+00,9.932874393046082773e+00,1.000000000000000000e+00
8.490000000000000000e+02,2.361584686576289016e+01,4.234272593552975650e+01,-2.249190589292565656e-02,5.914102358186902393e+02,2.842831562271963541e-01,0.000000000000000000e+00,4.516337060417530580e+00,1.000000000000000000e+00
8.500000000000000000e+02,7.171287114506220917e+01,5.729850399964059982e+00,-5.169474089589917373e-03,1.424507465904178787e+02,1.055865145885740430e-01,0.000000000000000000e+00,1.403499050567986295e+01,1.000000000000000000e+00
8.500000000000000000e+02,4.030446671390699720e+01,1.473742604145388668e+01,-2.783585810003089481e-02,7.299137716155669295e+02,1.260670629663507292e-02,0.000000000000000000e+00,8.805865679137818702e+00,1.000000000000000000e+00
8.510000000000000000e+02,8.951980233843440260e+01,4.180844565485703157e+01,-9.264457129822399606e-03,2.485837373283107468e+02,1.302353180894623152e-01,0.000000000000000000e+00,1.016297763220979355e+01,1.000000000000000000e+00
8.510000000000000000e+02,1.837840424076150114e+01,2.283816469684188633e+01,5.407656741830225121e-03,-1.486239192203861137e+02,1.487605682959896036e-01,0.000000000000000000e+00,6.477540314945256839e+00,1.000000000000000000e+00
8.510000000000000000e+02,5.368921544111103117e+01,3.849974850951429772e+01,-6.226851619079556976e-03,1.698556560714126533e+02,1.477076580539229411e-01,0.000000000000000000e+00,4.321741965461137980e+00,1.000000000000000000e+00
8.510000000000000000e+02,3.634392076591141318e+01,4.812699158126739718e+01,-7.969166690108572468e-03,2.150126463395617122e+02,5.021510386861882669e-02,0.000000000000000000e+00,1.296695563951183772e+01,1.000000000000000000e+00
8.520000000000000000e+02,9.153425277532836191e+00,3.945797791634674212e+01,-7.760897607980662451e-03,2.096147679241199455e+02,8.760585976072432501e-02,0.000000000000000000e+00,1.247935123635030585e+01,1.000000000000000000e+00
8.530000000000000000e+02,1.322871331006204798e+02,3.380205928984313601e+01,4.354490473859953803e-03,-1.213281564136116515e+02,2.405816483890479418e-01,0.000000000000000000e+00,1.075809703353198010e+01,1.000000000000000000e+00
8.530000000000000000e+02,2.689948481430957372e+01,3.924191599840607125e+01,-6.031894699809054600e-02,1.571804284783648427e+03,2.292702775878363575e-02,0.000000000000000000e+00,4.516337060417530580e+00,1.000000000000000000e+00
8.530000000000000000e+02,9.796052902747474889e+01,4.479323601404837873e+00,-3.322396750691222322e-03,9.457854781071850425e+01,3.156015919986504548e-01,0.000000000000000000e+00,2.135022524908330155e+01,1.000000000000000000e+00
8.530000000000000000e+02,1.425966880555041030e+02,1.469708667571613248e+01,-7.123566127388729352e-03,1.930965319602437944e+02,2.571867245306197480e-01,0.000000000000000000e+00,5.694160735604532952e+00,1.000000000000000000e+00
8.530000000000000000e+02,1.356995624700606697e+02,1.988979973266306800e+01,-1.247538377772053342e-02,3.318039228170591741e+02,1.105030177774816158e-01,0.000000000000000000e+00,7.274263327389405731e+00,1.000000000000000000e+00
8.530000000000000000e+02,6.407346520473630846e+01,3.309537647033084795e+01,-4.233350479909978384e-03,1.181884731158876178e+02,3.375924379940278275e-01,0.000000000000000000e+00,4.320804597578334239e+00,1.000000000000000000e+00
8.530000000000000000e+02,1.053711921436692478e+02,3.554535073554011149e+01,3.826361728601373156e-03,-1.076402161515289748e+02,1.616086036625060673e-01,0.000000000000000000e+00,8.728832024436776749e+00,1.000000000000000000e+00
8.540000000000000000e+02,1.219098827035619621e+02,1.119798689084547227e+01,-6.928111516514193213e-03,1.880307765708276122e+02,1.963640084986366663e-01,0.000000000000000000e+00,7.549993937315222503e+00,1.000000000000000000e+00
8.540000000000000000e+02,3.218367263301097125e+01,2.194328703214825893e+01,-1.408702447063053982e-02,3.735741194339706794e+02,2.578179111527789669e-02,0.000000000000000000e+00,7.781912350953603230e+00,1.000000000000000000e+00
8.540000000000000000e+02,3.624716422570151764e+01,6.921956325677427024e+00,4.245852407992952403e-03,-1.185124957075320395e+02,2.789857344143608087e-01,0.000000000000000000e+00,8.805865679137818702e+00,1.000000000000000000e+00
8.540000000000000000e+02,4.969336793168426425e+01,3.685334142211586084e+01,3.265734886713552582e-03,-9.310999640875900241e+01,2.039041240108301345e-01,0.000000000000000000e+00,4.321741965461137980e+00,1.000000000000000000e+00
8.550000000000000000e+02,1.170798742464683500e+02,1.751675299875477165e+01,-6.987785068772914276e-03,1.895773843362195805e+02,2.832203650677614926e-01,0.000000000000000000e+00,7.051101891332923977e+00,1.000000000000000000e+00
8.550000000000000000e+02,1.429573024800626797e+02,2.037981698074563042e+01,-8.548752180732189371e-03,2.300342327304741445e+02,1.978226216484955113e-01,0.000000000000000000e+00,5.694160735604532952e+00,1.000000000000000000e+00
8.550000000000000000e+02,5.747087183776768882e+01,2.851183783218846557e+01,-7.541571440134359899e-03,2.039303140663360807e+02,1.341081712998246633e-01,0.000000000000000000e+00,8.037603225892786085e+00,1.000000000000000000e+00
8.550000000000000000e+02,9.778201418507775600e+01,3.123293999169136370e+01,-7.506140262909539312e-03,2.030120155612411565e+02,2.033186901207388875e-01,0.000000000000000000e+00,7.513680087172763145e+00,1.000000000000000000e+00
8.550000000000000000e+02,1.150581173108621158e+02,3.245709698001510901e+01,-6.652596261710254366e-03,1.808900246558710592e+02,1.265585272192674138e-01,0.000000000000000000e+00,1.016729218884304764e+01,1.000000000000000000e+00
8.550000000000000000e+02,1.122059268157886152e+02,4.224801512330200381e+01,5.208026622815267390e-03,-1.434499438060175862e+02,1.787008654725450452e-01,0.000000000000000000e+00,5.121021892281647503e+00,1.000000000000000000e+00
8.550000000000000000e+02,1.261999505105831929e+02,4.429153385677588517e+01,3.663816670055520478e-03,-1.034274042732756556e+02,1.950835851426646617e-01,0.000000000000000000e+00,9.402046012888742865e+00,1.000000000000000000e+00
8.550000000000000000e+02,1.828352236088925764e+01,5.096530463243070130e+01,2.141189042298400399e-03,-6.396423133060293509e+01,3.929139238327393757e-01,0.000000000000000000e+00,1.454897419281258131e+01,1.000000000000000000e+00
8.550000000000000000e+02,1.218311648015268958e+02,5.261692758060796393e+01,-2.472229411629512860e-03,7.254407259170201883e+01,3.072527994336233803e-01,0.000000000000000000e+00,9.402046012888742865e+00,1.000000000000000000e+00
8.570000000000000000e+02,1.462458702728221560e+01,1.368361890550044002e+01,-6.898894391723990951e-03,1.872735326935561773e+02,1.565353732522161145e-01,0.000000000000000000e+00,6.716895610450671406e+00,1.000000000000000000e+00
8.570000000000000000e+02,1.418866366035871351e+02,2.894549833795336014e+01,-8.091637958904385197e-03,2.181868333652608669e+02,9.431099593051373020e-02,0.000000000000000000e+00,8.356346295445053585e+00,1.000000000000000000e+00
8.570000000000000000e+02,2.512517000417975410e+01,1.866674915250959543e+01,-3.493045530878112481e-03,9.900139040348774699e+01,3.540561886462004759e-01,0.000000000000000000e+00,6.929589335261303162e+00,1.000000000000000000e+00
8.570000000000000000e+02,8.221405882788044295e+00,2.701347924713481419e+01,5.985456103079904965e-03,-1.635992130502700093e+02,1.848067966892867897e-01,0.000000000000000000e+00,6.964087218289903625e+00,1.000000000000000000e+00
8.570000000000000000e+02,2.635580373160244605e+01,3.239738303314008760e+01,-8.652340676611105369e-03,2.327190196430580329e+02,1.673037940812582836e-01,0.000000000000000000e+00,6.866092093200203195e+00,1.000000000000000000e+00
8.580000000000000000e+02,5.193826044960283639e+01,7.483950899008147140e+00,-3.249946487459896838e-02,8.507842440320553123e+02,1.796391163323503015e-01,0.000000000000000000e+00,1.051541189527012676e+01,1.000000000000000000e+00
8.580000000000000000e+02,7.524307896574778454e+01,2.168135567531504293e+01,-8.126060958180855026e-03,2.190790021062509538e+02,8.820119820869387617e-02,0.000000000000000000e+00,8.212446679362509272e+00,1.000000000000000000e+00
8.580000000000000000e+02,7.478085500959576848e+01,2.988078428197608716e+01,-2.638431408718848372e-03,7.685166430683163696e+01,3.178304051869929037e-01,0.000000000000000000e+00,6.546317171224457887e+00,1.000000000000000000e+00
8.580000000000000000e+02,3.209980045634205226e+01,3.975277291985998573e+01,-6.392466727400368531e-03,1.741480369151853154e+02,2.997530120186975289e-01,0.000000000000000000e+00,5.225347602883950060e+00,1.000000000000000000e+00
8.590000000000000000e+02,1.100808101839598976e+02,1.837182032409319987e+01,-7.745366939398586059e-02,2.015898757330396847e+03,1.199152925031687911e-02,0.000000000000000000e+00,7.051101891332923977e+00,1.000000000000000000e+00
8.590000000000000000e+02,9.549191985220205936e+01,3.838911609341685960e+01,-4.195976626387769998e-02,1.095974534165465002e+03,1.979775476731068240e-01,0.000000000000000000e+00,7.513680087172763145e+00,1.000000000000000000e+00
8.590000000000000000e+02,1.270761848828880289e+02,5.692377910415846287e+00,-1.163212628092981718e-02,3.099485355743645414e+02,1.507598108023535666e-01,0.000000000000000000e+00,7.549993937315222503e+00,1.000000000000000000e+00
8.590000000000000000e+02,9.840446480061888934e+00,2.024020689705704967e+01,-7.576442376694089188e-03,2.048340923605448722e+02,1.706215712145933150e-01,0.000000000000000000e+00,6.964087218289903625e+00,1.000000000000000000e+00
8.590000000000000000e+02,1.781916905683057095e+01,3.326922765876396682e+01,-8.273618061817910110e-03,2.229033590229362005e+02,1.097890590769192709e-01,0.000000000000000000e+00,8.581039833362082092e+00,1.000000000000000000e+00
8.590000000000000000e+02,1.074584642849319920e+02,4.032799826417281253e+01,4.417239630763197637e-03,-1.229544771145746722e+02,2.627149815338204464e-01,0.000000000000000000e+00,5.121021892281647503e+00,1.000000000000000000e+00
8.600000000000000000e+02,9.603390969257441157e+01,1.124104068630965436e+01,-3.536884118908927704e-02,9.251521930118975661e+02,1.894700068038657204e-02,0.000000000000000000e+00,7.670223091883955568e+00,1.000000000000000000e+00
8.600000000000000000e+02,3.144658526603657123e+01,1.582792590289878376e+01,-8.181166205125413315e-03,2.205072094043315190e+02,6.757430475126824376e-02,0.000000000000000000e+00,6.929589335261303162e+00,1.000000000000000000e+00
8.600000000000000000e+02,4.802703972101927832e+01,2.901354653929488592e+01,-4.504486503331014968e-02,1.175933536658200637e+03,9.012021164871986123e-03,0.000000000000000000e+00,9.457149500569141054e+00,1.000000000000000000e+00
8.600000000000000000e+02,1.811557765957322630e+01,1.942205693748683615e+01,6.102989961222747735e-03,-1.666454332067654605e+02,1.280340078746756705e-01,0.000000000000000000e+00,6.716895610450671406e+00,1.000000000000000000e+00
8.610000000000000000e+02,1.332927121251131268e+02,4.221006107561935039e+01,-9.378995795118874601e-03,2.515523286469090465e+02,4.357284462372157385e-02,0.000000000000000000e+00,7.213726374131197439e+00,1.000000000000000000e+00
8.620000000000000000e+02,6.059575076745181832e+01,2.576780270039191123e+01,-8.963260996864799712e-03,2.407773933030951241e+02,5.700943678464154285e-02,0.000000000000000000e+00,1.298103811089436554e+01,1.000000000000000000e+00
8.620000000000000000e+02,1.001676391354142339e+02,3.038283874770514714e+01,-7.075555325727275746e-03,1.918521971442039842e+02,2.571967618333393935e-01,0.000000000000000000e+00,5.736692458089308388e+00,1.000000000000000000e+00
8.620000000000000000e+02,1.440303772507730571e+02,3.702218698163655830e+01,3.889726554092873614e-03,-1.092824936337370190e+02,1.788905316519792121e-01,0.000000000000000000e+00,8.356346295445053585e+00,1.000000000000000000e+00
8.620000000000000000e+02,1.416073314295259422e+01,4.323728250040859677e+01,3.567074002936077536e-03,-1.009200462470104469e+02,2.469060644821280404e-01,0.000000000000000000e+00,9.677419516739512062e+00,1.000000000000000000e+00
8.630000000000000000e+02,4.490056081433684909e+01,1.529705983021891491e+01,-5.697867052022181217e-02,1.485231635030374491e+03,1.056464479599150685e-02,0.000000000000000000e+00,6.918687332887647479e+00,1.000000000000000000e+00
8.630000000000000000e+02,7.330183026649697808e+01,3.625783331076438287e+01,-8.789686959455497370e-03,2.362787344506144507e+02,8.396353708928006032e-02,0.000000000000000000e+00,6.546317171224457887e+00,1.000000000000000000e+00
8.630000000000000000e+02,1.197718620939055825e+02,4.166935798204081465e+01,-7.477999578015889423e-03,2.022826706482507007e+02,1.352182953446869895e-01,0.000000000000000000e+00,1.096516332939344274e+01,1.000000000000000000e+00
8.630000000000000000e+02,3.030456037282132442e+01,5.138114364134004575e+00,3.924110179123351319e-03,-1.101736418805164845e+02,3.326707177748274846e-01,0.000000000000000000e+00,1.075064145021272211e+01,1.000000000000000000e+00
8.630000000000000000e+02,1.194695005216602652e+02,1.047939473839044666e+01,-6.720232853286515692e-03,1.826430169581049938e+02,1.166868786559450699e-01,0.000000000000000000e+00,8.987612423923220462e+00,1.000000000000000000e+00
8.650000000000000000e+02,1.111082363132085646e+02,1.736728480255800022e+01,-2.920494945771925574e-02,7.653976207444312649e+02,7.692246308423755785e-02,0.000000000000000000e+00,9.922104272822881654e+00,1.000000000000000000e+00
8.650000000000000000e+02,3.368760175371428289e+01,3.840502902657017614e+01,-3.826556967678730603e-02,1.000229050408989906e+03,1.998495835980274027e-02,0.000000000000000000e+00,9.241469785780973112e+00,1.000000000000000000e+00
8.650000000000000000e+02,1.011965015352309791e+02,1.691377968483635641e+01,-7.946290979748985017e-03,2.144197580340758407e+02,1.219291050829014456e-01,0.000000000000000000e+00,7.670223091883955568e+00,1.000000000000000000e+00
8.650000000000000000e+02,1.522233287818325742e+01,3.361826724389044330e+01,-8.434147076260660458e-03,2.270639194539870402e+02,6.273170240937819830e-02,0.000000000000000000e+00,9.677419516739512062e+00,1.000000000000000000e+00
8.650000000000000000e+02,9.244908941779986833e+01,4.718432591153555933e+01,3.317844171709985121e-03,-9.446055493550949222e+01,2.018921170251735120e-01,0.000000000000000000e+00,8.872826236160813451e+00,1.000000000000000000e+00
8.660000000000000000e+02,7.821416331134567201e+01,1.013762889165673897e+01,-8.490210985754682513e-03,2.285169731854919348e+02,8.596181593215390659e-02,0.000000000000000000e+00,5.500419301009074502e+00,1.000000000000000000e+00
8.660000000000000000e+02,1.137217521551786916e+02,2.824913499708762643e+01,1.973388320579553060e-02,-5.199283289506554411e+02,2.854433883644558190e-02,0.000000000000000000e+00,8.208321290861961828e+00,1.000000000000000000e+00
8.660000000000000000e+02,4.205127295752096472e+01,4.233615708300862224e+01,-8.976977275118865757e-03,2.411328891912574761e+02,2.168918290885755162e-01,0.000000000000000000e+00,9.241469785780973112e+00,1.000000000000000000e+00
8.660000000000000000e+02,1.288171491850037000e+02,4.786755032173861224e+01,-7.706550840439192578e-03,2.082062187507916065e+02,8.446328516627565897e-02,0.000000000000000000e+00,7.213726374131197439e+00,1.000000000000000000e+00
8.660000000000000000e+02,1.005665318102360146e+02,3.610564618747387300e+01,-3.127400934029125976e-03,8.952468336234433366e+01,3.987727266647609348e-01,0.000000000000000000e+00,5.736692458089308388e+00,1.000000000000000000e+00
8.670000000000000000e+02,1.392136052710316960e+02,1.996528186240821867e+01,-7.444204365670146345e-03,2.014067727693983727e+02,1.517782858238965193e-01,0.000000000000000000e+00,5.401053274176750740e+00,1.000000000000000000e+00
8.670000000000000000e+02,1.310159041106878703e+02,3.300894255133314203e+01,4.543037059897765337e-03,-1.262148709306213021e+02,2.271415216668192238e-01,0.000000000000000000e+00,4.030826503723750065e+00,1.000000000000000000e+00
8.670000000000000000e+02,8.137579748343962649e+01,3.659729766467729917e+01,5.966719281866317282e-03,-1.631135956856114433e+02,1.694811763395059900e-01,0.000000000000000000e+00,8.081100337691776048e+00,1.000000000000000000e+00
8.670000000000000000e+02,9.458428015560137680e+01,3.857224103443928698e+01,-7.520798894492013859e-03,2.033919351835418752e+02,1.790835645447741431e-01,0.000000000000000000e+00,6.470813318158328720e+00,1.000000000000000000e+00
8.670000000000000000e+02,6.017377721573450344e+01,4.327405132775425045e+01,-1.930073308585886563e-02,5.087020266154092951e+02,8.595404286787033943e-02,0.000000000000000000e+00,5.030917167361473652e+00,1.000000000000000000e+00
8.680000000000000000e+02,1.051436154115073691e+02,4.674803163892934776e+01,-7.319586510146228533e-03,1.981769509175977078e+02,8.967171631009718258e-02,0.000000000000000000e+00,1.158490666299812411e+01,1.000000000000000000e+00
8.680000000000000000e+02,3.831110765187477796e+01,1.318818775491927831e+01,-4.596385081161473082e-03,1.275975347880873727e+02,2.055236225035069753e-01,0.000000000000000000e+00,4.851377519802816174e+00,1.000000000000000000e+00
8.690000000000000000e+02,8.992091598973827615e+01,2.249913308022941294e+01,-1.171592855325589468e-02,3.121205069122709688e+02,1.106788249521570844e-01,0.000000000000000000e+00,8.240403939166778713e+00,1.000000000000000000e+00
8.690000000000000000e+02,1.236602742731421216e+02,1.020999944608585608e+01,3.410301297144604192e-03,-9.685684110836932348e+01,3.065395765974510134e-01,0.000000000000000000e+00,7.102524522590069722e+00,1.000000000000000000e+00
8.690000000000000000e+02,1.761257857069261235e+01,4.405796709656384991e+01,3.419945301952466259e-03,-9.710679258872781361e+01,3.255434253274459566e-01,0.000000000000000000e+00,8.391323921527559904e+00,1.000000000000000000e+00
8.700000000000000000e+02,9.688364414269631197e+01,2.690647624234431134e+01,-8.731109041983708963e-03,2.347605231390175504e+02,6.623667569933555654e-02,0.000000000000000000e+00,8.240403939166778713e+00,1.000000000000000000e+00
8.700000000000000000e+02,6.804598029142819371e+01,3.175018715466122643e+01,-4.899810982154802902e-03,1.354616695166975262e+02,1.213563155827592777e-01,0.000000000000000000e+00,9.305421755485200563e+00,1.000000000000000000e+00
8.700000000000000000e+02,1.077999237120397140e+02,3.393319044228236692e+01,-7.295072311990493871e-03,1.975415965973849950e+02,1.208878367910308782e-01,0.000000000000000000e+00,7.552583820779146251e+00,1.000000000000000000e+00
8.700000000000000000e+02,6.665778302299113989e+01,1.570149528064106725e+01,-7.230098103034215615e-03,1.958576074209690034e+02,7.451122952403066435e-02,0.000000000000000000e+00,1.202169032777093882e+01,1.000000000000000000e+00
8.710000000000000000e+02,4.136876204461337636e+01,7.320318969303404089e+00,3.282853457463706312e-03,-9.355367226602675146e+01,4.595470604944695836e-01,0.000000000000000000e+00,6.616731403845766302e+00,1.000000000000000000e+00
8.710000000000000000e+02,3.352827150622221097e+01,1.237557330544928291e+01,4.485867628309829665e-03,-1.247331644879815542e+02,3.555661137433184793e-01,0.000000000000000000e+00,3.317269469675021565e+00,1.000000000000000000e+00
8.710000000000000000e+02,1.330966224998604162e+02,2.955667180759344603e+01,-3.269360178147765437e-03,9.320395602188298767e+01,3.128805984385352179e-01,0.000000000000000000e+00,3.347706128740373543e+00,1.000000000000000000e+00
8.710000000000000000e+02,3.417531404261962535e+01,3.164639164773144842e+01,-4.379486934692323682e-03,1.219760099260529103e+02,2.667418311067284442e-01,0.000000000000000000e+00,1.087083398503204457e+01,1.000000000000000000e+00
8.710000000000000000e+02,1.151171887852879507e+02,5.268862324010576970e+01,-6.663605566029529026e-02,1.735529904291458934e+03,1.192273493489004466e-02,0.000000000000000000e+00,1.160873784759363225e+01,1.000000000000000000e+00
8.720000000000000000e+02,4.961672641248088667e+01,3.681333213582825437e+01,3.016142219007280061e-03,-8.664110117045005666e+01,3.104246261914720417e-01,0.000000000000000000e+00,1.015467748907772538e+01,1.000000000000000000e+00
8.720000000000000000e+02,1.327197679641254524e+02,1.110187083057586577e+01,-6.886972073017589256e-03,1.869645323073741281e+02,2.826051154104511909e-01,0.000000000000000000e+00,5.512516695964470692e+00,1.000000000000000000e+00
8.720000000000000000e+02,1.411961916752869399e+02,2.912143883832743541e+01,-4.036047587442927707e-03,1.130748143160758019e+02,2.143928038062791197e-01,0.000000000000000000e+00,7.553811231353085631e+00,1.000000000000000000e+00
8.720000000000000000e+02,2.476241551780917405e+01,3.708444027676640076e+01,-9.136133164495975276e-03,2.452578612283047619e+02,9.456834619887433124e-02,0.000000000000000000e+00,6.288104336686175522e+00,1.000000000000000000e+00
8.720000000000000000e+02,7.436966962043554474e+01,2.492363404803004556e+01,-4.991782597651121464e-03,1.378453723354192562e+02,1.603154066727516813e-01,0.000000000000000000e+00,9.305421755485200563e+00,1.000000000000000000e+00
8.720000000000000000e+02,5.820869635025340472e+01,4.790531300649498547e+01,-9.288189595068153254e-03,2.491988308438072011e+02,9.823483192422011179e-02,0.000000000000000000e+00,5.030917167361473652e+00,1.000000000000000000e+00
8.730000000000000000e+02,1.402362028119658248e+02,5.023728434994951364e+00,7.685487774971850108e-03,-2.076603102304891024e+02,8.316145554073561819e-02,0.000000000000000000e+00,9.666468217647395278e+00,1.000000000000000000e+00
8.730000000000000000e+02,1.297076436586123407e+02,6.485059431847929545e+00,-5.751275474924932851e-03,1.575297641185463533e+02,3.110485802565079450e-01,0.000000000000000000e+00,5.512516695964470692e+00,1.000000000000000000e+00
8.730000000000000000e+02,3.346360505514285677e+01,1.569221241523237786e+01,-5.422170333387721537e-03,1.490000797229355669e+02,2.913942066143588860e-01,0.000000000000000000e+00,3.317269469675021565e+00,1.000000000000000000e+00
8.730000000000000000e+02,1.344910640709818495e+02,3.260013513563507814e+01,4.098546245199287744e-03,-1.146946426278457807e+02,2.256195458343874805e-01,0.000000000000000000e+00,3.347706128740373543e+00,1.000000000000000000e+00
8.740000000000000000e+02,2.422423418321642430e+01,4.922520303247610940e+01,5.534535382512432468e-03,-1.519123356714580666e+02,2.439226982864486359e-01,0.000000000000000000e+00,6.922456166486341544e+00,1.000000000000000000e+00
8.740000000000000000e+02,5.022381006150644112e+01,9.898200072382273618e+00,-7.602664852397476684e-03,2.055137214929757761e+02,8.339365678480270549e-02,0.000000000000000000e+00,9.222653976111915952e+00,1.000000000000000000e+00
8.740000000000000000e+02,1.124266584406937852e+01,2.417970375499696445e+01,2.871355237343875370e-03,-8.288853974763713950e+01,3.169368013037368037e-01,0.000000000000000000e+00,1.279068833482357626e+01,1.000000000000000000e+00
8.750000000000000000e+02,1.164961659994059744e+02,1.886574886890101155e+01,-1.963442701778830846e-02,5.173506424066845284e+02,5.201546516876087711e-02,0.000000000000000000e+00,5.119140057272826283e+00,1.000000000000000000e+00
8.750000000000000000e+02,3.055338948010226119e+01,4.299023108677283744e+01,-8.182037695459547233e-03,2.205297965248768435e+02,4.992085671275070524e-02,0.000000000000000000e+00,8.271260153296653428e+00,1.000000000000000000e+00
8.750000000000000000e+02,1.227035890229230830e+02,4.754137798944997328e+00,-4.810443080362552734e-03,1.331454492540018180e+02,1.971451625716708067e-01,0.000000000000000000e+00,7.214767566524338704e+00,1.000000000000000000e+00
8.750000000000000000e+02,8.520412937133792752e+01,3.924078552117272523e+01,-8.034863582917861277e-03,2.167153658984785523e+02,8.392140693008287577e-02,0.000000000000000000e+00,1.198355609218291740e+01,1.000000000000000000e+00
8.760000000000000000e+02,1.916306091368004161e+01,3.422306225800177515e+01,-7.925480979580911550e-03,2.138804084120152993e+02,9.962365617018797970e-02,0.000000000000000000e+00,6.288104336686175522e+00,1.000000000000000000e+00
8.760000000000000000e+02,6.555531151828584768e+01,1.300799964339493364e+01,3.105810000049707715e-03,-8.896509364645383755e+01,2.297732233076279496e-01,0.000000000000000000e+00,8.694558332389222599e+00,1.000000000000000000e+00
8.760000000000000000e+02,1.060502994199266311e+02,3.803858255628790630e+01,-5.054396096785425223e-03,1.394681770841565935e+02,2.698204184401886696e-01,0.000000000000000000e+00,9.089254412072230949e+00,1.000000000000000000e+00
8.770000000000000000e+02,5.940225789078755980e+01,3.410024374909052369e+01,-3.677732433391512484e-02,9.616569909794595787e+02,9.658965081566051047e-02,0.000000000000000000e+00,4.743560530333816416e+00,1.000000000000000000e+00
8.770000000000000000e+02,8.082948670954133163e+00,4.665105377586606039e+01,-5.754828175858425938e-03,1.576218423448941337e+02,1.525836337224378836e-01,0.000000000000000000e+00,1.266927626015347563e+01,1.000000000000000000e+00
8.770000000000000000e+02,5.918480966885638139e+01,7.090901471002100998e+00,2.397553641775952444e-03,-7.060864020716080347e+01,3.695954899432792873e-01,0.000000000000000000e+00,8.694558332389222599e+00,1.000000000000000000e+00
8.770000000000000000e+02,9.777374289904076932e+01,2.550058040645094337e+01,3.822087603348134095e-03,-1.075294401870236669e+02,4.958094268484235512e-01,0.000000000000000000e+00,8.301388069244191925e+00,1.000000000000000000e+00
8.780000000000000000e+02,9.406650348726431332e+01,1.807296842008808824e+01,2.556686755638046607e-02,-6.711065067288370756e+02,1.296653073520781518e-02,0.000000000000000000e+00,8.301388069244191925e+00,1.000000000000000000e+00
8.780000000000000000e+02,1.875851048939757248e+01,5.347329247124172724e+01,-1.343878729881751825e-02,3.567732318415074815e+02,8.180524448128045911e-02,0.000000000000000000e+00,6.922456166486341544e+00,1.000000000000000000e+00
8.780000000000000000e+02,3.560710848613361890e+01,1.095397314005431788e+01,2.621753144848403341e-03,-7.641940023943622862e+01,3.685955606608497526e-01,0.000000000000000000e+00,5.200530587114076120e+00,1.000000000000000000e+00
8.780000000000000000e+02,1.385563957945114453e+02,1.643458321098007247e+01,-5.777417355788550500e-03,1.582073044092655891e+02,2.243257804613723039e-01,0.000000000000000000e+00,1.153383536966396328e+01,1.000000000000000000e+00
8.780000000000000000e+02,2.495353584399153846e+01,3.680249618070700990e+01,8.829601526007049839e-03,-2.373132325866268388e+02,1.194817565601098419e-01,0.000000000000000000e+00,6.339012484620017318e+00,1.000000000000000000e+00
8.800000000000000000e+02,1.201424543781082406e+02,2.245882220315346345e+01,-7.388369000642385984e-03,1.999596424098544105e+02,2.756683963216867150e-01,0.000000000000000000e+00,5.119140057272826283e+00,1.000000000000000000e+00
8.800000000000000000e+02,2.615344501436648983e+01,2.763964304143244988e+01,3.506695237409403979e-03,-9.935516089841470944e+01,3.278628760224370220e-01,0.000000000000000000e+00,6.542659952535415435e+00,1.000000000000000000e+00
8.800000000000000000e+02,9.662138329946864701e+01,4.853295856644954398e+01,2.841237464675071787e-03,-8.210795305013456868e+01,2.865958531623369332e-01,0.000000000000000000e+00,6.243803722458940442e+00,1.000000000000000000e+00
8.810000000000000000e+02,5.035429321982967110e+00,1.481594000951048251e+01,-8.486307663881600960e-03,2.284158076323913349e+02,1.551379361141700386e-01,0.000000000000000000e+00,6.483281415954676774e+00,1.000000000000000000e+00
8.810000000000000000e+02,1.406273201467630827e+02,3.444410449712632527e+01,-9.159468086533057232e-03,2.458626512946124478e+02,1.959568048976506605e-01,0.000000000000000000e+00,8.624968365217380750e+00,1.000000000000000000e+00
8.810000000000000000e+02,5.588459742662647045e+01,3.728260629346205235e+01,-8.026954010164637221e-02,2.088879958180075846e+03,2.024330560743337060e-02,0.000000000000000000e+00,4.743560530333816416e+00,1.000000000000000000e+00
8.810000000000000000e+02,2.277133438419281575e+01,2.203895317858725278e+01,3.696178070831175177e-03,-1.042661408968571095e+02,3.323328149203177428e-01,0.000000000000000000e+00,6.542659952535415435e+00,1.000000000000000000e+00
8.810000000000000000e+02,1.099841070743212867e+01,2.390349880207465461e+01,3.420774061871577863e-03,-9.712827223051260717e+01,3.169341718315955569e-01,0.000000000000000000e+00,8.223848336046664542e+00,1.000000000000000000e+00
8.820000000000000000e+02,7.841717936800797872e+01,2.060968667328669568e+01,-2.736135889741767024e-02,7.176157916285171723e+02,1.706894374222289734e-02,0.000000000000000000e+00,1.108993502894430883e+01,1.000000000000000000e+00
8.820000000000000000e+02,3.218781090317216353e+01,3.312344546041913418e+01,-7.778181361196352672e-03,2.100627249490781878e+02,5.252051388896972206e-02,0.000000000000000000e+00,8.116042744733025671e+00,1.000000000000000000e+00
8.820000000000000000e+02,1.050041722131881841e+02,5.514900846308943727e+00,3.567906865265868966e-03,-1.009416322142941311e+02,3.313471021339845501e-01,0.000000000000000000e+00,1.665345784951750829e+01,1.000000000000000000e+00
8.820000000000000000e+02,7.796788244310171478e+01,9.528856775689865444e+00,7.500660980152932047e-03,-2.028700045540296912e+02,1.225399771035562413e-01,0.000000000000000000e+00,1.108993502894430883e+01,1.000000000000000000e+00
8.830000000000000000e+02,8.275437019194498589e+01,4.695887882667105373e+01,4.057141494888908718e-03,-1.136215221929082162e+02,2.774166674635054619e-01,0.000000000000000000e+00,5.696731422777228104e+00,1.000000000000000000e+00
8.830000000000000000e+02,1.026496345382808499e+02,4.690652937144864865e+01,3.375246268630435319e-03,-9.594829155393706799e+01,2.209593234135239781e-01,0.000000000000000000e+00,6.243803722458940442e+00,1.000000000000000000e+00
8.840000000000000000e+02,5.626883768618647252e+01,9.507899779112721106e+00,-3.290808653729819511e-02,8.613748224829241735e+02,3.082706706841609190e-02,0.000000000000000000e+00,1.599756262991036415e+01,1.000000000000000000e+00
8.840000000000000000e+02,1.145917129307278337e+01,1.569256821309647343e+01,-8.964189025959684934e-03,2.408014457844764422e+02,1.019655766496962990e-01,0.000000000000000000e+00,6.483281415954676774e+00,1.000000000000000000e+00
8.840000000000000000e+02,1.341533013580357476e+02,1.552848198310866756e+01,-7.364419268734686067e-03,1.993389178183819581e+02,1.226943824425650309e-01,0.000000000000000000e+00,1.295344534732192621e+01,1.000000000000000000e+00
8.840000000000000000e+02,6.505115477826811343e+01,2.347161836306498728e+01,-4.083456178774797114e-03,1.143035411594563726e+02,2.467538999099146979e-01,0.000000000000000000e+00,1.366898922124412152e+01,1.000000000000000000e+00
8.840000000000000000e+02,1.363720893936635719e+02,4.194631020870720306e+01,-5.170979685808254830e-03,1.424897683465340492e+02,2.123164482809043463e-01,0.000000000000000000e+00,8.624968365217380750e+00,1.000000000000000000e+00
8.840000000000000000e+02,1.116785601441731757e+02,4.918026480474198081e+01,-3.517123852936550419e-03,9.962544777000302076e+01,2.248864508481148716e-01,0.000000000000000000e+00,9.310820072225201471e+00,1.000000000000000000e+00
8.850000000000000000e+02,1.480632794982312994e+01,5.231784070164618328e+01,-7.184863954892067861e-03,1.946852373821581637e+02,1.139157154888044143e-01,0.000000000000000000e+00,1.333098590176592957e+01,1.000000000000000000e+00
8.850000000000000000e+02,6.258634279666139832e+01,4.258225238180828143e+01,4.437415215814351742e-03,-1.234773840864297085e+02,4.313091987399190197e-01,0.000000000000000000e+00,3.879977201195157654e+00,1.000000000000000000e+00
8.850000000000000000e+02,3.594852989836626733e+01,4.821185051561234047e+01,-4.025794729083954741e-03,1.128090826853074304e+02,2.973643876001651476e-01,0.000000000000000000e+00,5.688945772490746400e+00,1.000000000000000000e+00
8.860000000000000000e+02,1.002958509692471409e+02,2.999621594058760010e+01,9.077407143064875061e-03,-2.437358113864899281e+02,1.340755827242422482e-01,0.000000000000000000e+00,6.253539315843202218e+00,1.000000000000000000e+00
8.860000000000000000e+02,8.274477205569257876e+01,3.898632623546949105e+01,-8.319724293976107909e-03,2.240983315692272413e+02,7.731674577952507565e-02,0.000000000000000000e+00,7.972558368785660043e+00,1.000000000000000000e+00
8.860000000000000000e+02,1.272694820603801844e+02,4.193362505403651852e+01,2.569567013334189253e-03,-7.506685001926972234e+01,3.857819872988802468e-01,0.000000000000000000e+00,9.102616172128401573e+00,1.000000000000000000e+00
8.870000000000000000e+02,1.799382898691863986e+01,2.142023618320115119e+01,4.274297014925286520e-03,-1.192497176140532957e+02,2.621510307432752818e-01,0.000000000000000000e+00,5.329570057998010313e+00,1.000000000000000000e+00
8.870000000000000000e+02,4.069825426674933766e+01,3.225724200949701270e+01,-2.991005140468038295e-02,7.836723187519344265e+02,1.287164961056952439e-02,0.000000000000000000e+00,8.554411415348466718e+00,1.000000000000000000e+00
8.870000000000000000e+02,3.441220006959099464e+01,2.185963506003289325e+01,3.482866766827125062e-03,-9.873757913488593374e+01,4.052555867011717883e-01,0.000000000000000000e+00,6.390819750832823942e+00,1.000000000000000000e+00
8.870000000000000000e+02,2.876179315118005064e+01,4.654057735100726489e+01,-8.260325006598324971e-03,2.225588321487984160e+02,8.709838099261857369e-02,0.000000000000000000e+00,7.378505205262499089e+00,1.000000000000000000e+00
8.870000000000000000e+02,7.120410676614486079e+01,4.867820196987590720e+01,-7.220192178225650660e-03,1.956008675479027659e+02,2.261371704598945653e-01,0.000000000000000000e+00,8.133863922753509001e+00,1.000000000000000000e+00
8.870000000000000000e+02,7.894030045134007878e+01,5.119038221400982280e+01,4.438395694092872948e-03,-1.235027959357659881e+02,3.874552149812128254e-01,0.000000000000000000e+00,5.696731422777228104e+00,1.000000000000000000e+00
8.880000000000000000e+02,4.030755629134774409e+01,1.939237907286234730e+01,3.275625698653408888e-03,-9.336634458937159309e+01,3.869266027499428384e-01,0.000000000000000000e+00,6.390819750832823942e+00,1.000000000000000000e+00
8.880000000000000000e+02,1.002958891271836279e+02,1.928242233591208077e+01,-8.256037482922770274e-03,2.224477089265346592e+02,8.421791604935446873e-02,0.000000000000000000e+00,7.869481615618425963e+00,1.000000000000000000e+00
8.890000000000000000e+02,5.998870688624275260e+01,3.970015058646903583e+01,-7.117711919525235992e-03,1.929448037154990914e+02,7.140151690569995768e-02,0.000000000000000000e+00,3.879977201195157654e+00,1.000000000000000000e+00
8.900000000000000000e+02,8.927261663364464539e+01,8.692714925800341774e+00,-8.899699751028385813e-03,2.391300250357867299e+02,7.220502991147703664e-02,0.000000000000000000e+00,1.024222437803374852e+01,1.000000000000000000e+00
8.900000000000000000e+02,6.576941119517950085e+01,1.718682814870217612e+01,-5.397595254911040016e-03,1.483631475181563815e+02,1.600292872507944608e-01,0.000000000000000000e+00,4.871885392229923006e+00,1.000000000000000000e+00
8.900000000000000000e+02,7.389384765807417921e+01,1.281720653393934839e+01,-4.169353049761571374e-03,1.165297999066319790e+02,1.698906869324199320e-01,0.000000000000000000e+00,6.408812543662364192e+00,1.000000000000000000e+00
8.900000000000000000e+02,1.048441647698761159e+02,2.570441031290539158e+01,-7.345380099834579284e-03,1.988454642639522092e+02,1.413303142900673715e-01,0.000000000000000000e+00,6.253539315843202218e+00,1.000000000000000000e+00
8.900000000000000000e+02,1.163704996383254411e+02,4.578577524748349958e+01,7.675063253245295591e-03,-2.073901294612450386e+02,7.507911279190637721e-02,0.000000000000000000e+00,1.155970929345249232e+01,1.000000000000000000e+00
8.900000000000000000e+02,1.910333933987531552e+01,2.663303809578049552e+01,-6.763510072419383345e-03,1.837646676834592938e+02,1.104260424444404309e-01,0.000000000000000000e+00,5.329570057998010313e+00,1.000000000000000000e+00
8.900000000000000000e+02,4.797342286693059066e+00,4.351242242036398977e+01,3.696355667652809467e-03,-1.042707438174651742e+02,2.229776741037156063e-01,0.000000000000000000e+00,1.324253267750399488e+01,1.000000000000000000e+00
8.910000000000000000e+02,6.493716862875059803e+01,3.084156210891963568e+01,-1.100126550424661460e-02,2.935980060823505369e+02,4.721235029648740422e-02,0.000000000000000000e+00,1.014701253727592345e+01,1.000000000000000000e+00
8.910000000000000000e+02,5.949418104959922715e+01,2.031272032322638310e+01,-4.027830516583330404e-03,1.128618458380953058e+02,2.846001517490288624e-01,0.000000000000000000e+00,6.025100215268317960e+00,1.000000000000000000e+00
8.920000000000000000e+02,8.381485423824801728e+01,1.735966305333538884e+01,-2.469334183339238695e-02,6.484666333627336599e+02,1.824468333316009439e-02,0.000000000000000000e+00,1.024222437803374852e+01,1.000000000000000000e+00
8.920000000000000000e+02,5.425847167844121088e+01,4.679739141733555385e+01,-4.741961529617578358e-03,1.313705574609163307e+02,1.462772258462230468e-01,0.000000000000000000e+00,8.301962868322434019e+00,1.000000000000000000e+00
8.920000000000000000e+02,1.287529378961789348e+02,4.777836457247639146e+01,3.336234584125667962e-03,-9.493719414290139014e+01,2.760869769173101007e-01,0.000000000000000000e+00,1.254173789502991987e+01,1.000000000000000000e+00
8.920000000000000000e+02,1.129030385681684550e+02,1.177830356716968652e+01,-8.658945099629476033e-03,2.328901918213433362e+02,1.423145371732048581e-01,0.000000000000000000e+00,5.802546120925997641e+00,1.000000000000000000e+00
8.930000000000000000e+02,1.185238837244585852e+02,1.321901214786292300e+01,6.660542099887373745e-03,-1.810959633768307242e+02,2.312631213121630891e-01,0.000000000000000000e+00,5.802546120925997641e+00,1.000000000000000000e+00
8.930000000000000000e+02,1.158987972635982402e+02,2.143141107350472652e+01,7.909905544125380231e-03,-2.134767272414953254e+02,1.076889594634456992e-01,0.000000000000000000e+00,3.146166769816948872e+00,1.000000000000000000e+00
8.930000000000000000e+02,1.869854134351477271e+01,4.173876223792201046e+01,2.945992482720227647e-03,-8.482297366211325595e+01,3.831986042114717828e-01,0.000000000000000000e+00,3.320577392548137663e+00,1.000000000000000000e+00
8.930000000000000000e+02,6.623751338887025497e+01,4.153672648812159451e+01,-6.724192480967304542e-03,1.827456418344089286e+02,4.141460687438501820e-01,0.000000000000000000e+00,5.316362839482915881e+00,1.000000000000000000e+00
8.940000000000000000e+02,7.052022391048261341e+01,1.826620103104524162e+01,3.849564604993333406e-03,-1.082415838839483371e+02,2.516265635500886111e-01,0.000000000000000000e+00,4.871885392229923006e+00,1.000000000000000000e+00
8.940000000000000000e+02,5.031879870783411945e+01,1.963125944924338029e+01,-8.811009972676359450e-03,2.368313802472976874e+02,6.851991594194650759e-02,0.000000000000000000e+00,8.254621285457211854e+00,1.000000000000000000e+00
8.940000000000000000e+02,2.519787548273163580e+01,2.592579741629732126e+01,3.111623791340702161e-03,-8.911577438216798441e+01,3.336809446148722991e-01,0.000000000000000000e+00,6.135434799205172318e+00,1.000000000000000000e+00
8.940000000000000000e+02,1.420826024992605028e+02,9.955381616553152568e+00,-9.823112149825494188e-03,2.630628517669140365e+02,1.852221111646029650e-01,0.000000000000000000e+00,1.437275334156998952e+01,1.000000000000000000e+00
8.940000000000000000e+02,6.840354217860105734e+01,4.639183031019297943e+01,-1.057891641728156765e-02,2.826516428631089752e+02,1.862813256443871524e-01,0.000000000000000000e+00,5.316362839482915881e+00,1.000000000000000000e+00
8.950000000000000000e+02,4.559100910455288869e+01,6.684489145862249515e+00,-8.868912373418054787e-03,2.383320836449047420e+02,2.088179805660627109e-01,0.000000000000000000e+00,4.249545689247388403e+00,1.000000000000000000e+00
8.950000000000000000e+02,1.339712413724166709e+02,2.192088531853958955e+01,-3.654033887168287031e-02,9.555148468921711356e+02,1.964179410620470190e-02,0.000000000000000000e+00,3.802204150442987984e+00,1.000000000000000000e+00
8.950000000000000000e+02,1.510087185746656324e+01,5.183119336918552023e+01,3.972862942016798515e-03,-1.114372067064951466e+02,2.641752553166225592e-01,0.000000000000000000e+00,7.423463866112856913e+00,1.000000000000000000e+00
8.960000000000000000e+02,4.167984742135697473e+01,5.022727173466331685e+00,7.533966570984988037e-03,-2.037332125157158771e+02,3.783960787369948786e-01,0.000000000000000000e+00,4.249545689247388403e+00,1.000000000000000000e+00
8.960000000000000000e+02,1.438830726349089275e+02,2.438044250023490633e+01,-6.942707332319072652e-03,1.884090681457649339e+02,3.262445215529589104e-01,0.000000000000000000e+00,6.528249573708699849e+00,1.000000000000000000e+00
8.960000000000000000e+02,1.793686250006827620e+01,4.497080177347039154e+01,-4.499365486506327373e-03,1.250829994066797610e+02,3.299980021652834106e-01,0.000000000000000000e+00,3.320577392548137663e+00,1.000000000000000000e+00
8.960000000000000000e+02,1.143117105184821725e+01,1.034219929020648898e+01,3.387319992759740914e-03,-9.626121603704181950e+01,3.781820886756188660e-01,0.000000000000000000e+00,1.191263746265409651e+01,1.000000000000000000e+00
8.960000000000000000e+02,5.702425356480165419e+01,1.481715021414144218e+01,4.485703833555528160e-03,-1.247289192867266507e+02,3.927553485799364363e-01,0.000000000000000000e+00,6.025100215268317960e+00,1.000000000000000000e+00
8.960000000000000000e+02,1.086917718491374387e+02,2.270745965537757627e+01,3.502909606949193826e-03,-9.925704564894402893e+01,2.435394178189966841e-01,0.000000000000000000e+00,7.319119845171521810e+00,1.000000000000000000e+00
8.960000000000000000e+02,1.189090142993789811e+02,2.234626556521137175e+01,-5.032883473960528091e-03,1.389106170218582861e+02,2.852983915048760144e-01,0.000000000000000000e+00,3.146166769816948872e+00,1.000000000000000000e+00
8.960000000000000000e+02,4.121652770313104952e+01,3.139015410684723406e+01,3.823768133671351724e-03,-1.075729958519620766e+02,1.997498341419167156e-01,0.000000000000000000e+00,1.487020312610700934e+01,1.000000000000000000e+00
8.960000000000000000e+02,6.251447964527456946e+01,4.592508417869279214e+01,-8.007343836630370984e-03,2.160021143540537025e+02,2.772541403792093684e-01,0.000000000000000000e+00,5.754881708284496078e+00,1.000000000000000000e+00
8.970000000000000000e+02,1.018631432124765723e+02,5.710100896568236273e+00,-6.624309019217621518e-03,1.801568812909352459e+02,1.443913165605849036e-01,0.000000000000000000e+00,1.009208054790390108e+01,1.000000000000000000e+00
8.970000000000000000e+02,7.650856213989133892e+01,6.796214213294863526e+00,-3.518793020301047830e-03,9.966870893194086989e+01,2.483516355172333823e-01,0.000000000000000000e+00,1.284400076388438805e+01,1.000000000000000000e+00
8.970000000000000000e+02,3.095077776838658679e+01,1.291477886457916746e+01,-4.376875531159686236e-03,1.219083280665142297e+02,2.005550550920756070e-01,0.000000000000000000e+00,4.285300619968522184e+00,1.000000000000000000e+00
8.970000000000000000e+02,2.061700666495813650e+01,1.985954710365000153e+01,5.437371593802553006e-03,-1.493940630959949090e+02,2.991890410239620435e-01,0.000000000000000000e+00,3.896833358517157730e+00,1.000000000000000000e+00
8.980000000000000000e+02,9.186753160994949496e+01,7.102163566424152030e+00,-2.238169081079463205e-02,5.885537023053489065e+02,2.528116403534230727e-02,0.000000000000000000e+00,4.224877454577235625e+00,1.000000000000000000e+00
8.980000000000000000e+02,9.815134159572190242e+01,2.418933688257446235e+01,-7.715107345448511504e-03,2.084279846184351470e+02,1.636562010047470928e-01,0.000000000000000000e+00,8.141879331803609787e+00,1.000000000000000000e+00
8.980000000000000000e+02,7.415300200564458066e+01,3.033508396416435460e+01,-8.269653863875701949e-02,2.151782444156042402e+03,8.413610302752783099e-03,0.000000000000000000e+00,1.231842110785443012e+01,1.000000000000000000e+00
8.980000000000000000e+02,7.512253966443938680e+01,4.490584856144509729e+01,-5.482439229215123853e-03,1.505621174895851766e+02,2.201200323625370769e-01,0.000000000000000000e+00,6.881356622956959157e+00,1.000000000000000000e+00
8.990000000000000000e+02,3.310366031497220973e+01,4.783704937170975313e+01,-8.106665810058937341e-03,2.185763223501299990e+02,1.328248741341908623e-01,0.000000000000000000e+00,6.441916496337500853e+00,1.000000000000000000e+00
8.990000000000000000e+02,6.214351304225104400e+01,1.104237991023090082e+01,-8.490929295407548608e-03,2.285355901983062950e+02,1.478003598803293572e-01,0.000000000000000000e+00,6.360480205514382313e+00,1.000000000000000000e+00
8.990000000000000000e+02,2.182883724177938589e+01,1.615593037440638469e+01,-8.134151673281509592e-03,2.192886957197297590e+02,1.503348352403122146e-01,0.000000000000000000e+00,3.896833358517157730e+00,1.000000000000000000e+00
8.990000000000000000e+02,9.683947139749517419e+01,1.615384090306856990e+01,4.902058585197629006e-03,-1.355199224644101434e+02,2.094613127313091905e-01,0.000000000000000000e+00,8.141879331803609787e+00,1.000000000000000000e+00
8.990000000000000000e+02,6.286705027448268979e+00,2.805451722594645503e+01,-9.323877986272273433e-03,2.501237957718431630e+02,7.953022723620650769e-02,0.000000000000000000e+00,8.412604827168278732e+00,1.000000000000000000e+00
8.990000000000000000e+02,1.260555015893651287e+01,3.965709644089112373e+01,-7.037835682568262426e-03,1.908745866147584422e+02,1.677794898235515086e-01,0.000000000000000000e+00,5.760759714379108054e+00,1.000000000000000000e+00
8.990000000000000000e+02,9.694913121850362359e+01,4.012284958543931879e+01,-3.766000310525411190e-03,1.060757804108577602e+02,3.607004131560138660e-01,0.000000000000000000e+00,5.221756678654449146e+00,1.000000000000000000e+00
8.990000000000000000e+02,1.197396565624359965e+02,4.463775194144701430e+01,-8.916524017248664627e-03,2.395660731642857684e+02,8.164335477997275436e-02,0.000000000000000000e+00,5.624953408158105184e+00,1.000000000000000000e+00
9.000000000000000000e+02,5.934013334674724405e+01,2.576133646676842659e+01,-4.398543091758241180e-03,1.224699037765295344e+02,2.302913542088947940e-01,0.000000000000000000e+00,7.681337370304332168e+00,1.000000000000000000e+00
9.000000000000000000e+02,2.412754144230700959e+01,2.709157274456802611e+01,4.893806393444771231e-03,-1.353060437298052818e+02,2.217291009059884077e-01,0.000000000000000000e+00,8.039032858116183178e+00,1.000000000000000000e+00
9.000000000000000000e+02,1.021182136276133861e+02,3.938303213572326911e+01,-4.224919287129391167e-03,1.179699550667284456e+02,2.893883112958490766e-01,0.000000000000000000e+00,5.221756678654449146e+00,1.000000000000000000e+00
9.010000000000000000e+02,5.689934557837181472e+01,6.010007025885577114e+00,-8.236547760800483689e-03,2.219425780194793560e+02,1.430091042580010630e-01,0.000000000000000000e+00,7.268154458753858016e+00,1.000000000000000000e+00
9.010000000000000000e+02,7.156620334933518457e+00,4.152672642029987315e+01,-9.930962333278371690e-03,2.658580922865999128e+02,9.308390622691087302e-02,0.000000000000000000e+00,5.760759714379108054e+00,1.000000000000000000e+00
9.020000000000000000e+02,6.867408759719289435e+01,4.136798908907565675e+01,-7.662784604609772579e-03,2.070718937838064733e+02,9.865373856334114233e-02,0.000000000000000000e+00,7.355201133198856489e+00,1.000000000000000000e+00
9.020000000000000000e+02,1.441291795158026900e+02,1.072491423317984705e+01,-7.326351173557022964e-03,1.983522761758634942e+02,2.667592859043604880e-01,0.000000000000000000e+00,2.140021986049480418e+01,1.000000000000000000e+00
9.020000000000000000e+02,2.987185209307245870e+01,8.767524255726396376e+00,4.816519432909523342e-03,-1.333029350023557811e+02,2.354095190686595895e-01,0.000000000000000000e+00,4.285300619968522184e+00,1.000000000000000000e+00
9.020000000000000000e+02,4.766548147161384463e+01,1.251593245742094140e+01,-6.396259538329739786e-03,1.742463382666884968e+02,1.681418576243625118e-01,0.000000000000000000e+00,6.522738766729667681e+00,1.000000000000000000e+00
9.020000000000000000e+02,5.953843141676379958e+01,4.310578134601001921e+01,-6.485377099143468244e-03,1.765560702395686690e+02,2.428797579290145059e-01,0.000000000000000000e+00,4.492511854378555824e+00,1.000000000000000000e+00
9.020000000000000000e+02,1.106766015425391601e+02,4.916014424635110913e+01,3.928464424387778826e-03,-1.102864943802166522e+02,3.190349560261531714e-01,0.000000000000000000e+00,1.012872146191872602e+01,1.000000000000000000e+00
9.030000000000000000e+02,9.600633920238951191e+01,7.950609922392454010e+00,-7.345377068554534601e-03,1.988453856998131641e+02,7.487190888496386698e-02,0.000000000000000000e+00,4.224877454577235625e+00,1.000000000000000000e+00
9.030000000000000000e+02,7.613108777377585845e+00,1.637861768259360318e+01,-4.788471245790045308e-03,1.325759874290644404e+02,2.314345138783758804e-01,0.000000000000000000e+00,3.515282585331692911e+00,1.000000000000000000e+00
9.040000000000000000e+02,9.157677736441051763e+00,5.249498531422052139e+00,-8.386273221820957080e-03,2.258231340099653153e+02,9.329358646022389845e-02,0.000000000000000000e+00,1.123579041947097679e+01,1.000000000000000000e+00
9.040000000000000000e+02,4.039044370160822695e+01,3.002592992152916196e+01,-7.503269643594275874e-03,2.029376153964039133e+02,8.173116677333125413e-02,0.000000000000000000e+00,1.536969025937614752e+01,1.000000000000000000e+00
9.040000000000000000e+02,1.359171203214757213e+02,3.918062019989065448e+01,-7.232767138900478981e-03,1.959267829843572031e+02,1.236713205672267391e-01,0.000000000000000000e+00,1.353197098195461479e+01,1.000000000000000000e+00
9.040000000000000000e+02,8.154709376792673936e+00,1.985192740754608565e+01,4.159136450345968759e-03,-1.162650080282540443e+02,2.660788221602712333e-01,0.000000000000000000e+00,3.515282585331692911e+00,1.000000000000000000e+00
9.040000000000000000e+02,1.181289014477029156e+02,3.924835783781062304e+01,3.310198136711591573e-03,-9.426238645625248580e+01,3.893035823726144207e-01,0.000000000000000000e+00,5.624953408158105184e+00,1.000000000000000000e+00
9.050000000000000000e+02,3.267758412865348561e+01,1.673160121049442850e+01,-7.495341846817924793e-03,2.027321442690342224e+02,1.765021109048443559e-01,0.000000000000000000e+00,5.652830398269934165e+00,1.000000000000000000e+00
9.050000000000000000e+02,6.592011794471277142e+01,3.275010015745421299e+01,-7.817382714229416385e-03,2.110787381529167135e+02,1.146721662420154830e-01,0.000000000000000000e+00,7.434320598118298484e+00,1.000000000000000000e+00
9.050000000000000000e+02,4.648795066507219786e+01,6.100362161754043555e+00,3.421702310374772314e-03,-9.715233039847669261e+01,3.218858280850047660e-01,0.000000000000000000e+00,6.522738766729667681e+00,1.000000000000000000e+00
9.060000000000000000e+02,1.375435948551720244e+01,2.862633577237945914e+01,-4.472103485547319207e-03,1.243764280566029186e+02,2.179665040885794269e-01,0.000000000000000000e+00,4.381252992601358365e+00,1.000000000000000000e+00
9.060000000000000000e+02,1.248102717194533113e+02,4.691057186780000876e+01,-4.733582540555600349e-03,1.311533924177963115e+02,1.434091942116642038e-01,0.000000000000000000e+00,1.016613164136664871e+01,1.000000000000000000e+00
9.060000000000000000e+02,9.775770014412590569e+01,2.630895177743204272e+01,-1.788265136552575837e-02,4.719484545954518921e+02,3.590375281187274670e-02,0.000000000000000000e+00,1.623412022531862320e+01,1.000000000000000000e+00
9.070000000000000000e+02,1.233466404892893706e+02,5.620457191635945371e+00,-4.061442711627410822e-03,1.137330003093702544e+02,3.301043707476950528e-01,0.000000000000000000e+00,6.342717523756900455e+00,1.000000000000000000e+00
9.080000000000000000e+02,1.345014002029098776e+02,7.289443399754524933e+00,-8.955177956358049973e-03,2.405678985982798963e+02,1.672481627664410553e-01,0.000000000000000000e+00,6.626078605839339275e+00,1.000000000000000000e+00
9.080000000000000000e+02,1.008242969047191551e+01,2.623629197248017064e+01,2.740038563346533680e-03,-7.948509919412033753e+01,4.219568954602790356e-01,0.000000000000000000e+00,4.040643236417508888e+00,1.000000000000000000e+00
9.080000000000000000e+02,7.768396603670321099e+01,1.439138177178609901e+01,-8.743884706630280709e-03,2.350916403827969248e+02,7.664140724134149707e-02,0.000000000000000000e+00,1.472006876850350388e+01,1.000000000000000000e+00
9.080000000000000000e+02,1.136643442405769520e+02,5.223352640824401050e+01,4.316105405191830377e-03,-1.203332995125202984e+02,1.469175260713219133e-01,0.000000000000000000e+00,1.235174256548461713e+01,1.000000000000000000e+00
9.090000000000000000e+02,1.170620006323226079e+02,2.155143557831677015e+01,-2.099690834751610780e-02,5.526631740894391669e+02,6.357816789741432828e-02,0.000000000000000000e+00,5.146931248816973614e+00,1.000000000000000000e+00
9.090000000000000000e+02,3.108815908393399852e+01,1.130682291651567084e+01,4.183969803139299046e-03,-1.169086341375958114e+02,4.342730783013587503e-01,0.000000000000000000e+00,3.618231418246038888e+00,1.000000000000000000e+00
9.090000000000000000e+02,6.790484404606205260e+01,3.991459490992831149e+01,-5.824224073271027508e-03,1.594204320008164473e+02,2.600372555179858436e-01,0.000000000000000000e+00,7.434320598118298484e+00,1.000000000000000000e+00
9.090000000000000000e+02,7.078361481501353580e+01,5.007424038018752555e+01,-5.181287050058175185e-03,1.427569126506058694e+02,2.702139882188406839e-01,0.000000000000000000e+00,8.236053770385492356e+00,1.000000000000000000e+00
9.090000000000000000e+02,3.156848208847420167e+01,5.247677343500650693e+01,2.768148790503726503e-03,-8.021365470929654862e+01,2.892197100211721938e-01,0.000000000000000000e+00,4.868159027056291777e+00,1.000000000000000000e+00
9.100000000000000000e+02,9.728906407804278444e+01,6.093351695922654798e+00,-8.468797341237956425e-03,2.279619784241389766e+02,1.141713687918354259e-01,0.000000000000000000e+00,9.452502006347561547e+00,1.000000000000000000e+00
9.100000000000000000e+02,2.096328107774922955e+01,4.862156404345511618e+01,-1.014951836567380521e-02,2.715225859204046515e+02,7.772113639027533605e-02,0.000000000000000000e+00,6.685372084204689536e+00,1.000000000000000000e+00
9.100000000000000000e+02,7.883140994597809481e+01,4.832336196102067305e+01,-7.138975502143075913e-03,1.934959092011289954e+02,1.453152580799411675e-01,0.000000000000000000e+00,8.236053770385492356e+00,1.000000000000000000e+00
9.100000000000000000e+02,1.282894494690363558e+02,9.595215671833884130e+00,-6.967282239631316515e-03,1.890459959143368280e+02,1.540413744359285797e-01,0.000000000000000000e+00,6.342717523756900455e+00,1.000000000000000000e+00
9.100000000000000000e+02,2.069309640695882280e+01,1.840263361100474526e+01,-4.734113532591665077e-03,1.311671545682843316e+02,4.081822144903121119e-01,0.000000000000000000e+00,1.210042541545566408e+01,1.000000000000000000e+00
9.100000000000000000e+02,5.613086029420841783e+01,3.115161506536488289e+01,-6.660406418047815774e-03,1.810924468007473536e+02,1.463503489822973735e-01,0.000000000000000000e+00,9.918907194726134691e+00,1.000000000000000000e+00
9.100000000000000000e+02,8.286444781237031876e+00,3.494018349499334875e+01,-4.472865785274678097e-03,1.243961851957921141e+02,3.318703216319134341e-01,0.000000000000000000e+00,5.353569520967961459e+00,1.000000000000000000e+00
9.100000000000000000e+02,8.505436264309945926e+00,4.184184972109625988e+01,-7.779351181863580940e-03,2.100930441383935090e+02,1.511972936521984723e-01,0.000000000000000000e+00,6.905139677529200881e+00,1.000000000000000000e+00
9.110000000000000000e+02,3.685095568007856315e+01,9.677332062259882406e+00,3.270908199956125764e-03,-9.324407735636339112e+01,2.576114292529573246e-01,0.000000000000000000e+00,4.753749257130582606e+00,1.000000000000000000e+00
9.110000000000000000e+02,4.300667491100478657e+01,3.343660050170284137e+01,-9.474521884270462047e-03,2.540281556370440228e+02,6.409573030750503886e-02,0.000000000000000000e+00,8.600644219250296985e+00,1.000000000000000000e+00
9.110000000000000000e+02,2.961810545909870385e+01,8.000686056660750722e+00,-5.983536158310452657e-03,1.635494522872994310e+02,1.541965385750934114e-01,0.000000000000000000e+00,3.618231418246038888e+00,1.000000000000000000e+00
9.120000000000000000e+02,1.083690801148450760e+02,7.511880508527545075e+00,-3.408617904682895855e-02,8.919083998320772935e+02,1.045272196495505845e-02,0.000000000000000000e+00,3.642933912742849945e+00,1.000000000000000000e+00
9.120000000000000000e+02,1.334859830557502107e+02,5.262493153575996985e+01,-7.873320404414128545e-03,2.125285205563955060e+02,1.001672788239422740e-01,0.000000000000000000e+00,1.982550285095005904e+01,1.000000000000000000e+00
9.120000000000000000e+02,5.402951816165018073e+01,1.243530061503242123e+01,4.448930243222428554e-03,-1.237758283742914358e+02,2.248584969212060747e-01,0.000000000000000000e+00,1.277095133805467775e+01,1.000000000000000000e+00
9.120000000000000000e+02,9.774072990768659963e+01,2.650544448210355242e+01,2.159435923768364060e-02,-5.681477925040973105e+02,8.438431398554024909e-02,0.000000000000000000e+00,8.219560841579481192e+00,1.000000000000000000e+00
9.130000000000000000e+02,7.850264253064796804e+00,2.960441240145114961e+01,-4.369659117696890992e-03,1.217212944364154481e+02,1.845449921246057334e-01,0.000000000000000000e+00,4.040643236417508888e+00,1.000000000000000000e+00
9.130000000000000000e+02,7.589349311193140579e+01,3.565115546689261805e+01,-7.331878988725930996e-03,1.984955450368962317e+02,1.381344898335171711e-01,0.000000000000000000e+00,9.055132786549725310e+00,1.000000000000000000e+00
9.130000000000000000e+02,6.530144155526215854e+01,6.431889827196592080e+00,-1.031276710820852247e-02,2.757536357462975047e+02,1.623143760038063821e-01,0.000000000000000000e+00,9.811806536154868752e+00,1.000000000000000000e+00
9.130000000000000000e+02,2.755833668038852124e+01,4.971675421066784395e+01,-3.298467025714374012e-03,9.395834175507047803e+01,3.105144120962343157e-01,0.000000000000000000e+00,4.868159027056291777e+00,1.000000000000000000e+00
9.140000000000000000e+02,1.371590299270953324e+02,5.791044826573378046e+00,-6.342220675401968703e-03,1.728457693065118690e+02,1.247872748315095315e-01,0.000000000000000000e+00,9.650967481134298254e+00,1.000000000000000000e+00
9.140000000000000000e+02,1.207857114684762649e+02,1.799828502018382181e+01,-3.934187982999514700e-03,1.104348364825303861e+02,1.995565808856758494e-01,0.000000000000000000e+00,5.146931248816973614e+00,1.000000000000000000e+00
9.140000000000000000e+02,2.007677819579765810e+01,3.711433541048868534e+01,-4.290465170495963952e-03,1.196687607916616969e+02,4.204219441864439633e-01,0.000000000000000000e+00,8.268381931666290541e+00,1.000000000000000000e+00
9.140000000000000000e+02,4.253560196864439291e+01,5.344790339876407614e+01,-6.859094747023499090e-03,1.862420130801980349e+02,1.429740695436461095e-01,0.000000000000000000e+00,8.608146077107752703e+00,1.000000000000000000e+00
9.150000000000000000e+02,8.981844520355961947e+01,4.522878299924326484e+01,3.316400294558734339e-03,-9.442313280242254336e+01,1.951245928902811677e-01,0.000000000000000000e+00,1.141452419954571873e+01,1.000000000000000000e+00
9.150000000000000000e+02,1.033659427487874751e+02,5.176429780733290187e+01,-2.949057561877613948e-02,7.728004252025003780e+02,1.728666906888398636e-02,0.000000000000000000e+00,1.504153062506318506e+01,1.000000000000000000e+00
9.160000000000000000e+02,8.956045396120084945e+01,2.570278274278029329e+01,-8.718755976572192812e-02,2.268179874618852864e+03,6.092010459321173244e-03,0.000000000000000000e+00,8.219560841579481192e+00,1.000000000000000000e+00
9.160000000000000000e+02,4.000407955761274081e+01,2.537710286661961945e+01,5.287611117701748742e-03,-1.455125995913239194e+02,1.958255599185033669e-01,0.000000000000000000e+00,8.339105654153723179e+00,1.000000000000000000e+00
9.160000000000000000e+02,4.500655970978714038e+01,4.341742886341625507e+01,-7.959220105662086209e-03,2.147548526577415657e+02,7.342256838372707151e-02,0.000000000000000000e+00,1.017921774963005710e+01,1.000000000000000000e+00
9.170000000000000000e+02,9.824168387704786198e+01,1.087420006369521808e+01,-5.523746365444438984e-03,1.516327079813557646e+02,1.235956072214572377e-01,0.000000000000000000e+00,7.168457418912193013e+00,1.000000000000000000e+00
9.170000000000000000e+02,1.130500806878285402e+02,1.688512471177969587e+01,3.265947648648074436e-03,-9.311551073206734941e+01,3.257455657465277987e-01,0.000000000000000000e+00,6.037719872654758291e+00,1.000000000000000000e+00
9.180000000000000000e+02,5.601555481153523175e+01,9.601093967924660078e+00,3.603918942014854715e-02,-9.425261508278832707e+02,1.270651536918654401e-02,0.000000000000000000e+00,7.313868063883354864e+00,1.000000000000000000e+00
9.180000000000000000e+02,4.901116362393381820e+01,2.927400400519302792e+01,-1.083329220250042919e-02,2.892445060303871855e+02,5.631175434405177871e-02,0.000000000000000000e+00,7.312427282208975754e+00,1.000000000000000000e+00
9.180000000000000000e+02,3.351038719166660229e+01,3.061354382551333941e+01,-8.752689709427897632e-03,2.353198467688027335e+02,9.231177936084888902e-02,0.000000000000000000e+00,8.341963465487422624e+00,1.000000000000000000e+00
9.180000000000000000e+02,3.502834930378789835e+01,1.181009450115322679e+01,-3.767465306789933091e-03,1.061137499051013151e+02,1.780983938613891482e-01,0.000000000000000000e+00,3.982372149617058543e+00,1.000000000000000000e+00
9.180000000000000000e+02,5.099953562339163682e+01,5.187882533414697406e+01,4.660629040942856210e-03,-1.292625975054303922e+02,4.166565162706612480e-01,0.000000000000000000e+00,8.608146077107752703e+00,1.000000000000000000e+00
9.190000000000000000e+02,7.399894650497394366e+01,4.652764535206188867e+01,-8.567402541144958708e-03,2.305176092205595353e+02,7.184426843493008086e-02,0.000000000000000000e+00,1.587273078226060719e+01,1.000000000000000000e+00
9.190000000000000000e+02,1.228457841240565358e+02,4.113839632555721693e+01,3.218195514715744502e-03,-9.187788001697973073e+01,3.742071794380039673e-01,0.000000000000000000e+00,5.466573653149692014e+00,1.000000000000000000e+00
9.200000000000000000e+02,1.611797651882183047e+01,2.236452319725146509e+01,-6.394395627387769974e-03,1.741980297777895714e+02,9.278397666749294004e-02,0.000000000000000000e+00,9.838595493005826143e+00,1.000000000000000000e+00
9.200000000000000000e+02,4.261860339686550248e+01,3.329574847083235056e+01,7.810781616687213595e-03,-2.109076521636895905e+02,1.508587918260152483e-01,0.000000000000000000e+00,7.552433700708417241e+00,1.000000000000000000e+00
9.210000000000000000e+02,1.440403592123087719e+02,5.361684330759802108e+00,-3.728667248382195633e-03,1.051081892145733150e+02,1.812574794209884654e-01,0.000000000000000000e+00,1.002109661691950748e+01,1.000000000000000000e+00
9.210000000000000000e+02,9.572347391447638643e+01,1.758578708549289615e+01,-3.185918709872401135e-03,9.104133593466458763e+01,3.274871327195922888e-01,0.000000000000000000e+00,7.168457418912193013e+00,1.000000000000000000e+00
9.210000000000000000e+02,6.315779933284392911e+00,3.696783396596887883e+01,-5.136312684672440787e-03,1.415912756118122502e+02,2.576391363411407731e-01,0.000000000000000000e+00,6.417894435426167554e+00,1.000000000000000000e+00
9.210000000000000000e+02,1.051769458640875428e+02,5.173425264212922770e+01,-9.136615399419538083e-03,2.452703597012344687e+02,1.643528930664059917e-01,0.000000000000000000e+00,9.793636243323009083e+00,1.000000000000000000e+00
9.220000000000000000e+02,8.939219525358122098e+01,3.529373272120194827e+01,-7.785031237886371608e-03,2.102402587488899997e+02,7.360474236720426777e-02,0.000000000000000000e+00,6.168593711370600197e+00,1.000000000000000000e+00
9.220000000000000000e+02,1.372988282978342056e+02,1.277613901973183275e+01,-6.276594532706187245e-03,1.711448834355658448e+02,1.700615128562337208e-01,0.000000000000000000e+00,6.542007252392337158e+00,1.000000000000000000e+00
9.220000000000000000e+02,1.170538580801942601e+02,2.140439764589546456e+01,2.035126320197675268e-02,-5.359294661404060207e+02,2.743342295990847113e-02,0.000000000000000000e+00,6.037719872654758291e+00,1.000000000000000000e+00
9.220000000000000000e+02,1.314544417935231309e+02,4.355279430482322311e+01,-8.694777035105339530e-03,2.338188771024830146e+02,1.779124280179419371e-01,0.000000000000000000e+00,8.940822359959391008e+00,1.000000000000000000e+00
9.220000000000000000e+02,3.863909976916801980e+01,1.348990669744268978e+01,-4.913551513371533161e-03,1.358177939885283649e+02,2.752557610629059459e-01,0.000000000000000000e+00,3.982372149617058543e+00,1.000000000000000000e+00
9.220000000000000000e+02,2.577070205121279400e+01,2.426790205373857034e+01,-2.193136637401095490e-03,6.531059920947383546e+01,3.688028745149809495e-01,0.000000000000000000e+00,9.838595493005826143e+00,1.000000000000000000e+00
9.220000000000000000e+02,2.540898992354585317e+01,4.600099103205474904e+01,-8.932787049164392368e-03,2.399875753289404088e+02,1.303785859091058930e-01,0.000000000000000000e+00,5.600395734832922301e+00,1.000000000000000000e+00
9.230000000000000000e+02,2.248138847803956253e+01,5.279793555364298641e+01,-7.386824564556439092e-03,1.999196140094447571e+02,2.087050675640403918e-01,0.000000000000000000e+00,7.400628693109720047e+00,1.000000000000000000e+00
9.230000000000000000e+02,6.316690267573115847e+01,1.113435512674699623e+01,-4.750206156505086541e-03,1.315842401307814384e+02,2.020996047862513301e-01,0.000000000000000000e+00,6.060407997638693089e+00,1.000000000000000000e+00
9.230000000000000000e+02,7.348458878008473505e+01,2.019349276637314361e+01,4.976369377079238078e-03,-1.374458954193673890e+02,3.661793686253361768e-01,0.000000000000000000e+00,5.927760572233081504e+00,1.000000000000000000e+00
9.230000000000000000e+02,5.206711140475032096e+01,3.591725440831022809e+01,2.718112016073171398e-03,-7.891681111677932847e+01,3.127139468539352762e-01,0.000000000000000000e+00,7.312427282208975754e+00,1.000000000000000000e+00
9.230000000000000000e+02,3.419970051492708762e+01,4.552806187662874038e+01,-5.715613086475322159e-03,1.566054731249507199e+02,3.064339101847118885e-01,0.000000000000000000e+00,4.984547251469194862e+00,1.000000000000000000e+00
9.240000000000000000e+02,1.063174995706753805e+02,4.200725680019947106e+01,-4.216286808136419408e-03,1.177462201198422918e+02,3.163461507963272190e-01,0.000000000000000000e+00,4.907167831792960122e+00,1.000000000000000000e+00
9.240000000000000000e+02,5.254012513655510475e+01,1.508645541349264185e+01,-8.163932746305850932e-03,2.200605558999559150e+02,7.820976528626033542e-02,0.000000000000000000e+00,8.929893804169495297e+00,1.000000000000000000e+00
9.240000000000000000e+02,6.128493137666403356e+01,1.689514753121104107e+01,-4.301306916686625445e-03,1.199497551051255044e+02,3.487752930728491574e-01,0.000000000000000000e+00,5.286449438084280139e+00,1.000000000000000000e+00
9.240000000000000000e+02,1.000597036709810936e+02,2.588854963617221472e+01,2.292205964039432768e-03,-6.787825915414579470e+01,3.281885322984461340e-01,0.000000000000000000e+00,9.366896736601713513e+00,1.000000000000000000e+00
9.250000000000000000e+02,1.362091440468613257e+02,3.509360479446827696e+01,-3.369109623706943724e-02,8.816687187938557599e+02,1.376413550122046470e-02,0.000000000000000000e+00,9.703869366907124316e+00,1.000000000000000000e+00
9.250000000000000000e+02,7.094821842281103841e+01,5.266198969770306348e+01,-7.684179833722666608e-02,2.000040399783665180e+03,7.453218526812688260e-03,0.000000000000000000e+00,1.481759820300759145e+01,1.000000000000000000e+00
9.250000000000000000e+02,1.371233824141158948e+02,1.931579326382151862e+01,-8.081582356826856606e-03,2.179262141852366881e+02,9.375724968865317699e-02,0.000000000000000000e+00,6.542007252392337158e+00,1.000000000000000000e+00
9.250000000000000000e+02,7.774842004653761762e+01,2.431151271932867530e+01,-7.432858545785200541e-03,2.011127139699034672e+02,1.895252076938614971e-01,0.000000000000000000e+00,5.927760572233081504e+00,1.000000000000000000e+00
9.260000000000000000e+02,1.253509168373504821e+02,2.807240740603707962e+01,-7.647499046884543433e-03,2.066757256091067347e+02,5.110509083720893297e-02,0.000000000000000000e+00,1.064441347285263006e+01,1.000000000000000000e+00
9.260000000000000000e+02,6.909536070361198767e+01,1.443752790807293707e+01,-7.719978477742348889e-03,2.085542336977464402e+02,2.421265026984917856e-01,0.000000000000000000e+00,6.786572405245316020e+00,1.000000000000000000e+00
9.260000000000000000e+02,1.201484435856714583e+01,2.128448464148123520e+01,-3.278998054717735967e-03,9.345374867173863720e+01,3.565912153617990521e-01,0.000000000000000000e+00,1.407566695812595192e+01,1.000000000000000000e+00
9.270000000000000000e+02,5.905494741398315739e+01,4.382392875559884970e+01,-5.565095017829196390e-03,1.527043744809382986e+02,1.464525379624829204e-01,0.000000000000000000e+00,7.434150278173021320e+00,1.000000000000000000e+00
9.270000000000000000e+02,9.464882151332382421e+01,8.283624663003873678e+00,-3.836429555239929696e-03,1.079011521653982584e+02,4.208684181590284235e-01,0.000000000000000000e+00,1.753334566561832375e+01,1.000000000000000000e+00
9.270000000000000000e+02,7.594090334369428774e+01,9.515217241933957126e+00,2.947959523100828275e-03,-8.487395504016640757e+01,3.908612716677464238e-01,0.000000000000000000e+00,5.454539935233428061e+00,1.000000000000000000e+00
9.270000000000000000e+02,7.839677274699089082e+01,3.407496062713833140e+01,-6.989228185642796382e-03,1.896147867644787652e+02,1.935302122537697622e-01,0.000000000000000000e+00,6.656762482683190818e+00,1.000000000000000000e+00
9.270000000000000000e+02,8.381864914902509156e+01,3.793705112736267893e+01,-4.765997688770438369e-03,1.319935220572727985e+02,3.598824470563449784e-01,0.000000000000000000e+00,4.113733217023365363e+00,1.000000000000000000e+00
9.280000000000000000e+02,6.484755749864453378e+01,2.080081556323882452e+01,-8.066212108804853703e-03,2.175278510235504825e+02,9.762770153788469241e-02,0.000000000000000000e+00,5.286449438084280139e+00,1.000000000000000000e+00
9.280000000000000000e+02,4.493632314502278291e+01,3.082834626525718491e+01,-2.128952479638692233e-02,5.602471514960948298e+02,3.322049026977003106e-02,0.000000000000000000e+00,4.814709181324212217e+00,1.000000000000000000e+00
9.290000000000000000e+02,6.249222156469036449e+00,4.378427636882746299e+01,-6.824383368123446494e-03,1.853423701710323712e+02,1.056942836711861622e-01,0.000000000000000000e+00,6.281560916330908739e+00,1.000000000000000000e+00
9.300000000000000000e+02,1.276364882086364219e+02,6.849310372113149192e+00,-8.214050451639393069e-03,2.213594970442072167e+02,1.220759697124802479e-01,0.000000000000000000e+00,1.566570641098630645e+01,1.000000000000000000e+00
9.300000000000000000e+02,2.913805663827568537e+01,4.463198672971181935e+01,-8.916616413499282162e-03,2.395684678727167238e+02,9.701507355241978381e-02,0.000000000000000000e+00,3.892432802223516397e+00,1.000000000000000000e+00
9.300000000000000000e+02,7.823994594601536789e+01,1.446157034475314518e+01,-6.324325827976973007e-03,1.723819740581913038e+02,9.680394448094953308e-02,0.000000000000000000e+00,5.454539935233428061e+00,1.000000000000000000e+00
9.300000000000000000e+02,1.426188526419627465e+02,5.162494242968870850e+01,4.499882018646362419e-03,-1.250963867883356926e+02,2.651644511975833618e-01,0.000000000000000000e+00,7.057806995731288779e+00,1.000000000000000000e+00
9.310000000000000000e+02,8.692687899655525996e+01,3.524229544349002197e+01,4.582266421456480596e-03,-1.272316100540947446e+02,3.146186831380676230e-01,0.000000000000000000e+00,4.113733217023365363e+00,1.000000000000000000e+00
9.310000000000000000e+02,3.698014973970946073e+01,2.914651837338400497e+01,-4.415816374505068809e-03,1.229175894298693805e+02,3.630865822298325885e-01,0.000000000000000000e+00,4.453856834928757280e+00,1.000000000000000000e+00
9.310000000000000000e+02,9.828729804220152744e+01,3.474739611897240366e+01,-4.138600057638435782e-03,1.157327497122600022e+02,2.816503362247726461e-01,0.000000000000000000e+00,6.005126064617614112e+00,1.000000000000000000e+00
9.310000000000000000e+02,5.203451223178295493e+01,4.137850850317072826e+01,-6.709759699973924345e-03,1.823715757646736506e+02,1.222235111210545622e-01,0.000000000000000000e+00,3.869128183525083475e+00,1.000000000000000000e+00
9.310000000000000000e+02,1.388023947440208588e+02,4.568799972302305434e+01,4.994846934902736658e-03,-1.379247932448462848e+02,2.613236122367210701e-01,0.000000000000000000e+00,7.057806995731288779e+00,1.000000000000000000e+00
9.320000000000000000e+02,1.145105859483720963e+02,4.593599566769649556e+01,3.621466290085022677e-03,-1.023297751888582781e+02,4.488557128169428090e-01,0.000000000000000000e+00,4.931152622305890354e+00,1.000000000000000000e+00
9.320000000000000000e+02,9.228754891646890712e+01,3.500146201637009113e+01,-6.321193977090189264e-03,1.723008033432228387e+02,1.612882695211763640e-01,0.000000000000000000e+00,5.366077033539988328e+00,1.000000000000000000e+00
9.330000000000000000e+02,1.273967122806994894e+02,2.697769435544875805e+01,3.129814861739776185e-03,-8.958724708112882240e+01,3.574199019641610686e-01,0.000000000000000000e+00,1.647614770563227893e+01,1.000000000000000000e+00
9.330000000000000000e+02,4.029762103974288578e+01,3.211825606024267898e+01,7.448819907382517834e-03,-2.015263975006846238e+02,1.180203853534179670e-01,0.000000000000000000e+00,4.453856834928757280e+00,1.000000000000000000e+00
9.330000000000000000e+02,2.548518185398681979e+01,4.597643417388068343e+01,9.830632913521234958e-03,-2.632577734884009715e+02,1.027554679972260132e-01,0.000000000000000000e+00,3.892432802223516397e+00,1.000000000000000000e+00
9.340000000000000000e+02,3.723497356269002978e+01,1.548743784527810163e+01,-1.936221504459175596e-02,5.102955043154719874e+02,2.517710079157120528e-02,0.000000000000000000e+00,4.152882590689817910e+00,1.000000000000000000e+00
9.340000000000000000e+02,4.909062117920017698e+01,5.195328912739132221e+01,-6.825593416402168413e-03,1.853737319719229504e+02,2.215530648988638385e-01,0.000000000000000000e+00,8.336069208296411404e+00,1.000000000000000000e+00
9.350000000000000000e+02,4.283632247179689756e+01,2.145004843224839419e+01,-7.913393587944305557e-03,2.135671296970586752e+02,3.078081814702213759e-01,0.000000000000000000e+00,6.686105867812732306e+00,1.000000000000000000e+00
9.350000000000000000e+02,1.052745730591604598e+02,1.554051566717645372e+01,2.502738685647624192e-03,-7.333480614663272945e+01,3.057409172643014150e-01,0.000000000000000000e+00,4.500906723338064630e+00,1.000000000000000000e+00
9.350000000000000000e+02,4.495020695384167908e+01,2.914040626567957304e+01,6.175201093516563371e-03,-1.685169875843086515e+02,2.918219174855235520e-01,0.000000000000000000e+00,3.986716109030532973e+00,1.000000000000000000e+00
9.360000000000000000e+02,7.827724894042847836e+01,2.202390748818650579e+01,-8.744955298528646684e-03,2.351193877797743994e+02,1.177343885957202740e-01,0.000000000000000000e+00,1.008477617934198101e+01,1.000000000000000000e+00
9.360000000000000000e+02,4.888070791920712566e+01,4.361986328511093092e+01,-3.246350168500414420e-03,9.260758697302790665e+01,3.053878165265486722e-01,0.000000000000000000e+00,3.869128183525083475e+00,1.000000000000000000e+00
9.370000000000000000e+02,6.881317552628354406e+01,4.197265991991123713e+01,-7.235386976337462167e-03,1.959946834322228710e+02,1.858840333938354128e-01,0.000000000000000000e+00,4.285834909124883296e+00,1.000000000000000000e+00
9.370000000000000000e+02,6.187510641953078760e+01,2.631663082052985203e+01,-2.860054544826553993e-03,8.259565055066391892e+01,2.278539650932623895e-01,0.000000000000000000e+00,1.283930064254120396e+01,1.000000000000000000e+00
9.370000000000000000e+02,2.769106015642667273e+01,4.233750660084413653e+01,-4.904519516080264874e-03,1.355837044024566183e+02,2.589905064430494397e-01,0.000000000000000000e+00,4.255313498084551505e+00,1.000000000000000000e+00
9.380000000000000000e+02,6.713597416005664797e+01,3.802862943760001002e+01,5.398354870314558442e-03,-1.483828350855513918e+02,3.469959463584949555e-01,0.000000000000000000e+00,4.285834909124883296e+00,1.000000000000000000e+00
9.380000000000000000e+02,9.697415609827423566e+01,4.696380032846607833e+01,-2.759931505590365944e-02,7.237830940364862045e+02,1.219628618915757912e-02,0.000000000000000000e+00,9.701332134136109175e+00,1.000000000000000000e+00
9.380000000000000000e+02,4.036877624692974109e+01,1.276242141444570066e+01,4.982743847401674420e-03,-1.376111077274632351e+02,4.875541167669178444e-01,0.000000000000000000e+00,4.152882590689817910e+00,1.000000000000000000e+00
9.380000000000000000e+02,9.195196517618664700e+01,3.358150508331486606e+01,-7.712639383366971281e-03,2.083640204471141999e+02,1.765193892230804140e-01,0.000000000000000000e+00,5.133715059818162452e+00,1.000000000000000000e+00
9.390000000000000000e+02,8.919791952674981417e+01,8.742533205920626216e+00,-5.179837946689906658e-03,1.427193550654213539e+02,1.675734370390599137e-01,0.000000000000000000e+00,8.339687154092501942e+00,1.000000000000000000e+00
9.390000000000000000e+02,4.102263899231794397e+01,2.845621678781847308e+01,-6.823116770002884100e-03,1.853095427221082900e+02,1.977436755020345327e-01,0.000000000000000000e+00,3.986716109030532973e+00,1.000000000000000000e+00
9.390000000000000000e+02,4.490051450966642932e+01,1.509055765810649952e+01,-7.639670136940707353e-03,2.064728174118337449e+02,1.652027372193684007e-01,0.000000000000000000e+00,5.094788518770799080e+00,1.000000000000000000e+00
9.390000000000000000e+02,3.310475756606430053e+01,2.053736048384874380e+01,-5.621469812325346344e-03,1.541654856707347960e+02,1.989358052447366410e-01,0.000000000000000000e+00,6.523833446243959777e+00,1.000000000000000000e+00
9.390000000000000000e+02,8.457720090017090797e+01,4.132795775609262279e+01,-2.696531890672203974e-02,7.073513025570439368e+02,1.759548154182999369e-02,0.000000000000000000e+00,7.745705853782332007e+00,1.000000000000000000e+00
9.390000000000000000e+02,4.416140326031993624e+01,4.179553768259876989e+01,3.364263126460975955e-03,-9.566363256641706414e+01,2.250911845379067744e-01,0.000000000000000000e+00,5.059644292573905133e+00,1.000000000000000000e+00
9.400000000000000000e+02,1.061336248083415370e+02,1.112234959691395986e+01,-8.224065168346549395e-03,2.216190565649868063e+02,7.434623036149701214e-02,0.000000000000000000e+00,4.500906723338064630e+00,1.000000000000000000e+00
9.400000000000000000e+02,2.090836028891236609e+01,4.851244549721143784e+01,7.166339171813499928e-03,-1.942051155815102561e+02,2.237613867118558586e-01,0.000000000000000000e+00,4.230561087378338136e+00,1.000000000000000000e+00
9.410000000000000000e+02,1.370970130145770725e+02,4.093334750142990686e+01,3.076980643866759815e-03,-8.821789988211276068e+01,4.347512865822815709e-01,0.000000000000000000e+00,4.090047233513855574e+00,1.000000000000000000e+00
9.410000000000000000e+02,1.378134403322943058e+02,8.791461149981568468e+00,-2.548487268646783266e-02,6.689813793025466566e+02,1.416813795906135542e-02,0.000000000000000000e+00,2.205343030857708442e+01,1.000000000000000000e+00
9.410000000000000000e+02,1.918008801127596996e+01,3.789043165076913056e+01,-7.119247026675497303e-03,1.929845903303298655e+02,1.508011208131757597e-01,0.000000000000000000e+00,3.742811250226536490e+00,1.000000000000000000e+00
9.420000000000000000e+02,1.363524718596490857e+02,3.294004429359363684e+01,6.091426623917949902e-03,-1.663457368321988952e+02,1.883987495966904513e-01,0.000000000000000000e+00,8.027903692981569250e+00,1.000000000000000000e+00
9.420000000000000000e+02,1.411818715299362736e+02,4.113930206406876522e+01,-4.368065517098847217e-03,1.216799917995423783e+02,3.005300664244335840e-01,0.000000000000000000e+00,4.090047233513855574e+00,1.000000000000000000e+00
9.420000000000000000e+02,1.437455210054304757e+02,4.990254726526436002e+01,3.854421279414418922e-03,-1.083674582468665335e+02,2.974250187317196703e-01,0.000000000000000000e+00,9.130540240833470378e+00,1.000000000000000000e+00
9.420000000000000000e+02,1.870722975845986014e+01,2.069526001894188028e+01,-4.620739964887756943e-03,1.282287600272515817e+02,2.598332457543679475e-01,0.000000000000000000e+00,1.085152756110382555e+01,1.000000000000000000e+00
9.430000000000000000e+02,2.712831586504670156e+01,1.385121449053939813e+01,-3.519123519473817130e-02,9.205490346670977715e+02,9.707053034926138579e-03,0.000000000000000000e+00,7.310983813912637075e+00,1.000000000000000000e+00
9.430000000000000000e+02,4.807798875838471986e+01,2.498696120470373927e+01,-3.775146297425013928e-03,1.063128243578943000e+02,1.992445620825442631e-01,0.000000000000000000e+00,7.862168569962823206e+00,1.000000000000000000e+00
9.430000000000000000e+02,8.103005049791282488e+01,1.042666424473589615e+01,-7.927171032262821104e-03,2.139242108756332073e+02,8.302623724267732541e-02,0.000000000000000000e+00,8.339687154092501942e+00,1.000000000000000000e+00
9.430000000000000000e+02,7.061997569020606136e+01,2.545471342015411409e+01,6.316857182692476105e-03,-1.721884031317634651e+02,1.946102097099299266e-01,0.000000000000000000e+00,4.645297268158598669e+00,1.000000000000000000e+00
9.430000000000000000e+02,9.186870503664088972e+01,3.871454492969893835e+01,3.387872157316219185e-03,-9.627552693288259889e+01,4.588273799056851177e-01,0.000000000000000000e+00,5.133715059818162452e+00,1.000000000000000000e+00
9.440000000000000000e+02,1.045966090708843126e+02,3.578751534369254017e+01,-5.360253356740729558e-03,1.473953273114041167e+02,1.933953979199896089e-01,0.000000000000000000e+00,4.971114261358573927e+00,1.000000000000000000e+00
9.440000000000000000e+02,5.476616878973615599e+00,1.214970017600744256e+01,2.523747711389196045e-03,-7.387931407561204367e+01,3.530109385711542869e-01,0.000000000000000000e+00,6.864485217485126078e+00,1.000000000000000000e+00
9.440000000000000000e+02,1.202858169429590021e+02,3.354704757515960978e+01,-8.300852448598905475e-03,2.236092146740051589e+02,1.954252990724906214e-01,0.000000000000000000e+00,8.966445659996724160e+00,1.000000000000000000e+00
9.440000000000000000e+02,7.417599621212261241e+01,4.683687214468746873e+01,7.390975931810223748e-03,-2.000272083554937694e+02,1.731589133866293650e-01,0.000000000000000000e+00,6.029751617813094988e+00,1.000000000000000000e+00
9.440000000000000000e+02,1.852058671217219299e+01,5.200474910088927771e+01,-8.000797351928760903e-03,2.158324438100305827e+02,1.248147747605277136e-01,0.000000000000000000e+00,4.230561087378338136e+00,1.000000000000000000e+00
9.450000000000000000e+02,9.267108270497742240e+01,1.981700960019820101e+01,-7.053695268266345353e-03,1.912856323371617009e+02,1.687005977798623491e-01,0.000000000000000000e+00,7.652941065690272993e+00,1.000000000000000000e+00
9.450000000000000000e+02,7.733291464686088545e+01,3.857957022603099517e+01,-7.122763255554516622e-03,1.930757232809142181e+02,1.217342527500595573e-01,0.000000000000000000e+00,8.840201863048051223e+00,1.000000000000000000e+00
9.470000000000000000e+02,3.977905149708686139e+01,1.147763631014920449e+01,-7.962238158767082769e-03,2.148330739834691769e+02,6.744939990104770189e-02,0.000000000000000000e+00,1.055842116079385562e+01,1.000000000000000000e+00
9.470000000000000000e+02,5.966777075044029743e+01,3.430313737938931240e+01,-5.312231702728663178e-03,1.461507112262074202e+02,1.943430062685838067e-01,0.000000000000000000e+00,7.897711648988360089e+00,1.000000000000000000e+00
9.470000000000000000e+02,7.216159577725250074e+01,2.983674425263084018e+01,-4.150100688304099797e-03,1.160308208680930449e+02,2.957151958663101210e-01,0.000000000000000000e+00,4.645297268158598669e+00,1.000000000000000000e+00
9.480000000000000000e+02,2.255147369516216926e+01,2.068578092069324725e+01,2.567618665793545540e-03,-7.501635311868339784e+01,4.126476361697730688e-01,0.000000000000000000e+00,7.563484700215257206e+00,1.000000000000000000e+00
9.480000000000000000e+02,8.848476694930208453e+01,2.622343351285907076e+01,-4.358866856399968605e-03,1.214415826630054767e+02,3.499754947152735607e-01,0.000000000000000000e+00,5.839852482810964140e+00,1.000000000000000000e+00
9.490000000000000000e+02,1.179010808672978641e+02,2.490354240520023765e+01,-9.731040814411597017e-02,2.530541931464927984e+03,4.944255632536087575e-03,0.000000000000000000e+00,8.850447182029373749e+00,1.000000000000000000e+00
9.490000000000000000e+02,1.113272798016548251e+02,3.082938030977053856e+01,1.102292748940157836e-02,-2.941594372890804721e+02,4.839956941090735043e-01,0.000000000000000000e+00,8.359726759927957218e+00,1.000000000000000000e+00
9.490000000000000000e+02,1.380816406030476173e+02,4.322386421027203340e+01,-7.498137584214454796e-03,2.028046036585595004e+02,7.084628056951569608e-02,0.000000000000000000e+00,8.097375443910621584e+00,1.000000000000000000e+00
9.490000000000000000e+02,1.300877482910535150e+02,4.451428072593212448e+01,-4.894512406575913729e-03,1.353243420437108853e+02,3.226946696232566580e-01,0.000000000000000000e+00,8.097375443910621584e+00,1.000000000000000000e+00
9.490000000000000000e+02,7.983858868292139732e+01,4.890881593788567017e+01,-3.396569912938797453e-02,8.887858242716325776e+02,1.340974693156260500e-02,0.000000000000000000e+00,6.029751617813094988e+00,1.000000000000000000e+00
9.490000000000000000e+02,1.403749477810985979e+02,1.391214129831151602e+01,-2.832801545169330928e-03,8.188931249461286654e+01,3.559966044234151861e-01,0.000000000000000000e+00,7.790301529885883092e+00,1.000000000000000000e+00
9.490000000000000000e+02,9.202208989779350645e+01,3.087006921829901174e+01,-3.884549308080599388e-03,1.091483107573563274e+02,3.355155317042004537e-01,0.000000000000000000e+00,5.839852482810964140e+00,1.000000000000000000e+00
9.490000000000000000e+02,1.061663881171477328e+02,4.050426960328619685e+01,2.367899462878096228e-03,-6.984006884474381138e+01,3.494360865131984628e-01,0.000000000000000000e+00,4.971114261358573927e+00,1.000000000000000000e+00
9.500000000000000000e+02,2.817206299094195998e+01,2.673134660116054562e+01,5.292582477287548562e-03,-1.456414463425047074e+02,1.736385009354429743e-01,0.000000000000000000e+00,8.254688875340995935e+00,1.000000000000000000e+00
9.500000000000000000e+02,1.368825770178878827e+02,2.921970058803204040e+01,-6.745874775700460256e-03,1.833075994209193880e+02,9.369615857061941444e-02,0.000000000000000000e+00,1.159311118709598531e+01,1.000000000000000000e+00
9.500000000000000000e+02,4.483225410947646594e+01,3.789016182845781344e+01,-3.747305602703654166e-03,1.055912545330701136e+02,2.628403732227584388e-01,0.000000000000000000e+00,7.080695304359024611e+00,1.000000000000000000e+00
9.500000000000000000e+02,1.832355923100945461e+01,5.698079505737898565e+00,-4.356474430442312806e-03,1.213795762225610844e+02,2.391441591429439573e-01,0.000000000000000000e+00,8.749826515938680771e+00,1.000000000000000000e+00
9.500000000000000000e+02,4.239982045259633736e+01,2.170562865911668027e+01,4.601881536864332010e-03,-1.277399908804500086e+02,1.409531427393784231e-01,0.000000000000000000e+00,1.055842116079385562e+01,1.000000000000000000e+00
9.500000000000000000e+02,3.542621230158356127e+01,3.231884237120799241e+01,-3.850819250734266799e-03,1.082741015533730007e+02,2.726149449126642477e-01,0.000000000000000000e+00,9.156570930287173837e+00,1.000000000000000000e+00
9.510000000000000000e+02,1.467017749576222663e+01,1.364869369305610824e+01,-2.191142387816107009e-03,6.525891262844208995e+01,3.598710906533116871e-01,0.000000000000000000e+00,7.932729050833578377e+00,1.000000000000000000e+00
9.510000000000000000e+02,2.502887309551014283e+01,1.353953764037135699e+01,-4.502192030315730308e-03,1.251562572309482135e+02,1.562952441982138341e-01,0.000000000000000000e+00,7.563484700215257206e+00,1.000000000000000000e+00
9.510000000000000000e+02,1.223180533004523625e+02,3.955645708155353191e+01,5.335616576474918639e-03,-1.467567959314025074e+02,2.444287834778107182e-01,0.000000000000000000e+00,9.216733452570496254e+00,1.000000000000000000e+00
9.520000000000000000e+02,5.566379329822327549e+01,2.749564049340367689e+01,-3.287296251967104094e-02,8.604644848817971479e+02,1.015436826036619777e-02,0.000000000000000000e+00,3.600706233555981406e+00,1.000000000000000000e+00
9.530000000000000000e+02,1.047935316373196635e+01,3.690791633390047366e+01,-1.261690747871612069e-02,3.354719071528634231e+02,5.603841530038544683e-02,0.000000000000000000e+00,1.562138112261452250e+01,1.000000000000000000e+00
9.530000000000000000e+02,4.123161768087562251e+01,4.398701866638705127e+01,-7.456122109993494271e-03,2.017156545975914241e+02,9.012902582558268705e-02,0.000000000000000000e+00,7.080695304359024611e+00,1.000000000000000000e+00
9.530000000000000000e+02,1.319185121336757618e+02,4.908864848224810729e+00,-4.706798713727706161e-03,1.304592142938036829e+02,2.196206954309498638e-01,0.000000000000000000e+00,1.235193469443914971e+01,1.000000000000000000e+00
9.530000000000000000e+02,8.967663952929417803e+01,4.672161255322937734e+01,-5.273059285671800531e-03,1.451354479794905785e+02,3.656554550714130603e-01,0.000000000000000000e+00,9.488765007067028634e+00,1.000000000000000000e+00
9.530000000000000000e+02,1.430567072911639457e+02,4.980600134279862345e+01,2.766951688592509534e-03,-8.018262844989394011e+01,3.804296288881262589e-01,0.000000000000000000e+00,8.250807098859489486e+00,1.000000000000000000e+00
9.540000000000000000e+02,1.337749634996135626e+02,1.805086156074684922e+01,3.451471598901856720e-03,-9.792388515034676288e+01,1.891215251386634266e-01,0.000000000000000000e+00,3.552184608680591271e+00,1.000000000000000000e+00
9.540000000000000000e+02,6.620252992922775093e+01,4.120149934341968390e+01,-7.217266569939501802e-03,1.955250421893882447e+02,1.913100324012235731e-01,0.000000000000000000e+00,5.626985939320609198e+00,1.000000000000000000e+00
9.550000000000000000e+02,7.253376857310577464e+00,1.083457598347070139e+01,4.922852407059077548e-03,-1.360588527801999987e+02,2.313406436973314273e-01,0.000000000000000000e+00,7.932729050833578377e+00,1.000000000000000000e+00
9.550000000000000000e+02,5.158166618340808185e+01,1.355139190652746883e+01,8.184840678070607126e-03,-2.206024436944927629e+02,6.063186262999287202e-02,0.000000000000000000e+00,1.227997834044109915e+01,1.000000000000000000e+00
9.550000000000000000e+02,5.212805893910955035e+01,4.910253804659116383e+01,-7.680600967641451442e-03,2.075336548885647687e+02,7.077467203363696502e-02,0.000000000000000000e+00,1.081334228960897015e+01,1.000000000000000000e+00
9.550000000000000000e+02,2.477679328049053709e+01,4.921220174147057236e+01,-7.396030012586953667e-03,2.001581990587506823e+02,1.439755885395176405e-01,0.000000000000000000e+00,3.376432035281103250e+00,1.000000000000000000e+00
9.550000000000000000e+02,1.322360958817637844e+01,5.232101339030587894e+01,4.603631171093395917e-03,-1.277853375672625162e+02,4.200283952017666023e-01,0.000000000000000000e+00,9.674501929472938855e+00,1.000000000000000000e+00
9.560000000000000000e+02,1.128029847143710356e+02,5.847735561586491215e+00,-5.531979272349861476e-02,1.442237156150939882e+03,1.198516581012798454e-02,0.000000000000000000e+00,9.985799895172027263e+00,1.000000000000000000e+00
9.560000000000000000e+02,1.364594252813758999e+02,3.252192178439756276e+01,-6.767810969889897534e-03,1.838761375251944230e+02,1.980613313173383849e-01,0.000000000000000000e+00,1.116640768725998711e+01,1.000000000000000000e+00
9.560000000000000000e+02,6.219289705496800735e+01,4.514938674999137902e+01,-7.243017579960858016e-03,1.961924519640408846e+02,2.210860825833467214e-01,0.000000000000000000e+00,5.435667118830354916e+00,1.000000000000000000e+00
9.570000000000000000e+02,1.261227835817718272e+02,4.299861201778409736e+01,-3.563962757393888438e-03,1.008394095774398380e+02,1.906770939013796573e-01,0.000000000000000000e+00,1.471758131869263941e+01,1.000000000000000000e+00
9.580000000000000000e+02,6.645538895012214198e+01,5.657165107498758339e+00,-5.552426727894790512e-03,1.523760401545043521e+02,2.207560571596874910e-01,0.000000000000000000e+00,4.069288889067823156e+00,1.000000000000000000e+00
9.580000000000000000e+02,8.929166508213846498e+01,2.296531547866594636e+01,-4.434135626147211844e-03,1.233923843058819330e+02,3.490959302776216466e-01,0.000000000000000000e+00,1.635916773293666182e+01,1.000000000000000000e+00
9.580000000000000000e+02,9.441599082004934473e+01,3.850119828738139205e+01,-4.283956157472657532e-03,1.195000614314621004e+02,1.585363476474286326e-01,0.000000000000000000e+00,9.488765007067028634e+00,1.000000000000000000e+00
9.580000000000000000e+02,3.172741624722646492e+01,4.853553326527847389e+01,3.806697140268681598e-03,-1.071305530953275138e+02,2.316302276162814922e-01,0.000000000000000000e+00,6.983483360930208939e+00,1.000000000000000000e+00
9.590000000000000000e+02,3.103785701110797390e+01,1.075695877091686192e+01,4.687652797279256121e-03,-1.299629940767410687e+02,2.991623940704901674e-01,0.000000000000000000e+00,7.854124565076997300e+00,1.000000000000000000e+00
9.590000000000000000e+02,1.344808226666120845e+02,2.153220876125866212e+01,3.739641454433365649e-03,-1.053926165974809805e+02,1.765581015337474025e-01,0.000000000000000000e+00,3.552184608680591271e+00,1.000000000000000000e+00
9.590000000000000000e+02,4.903361318240108346e+01,3.438321068106347411e+01,-6.418144086899688593e-03,1.748135378296311444e+02,2.771012727620075777e-01,0.000000000000000000e+00,1.086116324516370746e+01,1.000000000000000000e+00
9.600000000000000000e+02,1.024388467941127345e+02,5.156842491931608663e+01,-3.598824084164595899e-02,9.412056752710377623e+02,2.229595181755417155e-02,0.000000000000000000e+00,1.229306180514626234e+01,1.000000000000000000e+00
9.600000000000000000e+02,7.697410757999658415e+01,5.216266549205060166e+00,-3.745551513357755352e-03,1.055457923793877626e+02,1.343282571881709853e-01,0.000000000000000000e+00,4.175280327862243013e+00,1.000000000000000000e+00
9.600000000000000000e+02,1.098132829203583043e+02,1.537547835457239032e+01,-3.408640693595194407e-03,9.681380190176035683e+01,2.948509621261470315e-01,0.000000000000000000e+00,9.985799895172027263e+00,1.000000000000000000e+00
9.600000000000000000e+02,2.514822895395123936e+01,2.766597810640220345e+01,-1.016547500452586739e-01,2.643137757681107360e+03,6.297835040602883794e-03,0.000000000000000000e+00,1.334161074955421178e+01,1.000000000000000000e+00
9.610000000000000000e+02,1.433059464445683204e+02,7.602327748335300228e+00,-4.147503471835851246e-02,1.083411354263251724e+03,2.101255704614368724e-02,0.000000000000000000e+00,1.649013022175541821e+01,1.000000000000000000e+00
9.610000000000000000e+02,5.737917449990734298e+01,4.767417430335774498e+01,-3.067272367381406340e-03,8.796628262065459580e+01,2.467462157909404707e-01,0.000000000000000000e+00,5.435667118830354916e+00,1.000000000000000000e+00
9.620000000000000000e+02,5.645401043940520935e+01,2.645209653572798558e+01,-7.571398633245284351e-03,2.047033695781848621e+02,1.771696590079756550e-01,0.000000000000000000e+00,1.086116324516370746e+01,1.000000000000000000e+00
9.620000000000000000e+02,6.292220232232352828e+01,1.217975853408968412e+01,3.387901005853335198e-03,-9.627627462377471090e+01,4.073460302732492266e-01,0.000000000000000000e+00,7.418061253148432677e+00,1.000000000000000000e+00
9.630000000000000000e+02,6.976809029393872663e+01,8.020451351136340890e+00,3.631671038332279135e-03,-1.025942599109115321e+02,2.486749513761526975e-01,0.000000000000000000e+00,4.069288889067823156e+00,1.000000000000000000e+00
9.630000000000000000e+02,6.900870093093732294e+01,4.993628598580601619e+01,5.595540168421742240e-03,-1.534934460971345516e+02,1.170036522411606050e-01,0.000000000000000000e+00,9.657855703703926764e+00,1.000000000000000000e+00
9.640000000000000000e+02,3.812183257862886876e+01,1.414879645018645604e+01,3.709857650183664285e-03,-1.046206856298759647e+02,2.704593612854613305e-01,0.000000000000000000e+00,7.854124565076997300e+00,1.000000000000000000e+00
9.650000000000000000e+02,2.648073402481391980e+01,1.439107668948969376e+01,-3.417128366023667457e-02,8.941141249981674264e+02,1.338465157525203786e-02,0.000000000000000000e+00,3.506157030238307382e+00,1.000000000000000000e+00
9.650000000000000000e+02,1.769640935967564843e+01,3.897922175750306906e+01,-3.324171659882597246e-02,8.700217828932899238e+02,1.341538383972873394e-02,0.000000000000000000e+00,1.354692205538969141e+01,1.000000000000000000e+00
9.650000000000000000e+02,6.648039789233583008e+01,3.913574428767186220e+01,-8.853832784475443654e-03,2.379412537298957488e+02,6.843634828385347646e-02,0.000000000000000000e+00,7.485906559813826355e+00,1.000000000000000000e+00
9.650000000000000000e+02,1.066211851490905360e+02,4.000869246438325177e+01,-4.322957709412689892e-02,1.128885249487515011e+03,1.642915537619837885e-02,0.000000000000000000e+00,1.076785963799848922e+01,1.000000000000000000e+00
9.650000000000000000e+02,7.604372186269615952e+01,9.286567303851676058e+00,5.457081047601139955e-03,-1.499048889667989215e+02,1.601941371016585292e-01,0.000000000000000000e+00,3.825218944623172579e+00,1.000000000000000000e+00
9.660000000000000000e+02,1.018616280759875821e+02,2.712875469732488654e+01,-3.589750813430399312e-02,9.388540822379683277e+02,2.251504237709656131e-02,0.000000000000000000e+00,3.398732537666791398e+00,1.000000000000000000e+00
9.670000000000000000e+02,1.160526215454309664e+02,4.520434532859790977e+01,-7.696912938287567632e-03,2.079564254379154704e+02,7.249156887428342966e-02,0.000000000000000000e+00,5.680869692346538713e+00,1.000000000000000000e+00
9.670000000000000000e+02,1.367488029017492579e+02,1.912664979054523329e+01,-7.589624560210862618e-03,2.051757456829995760e+02,1.333596866150768001e-01,0.000000000000000000e+00,1.569752919650570711e+01,1.000000000000000000e+00
9.670000000000000000e+02,1.048373277822065290e+02,5.069796336984703089e+01,3.628173259579473096e-03,-1.025036051471853824e+02,2.741249368656102359e-01,0.000000000000000000e+00,8.414852345334171702e+00,1.000000000000000000e+00
9.680000000000000000e+02,6.182916499719564030e+01,2.558042191681836641e+01,-2.628041257640001405e-02,6.896000306962782815e+02,1.183370540016126515e-02,0.000000000000000000e+00,9.883750849416310658e+00,1.000000000000000000e+00
9.680000000000000000e+02,8.182342072113154074e+01,2.692864061860743874e+01,-8.347536594378252364e-03,2.248191654754923832e+02,1.236350783342813342e-01,0.000000000000000000e+00,6.020934176760794898e+00,1.000000000000000000e+00
9.680000000000000000e+02,8.641615242577820766e+01,1.257708058601900802e+01,-2.497662023084801751e-03,7.320323017294350620e+01,3.801608460170117221e-01,0.000000000000000000e+00,9.945636326578929598e+00,1.000000000000000000e+00
9.680000000000000000e+02,1.275240646624217646e+02,3.182769806582701122e+01,-5.232510641643904788e-03,1.440845159441768430e+02,3.225860606110492190e-01,0.000000000000000000e+00,5.775908896843750640e+00,1.000000000000000000e+00
9.680000000000000000e+02,3.399134261932771750e+01,3.808472205628795137e+01,-2.132082467067166181e-03,6.372820884768304239e+01,3.945087093139659773e-01,0.000000000000000000e+00,1.505167966488239983e+01,1.000000000000000000e+00
9.680000000000000000e+02,1.269268434149332450e+02,3.757264805396329166e+01,-4.431135623347128363e-03,1.233146308045202204e+02,2.446439300230871527e-01,0.000000000000000000e+00,5.600122224601387977e+00,1.000000000000000000e+00
9.690000000000000000e+02,7.889014741368827188e+00,7.245975684094638325e+00,-4.738951499202438862e-03,1.312925440657368767e+02,2.009947017898852106e-01,0.000000000000000000e+00,1.357193150091938527e+01,1.000000000000000000e+00
9.700000000000000000e+02,6.880183411992049969e+01,4.625260671879424024e+01,-5.857447508275074807e-03,1.602815106633950677e+02,2.499554534369730074e-01,0.000000000000000000e+00,6.750276978156436236e+00,1.000000000000000000e+00
9.700000000000000000e+02,4.811322121314531586e+01,4.993980628653344667e+01,5.342101352904356053e-03,-1.469248671321769280e+02,2.412889893508591843e-01,0.000000000000000000e+00,3.951285844603249942e+00,1.000000000000000000e+00
9.710000000000000000e+02,2.914428012565975834e+01,2.383484325270819326e+01,-7.596187140630978989e-03,2.053458333927902686e+02,5.197539858333299900e-02,0.000000000000000000e+00,1.328268223056806008e+01,1.000000000000000000e+00
9.710000000000000000e+02,7.593154986552322327e+01,2.816860278807855167e+01,-7.896047218096882356e-03,2.131175497861616464e+02,2.288543033681098571e-01,0.000000000000000000e+00,6.020934176760794898e+00,1.000000000000000000e+00
9.710000000000000000e+02,6.786596918091457553e+01,3.517278919202730947e+01,-8.305607542015714870e-03,2.237324562797958833e+02,9.559826953043248920e-02,0.000000000000000000e+00,1.068233209375147297e+01,1.000000000000000000e+00
9.710000000000000000e+02,1.390909562967002877e+01,2.527496462379456688e+01,6.243249146941106179e-03,-1.702806440763825719e+02,2.095425123508675158e-01,0.000000000000000000e+00,9.862860268470001301e+00,1.000000000000000000e+00
9.720000000000000000e+02,5.701664974197523605e+01,1.694744862996009260e+01,-9.590538973921435700e-03,2.570350644765651396e+02,7.876197255655348339e-02,0.000000000000000000e+00,9.883750849416310658e+00,1.000000000000000000e+00
9.720000000000000000e+02,8.678285395410057390e+01,3.646113077476503861e+01,-3.458704670677188037e-02,9.048897924755531221e+02,2.018644272194169975e-02,0.000000000000000000e+00,7.235557954677441117e+00,1.000000000000000000e+00
9.720000000000000000e+02,1.132334158643080713e+02,5.013631854313850056e+01,-7.688174557023273736e-03,2.077299457361253587e+02,1.212361528047554149e-01,0.000000000000000000e+00,5.680869692346538713e+00,1.000000000000000000e+00
9.720000000000000000e+02,2.158604573293175832e+01,7.573031308667205863e+00,4.137342876317708085e-03,-1.157001663261610247e+02,3.290764212729431204e-01,0.000000000000000000e+00,4.984815812702141358e+00,1.000000000000000000e+00
9.720000000000000000e+02,1.799931117231771083e+01,1.630021395928875805e+01,-3.888859503836428460e-03,1.092600215902798340e+02,3.907772636477939709e-01,0.000000000000000000e+00,8.636123567114669441e+00,1.000000000000000000e+00
9.720000000000000000e+02,1.218656956397638851e+02,2.897460345011775118e+01,5.184085410854973042e-03,-1.428294400329197629e+02,1.994426625797114383e-01,0.000000000000000000e+00,6.336977898238517426e+00,1.000000000000000000e+00
9.720000000000000000e+02,7.754811635853889129e+01,4.054090957385393779e+01,-4.500424218402442056e-02,1.174880681385143362e+03,1.852849737387374240e-02,0.000000000000000000e+00,3.880463083215867748e+00,1.000000000000000000e+00
9.730000000000000000e+02,1.244424707339460383e+02,4.259153850031085398e+01,-7.484589531988682098e-03,2.024534678205676528e+02,1.105420776390071413e-01,0.000000000000000000e+00,5.600122224601387977e+00,1.000000000000000000e+00
9.730000000000000000e+02,2.007092811455396131e+01,4.720342371964832751e+01,-1.195838938582438789e-02,3.184045606054049244e+02,7.335181271541491022e-02,0.000000000000000000e+00,6.842543500095760400e+00,1.000000000000000000e+00
9.730000000000000000e+02,9.777593928752597208e+01,4.459939332858630223e+01,-3.110360181611164163e-02,8.146065310593070308e+02,1.865638080756548689e-02,0.000000000000000000e+00,6.104591101366078298e+00,1.000000000000000000e+00
9.730000000000000000e+02,2.455073427110734841e+01,5.308304146522786482e+01,7.545464410613086925e-03,-2.040312113339687414e+02,2.866104275019661918e-01,0.000000000000000000e+00,7.391790583777886781e+00,1.000000000000000000e+00
9.730000000000000000e+02,1.313335688675550728e+02,1.090919188379059079e+01,-5.296133823188831947e-03,1.457334894493857007e+02,1.649156965917025763e-01,0.000000000000000000e+00,2.039607115398238335e+01,1.000000000000000000e+00
9.730000000000000000e+02,1.008478743281584116e+02,2.838477455945771410e+01,-4.325175091732498880e-03,1.205683659213818402e+02,3.358365949477721824e-01,0.000000000000000000e+00,1.489401172942927332e+01,1.000000000000000000e+00
9.740000000000000000e+02,2.255741967474049048e+01,3.712775034118146777e+01,-1.148430761803577276e-02,3.061173996146584386e+02,9.710033293108455421e-02,0.000000000000000000e+00,7.173874872931749636e+00,1.000000000000000000e+00
9.750000000000000000e+02,7.948207650845282046e+01,3.399320328281561387e+01,-9.988428935157830230e-03,2.673475007322731472e+02,2.846650646884422153e-01,0.000000000000000000e+00,6.821452218218943209e+00,1.000000000000000000e+00
9.750000000000000000e+02,5.186826518275354658e+01,5.116956423510335839e+01,3.288599720800404729e-03,-9.370260282507901195e+01,1.882705467524814491e-01,0.000000000000000000e+00,3.951285844603249942e+00,1.000000000000000000e+00
9.760000000000000000e+02,9.004675849445392544e+01,5.238129940431718268e+01,-2.727201407105863187e-02,7.153001694305057754e+02,4.735276557887901916e-02,0.000000000000000000e+00,7.417690372211680483e+00,1.000000000000000000e+00
9.760000000000000000e+02,1.146925207991802722e+02,2.289320379247321569e+01,-7.080326247804467552e-03,1.919758489942006463e+02,1.801399291852935347e-01,0.000000000000000000e+00,4.479745656177764879e+00,1.000000000000000000e+00
9.760000000000000000e+02,1.389876740954223635e+02,4.070591739885177418e+01,-4.711428424011111088e-03,1.305792062434162233e+02,1.722808695562636494e-01,0.000000000000000000e+00,9.742705065575936629e+00,1.000000000000000000e+00
9.770000000000000000e+02,1.414478132211928028e+02,3.127893392179759502e+01,-8.156777555438993882e-03,2.198751090254416738e+02,8.150452716365053085e-02,0.000000000000000000e+00,9.742705065575936629e+00,1.000000000000000000e+00
9.770000000000000000e+02,9.967088525113046771e+00,3.753787967119336599e+01,8.207805793633470015e-03,-2.211976491870140649e+02,1.179089115527841569e-01,0.000000000000000000e+00,8.061668989298537369e+00,1.000000000000000000e+00
9.770000000000000000e+02,9.168373489487800043e+01,4.498808106067810542e+01,-2.626377075065929392e-02,6.891687110253910760e+02,7.520230716283182737e-02,0.000000000000000000e+00,6.104591101366078298e+00,1.000000000000000000e+00
9.780000000000000000e+02,5.156093265970962136e+01,7.955996351180116832e+00,-2.605626399974217411e-02,6.837905905651201692e+02,4.197736757866277202e-02,0.000000000000000000e+00,1.931479387375403078e+01,1.000000000000000000e+00
9.780000000000000000e+02,3.276550137652731820e+01,1.461011484404196281e+01,-7.955516341684669424e-03,2.146588592081842819e+02,5.251977060936918740e-02,0.000000000000000000e+00,1.145412390063690466e+01,1.000000000000000000e+00
9.780000000000000000e+02,2.583160733113244945e+01,4.351086681224887798e+01,3.950764574639481670e-03,-1.108644654284149880e+02,2.954384062821547863e-01,0.000000000000000000e+00,6.842543500095760400e+00,1.000000000000000000e+00
9.780000000000000000e+02,4.435851858601542830e+01,4.386099218012105894e+01,4.675994334603352995e-03,-1.296608322609183972e+02,2.168514112473181044e-01,0.000000000000000000e+00,8.290771223081465635e+00,1.000000000000000000e+00
9.780000000000000000e+02,1.125303602730267585e+02,4.495360766752154547e+01,-7.724607241712547201e-03,2.086742011209935015e+02,9.403772629334616884e-02,0.000000000000000000e+00,9.585380773536266830e+00,1.000000000000000000e+00
9.790000000000000000e+02,4.687063142914838920e+01,2.813529583199437667e+01,3.128068016095506779e-03,-8.954197266832606772e+01,2.956976880025329324e-01,0.000000000000000000e+00,1.581288524304570764e+01,1.000000000000000000e+00
9.790000000000000000e+02,8.283745749765272137e+01,1.464996552422666376e+01,-3.475280272318904962e-02,9.091858253485379464e+02,1.290904053295427456e-02,0.000000000000000000e+00,4.091495824123854597e+00,1.000000000000000000e+00
9.790000000000000000e+02,6.216061233546408715e+01,2.410245271649457877e+01,7.358567002296289780e-03,-1.991872398911232551e+02,2.045638159916280951e-01,0.000000000000000000e+00,9.955432332686678265e+00,1.000000000000000000e+00
9.790000000000000000e+02,1.272345641020210678e+02,4.093954753102138255e+01,-1.756992990669179692e-03,5.400671121672618824e+01,4.185294300893896979e-01,0.000000000000000000e+00,1.092655385272675872e+01,1.000000000000000000e+00
9.800000000000000000e+02,1.302616480629218110e+01,7.695880801539148663e+00,-7.113512632869512659e-03,1.928359674035146725e+02,1.019334748648383915e-01,0.000000000000000000e+00,1.566964116589070244e+01,1.000000000000000000e+00
9.800000000000000000e+02,2.546897888279226052e+01,2.343948140283653458e+01,-8.292069421127121892e-03,2.233815778403100865e+02,8.722969374868816406e-02,0.000000000000000000e+00,1.145412390063690466e+01,1.000000000000000000e+00
9.800000000000000000e+02,7.196158948380147535e+01,2.584930126988197685e+01,-9.226982592855023646e-03,2.476124794144710108e+02,6.122914575130422588e-02,0.000000000000000000e+00,9.955432332686678265e+00,1.000000000000000000e+00
9.800000000000000000e+02,1.783596551981401390e+01,3.929038694230055739e+01,7.006585493598816404e-03,-1.900646501671917576e+02,1.323807034889503687e-01,0.000000000000000000e+00,4.016382647917494886e+00,1.000000000000000000e+00
9.800000000000000000e+02,8.379559524670212056e+01,4.838816924015286247e+01,-7.125673797486568005e-03,1.931511581525319343e+02,2.430210454287761168e-01,0.000000000000000000e+00,5.073932076997829554e+00,1.000000000000000000e+00
9.810000000000000000e+02,1.188552412964151728e+02,2.454846184061675984e+01,9.179416212697145624e-03,-2.463796630303414759e+02,7.905386725486951427e-02,0.000000000000000000e+00,4.479745656177764879e+00,1.000000000000000000e+00
9.810000000000000000e+02,3.504682737155381744e+01,5.100135632594651725e+01,3.822751138991403556e-03,-1.075466375774864645e+02,2.687141874332452662e-01,0.000000000000000000e+00,1.022488787780721609e+01,1.000000000000000000e+00
9.810000000000000000e+02,4.521167988715924935e+01,5.210774931657817177e+01,-7.672360716203971594e-03,2.073200856207803326e+02,1.224437574922166982e-01,0.000000000000000000e+00,4.582487872049927802e+00,1.000000000000000000e+00
9.820000000000000000e+02,1.006814561924603595e+02,3.037545218562516425e+01,3.227067294512460122e-03,-9.210781711653362436e+01,2.038834015109314279e-01,0.000000000000000000e+00,1.236096847523121767e+01,1.000000000000000000e+00
9.830000000000000000e+02,6.795536312251005739e+00,2.207353439442483634e+01,5.131720281494332389e-03,-1.414722505806513766e+02,1.884125618108961620e-01,0.000000000000000000e+00,7.326262821079707166e+00,1.000000000000000000e+00
9.830000000000000000e+02,1.409161540025423243e+01,3.783739975837724501e+01,-4.902658766524547670e-03,1.355354778497646464e+02,2.676755194730170428e-01,0.000000000000000000e+00,4.016382647917494886e+00,1.000000000000000000e+00
9.830000000000000000e+02,1.044138518141053567e+02,5.005280515437534206e+01,-5.006568405684274671e-03,1.382285880927538244e+02,1.353508118532099624e-01,0.000000000000000000e+00,9.585380773536266830e+00,1.000000000000000000e+00
9.840000000000000000e+02,1.370057421609460846e+02,4.582970687784438013e+01,4.353382058440591167e-03,-1.212994287138187275e+02,1.806187970137872467e-01,0.000000000000000000e+00,1.007968086136547647e+01,1.000000000000000000e+00
9.840000000000000000e+02,7.872417565991752042e+01,4.822851305716883274e+01,4.235683375423217323e-03,-1.182489366576084109e+02,2.728973695996731452e-01,0.000000000000000000e+00,5.073932076997829554e+00,1.000000000000000000e+00
9.850000000000000000e+02,1.181903723725697404e+02,3.723826064568460481e+01,3.636305392947352440e-03,-1.027143722314279444e+02,2.855036434949576041e-01,0.000000000000000000e+00,7.597791466037874919e+00,1.000000000000000000e+00
9.850000000000000000e+02,1.430048700929585834e+02,1.358817303385935382e+01,-3.096006602472298197e-02,8.108863977478041534e+02,1.315124263954781103e-02,0.000000000000000000e+00,1.193334434689573165e+01,1.000000000000000000e+00
9.850000000000000000e+02,1.291244566072424504e+02,3.954597356969389210e+01,-6.347933369941354508e-03,1.729938298358669897e+02,2.417883559519351522e-01,0.000000000000000000e+00,4.061729823675613638e+00,1.000000000000000000e+00
9.850000000000000000e+02,4.736362486519806403e+00,2.910446108149520583e+01,4.489648200484884499e-03,-1.248311486377806858e+02,4.515450984406611523e-01,0.000000000000000000e+00,7.326262821079707166e+00,1.000000000000000000e+00
9.850000000000000000e+02,1.251365355897142990e+02,4.031677517743298012e+01,5.699015664274168641e-03,-1.561753042965474947e+02,3.072274675322865800e-01,0.000000000000000000e+00,4.061729823675613638e+00,1.000000000000000000e+00
9.850000000000000000e+02,4.976050043975369164e+01,5.155328860761939325e+01,4.091676199735993190e-03,-1.145165860976083962e+02,3.725866457381035168e-01,0.000000000000000000e+00,4.582487872049927802e+00,1.000000000000000000e+00
9.860000000000000000e+02,1.782663665730846603e+01,5.177729535523474702e+00,-5.654488197041949993e-02,1.473988785991429950e+03,2.009162981002321491e-02,0.000000000000000000e+00,1.278718050862602773e+01,1.000000000000000000e+00
9.860000000000000000e+02,1.883290245643601324e+01,1.792525535435167683e+01,-3.313613223145678299e-02,8.672852673634420171e+02,1.123579923459216978e-02,0.000000000000000000e+00,1.273210126740601034e+01,1.000000000000000000e+00
9.860000000000000000e+02,3.254711734043743121e+01,1.696284781529249841e+01,-1.507873145051122007e-02,3.992769921140989595e+02,2.272192293006193298e-01,0.000000000000000000e+00,1.374794232442818931e+01,1.000000000000000000e+00
9.860000000000000000e+02,1.408662790141614494e+02,2.532832360782039061e+01,-8.748220515889176124e-03,2.352040150616159622e+02,8.628837387077537002e-02,0.000000000000000000e+00,1.193334434689573165e+01,1.000000000000000000e+00
9.860000000000000000e+02,7.530508798941190207e+01,3.291729306863719984e+01,-2.341122279306555049e-03,6.914606289940444128e+01,4.159777089554302920e-01,0.000000000000000000e+00,1.015196782880793513e+01,1.000000000000000000e+00
9.860000000000000000e+02,1.130389133505987189e+02,3.067006079112576344e+01,3.073699801365467957e-03,-8.813286763084796860e+01,3.406265507427017614e-01,0.000000000000000000e+00,8.347381588526632257e+00,1.000000000000000000e+00
9.860000000000000000e+02,6.462632701593877016e+01,4.942515613200673386e+01,3.949424118266300389e-03,-1.108297237353623785e+02,2.294357428051673198e-01,0.000000000000000000e+00,9.724038140323324697e+00,1.000000000000000000e+00
9.870000000000000000e+02,8.189203166084188013e+01,8.097406554868202377e+00,3.456549443432045590e-03,-9.805549175804114270e+01,2.631278677553052781e-01,0.000000000000000000e+00,1.105877430759035995e+01,1.000000000000000000e+00
9.870000000000000000e+02,6.176076473519582066e+01,2.408453017489633297e+01,-8.011420580327454494e-03,2.161077746209686836e+02,1.845907205312951049e-01,0.000000000000000000e+00,7.750453392076566139e+00,1.000000000000000000e+00
9.880000000000000000e+02,9.210408768652010281e+01,1.234127282451310315e+01,-7.994092658467512671e-03,2.156586728414986283e+02,6.411838129999303248e-02,0.000000000000000000e+00,1.087146969945728614e+01,1.000000000000000000e+00
9.880000000000000000e+02,5.311984418142211695e+01,3.612513322573941821e+01,1.438958938405548527e-03,-4.576396520493459263e+01,4.247939935741857909e-01,0.000000000000000000e+00,7.956209174690714647e+00,1.000000000000000000e+00
9.890000000000000000e+02,1.093591712274358656e+02,4.551200190155193326e+01,-3.256969141806067419e-02,8.526043622141202150e+02,1.714500627737725047e-02,0.000000000000000000e+00,1.210144239480794148e+01,1.000000000000000000e+00
9.890000000000000000e+02,4.556440349863196815e+01,8.250127240536349049e+00,-5.661235495800863438e-02,1.475737538036676369e+03,1.229335921542162868e-02,0.000000000000000000e+00,8.064777538536583634e+00,1.000000000000000000e+00
9.890000000000000000e+02,4.053969364564324707e+01,4.542182053209100445e+01,-7.785228430103967139e-03,2.102453695392395900e+02,1.056361598343725783e-01,0.000000000000000000e+00,9.745034041727551610e+00,1.000000000000000000e+00
9.900000000000000000e+02,3.529976291737275318e+01,3.720544575745009297e+01,-5.341636825868236946e-03,1.469128276089023473e+02,1.951228659760170236e-01,0.000000000000000000e+00,9.745034041727551610e+00,1.000000000000000000e+00
9.910000000000000000e+02,8.343761616169034312e+01,2.684074500873931157e+01,-8.522764396023794001e-03,2.293606862745655235e+02,5.918077865747883859e-02,0.000000000000000000e+00,1.015196782880793513e+01,1.000000000000000000e+00
9.910000000000000000e+02,1.324516843284061451e+02,3.952824402910004409e+01,-6.890405177971837408e-03,1.870535108679033556e+02,1.141611545115106541e-01,0.000000000000000000e+00,1.076182037075500908e+01,1.000000000000000000e+00
9.910000000000000000e+02,5.760811536060616334e+01,4.269450810113955441e+01,3.855794756907575740e-03,-1.084030557750193253e+02,2.475673203239996401e-01,0.000000000000000000e+00,7.956209174690714647e+00,1.000000000000000000e+00
9.910000000000000000e+02,1.708348893456597395e+01,5.034516458461187938e+01,-2.722639099475718596e-02,7.141177192257155184e+02,1.608272085482542746e-02,0.000000000000000000e+00,1.482338355751480030e+01,1.000000000000000000e+00
9.920000000000000000e+02,8.454850035986017076e+01,3.927931741704475144e+01,-7.823174868932449011e-03,2.112288581156637406e+02,1.649390587468226865e-01,0.000000000000000000e+00,8.661594299723983426e+00,1.000000000000000000e+00
9.920000000000000000e+02,1.254071368102230508e+02,5.424379407145988097e+00,-5.467987714148768441e-03,1.501875658737135382e+02,1.989888128826617919e-01,0.000000000000000000e+00,1.175598587630801894e+01,1.000000000000000000e+00
9.920000000000000000e+02,9.747519070400873886e+01,2.179326234004592422e+01,-4.291063134831434728e-02,1.120618874375912128e+03,2.423672395871068197e-02,0.000000000000000000e+00,1.087146969945728614e+01,1.000000000000000000e+00
9.920000000000000000e+02,6.809179359023977085e+00,3.762311119856348540e+01,-3.106841452555086924e-02,8.136945535623342494e+02,1.295138689955555034e-01,0.000000000000000000e+00,1.121632416638523644e+01,1.000000000000000000e+00
9.920000000000000000e+02,6.850752041143444160e+01,2.789908331096523497e+01,-7.226807048885668973e-03,1.957723105061749891e+02,2.169189104977555793e-01,0.000000000000000000e+00,7.750453392076566139e+00,1.000000000000000000e+00
9.920000000000000000e+02,9.281656521136441995e+01,3.669817049671436848e+01,5.505743839888260945e-03,-1.511661219517335155e+02,2.344941537863601821e-01,0.000000000000000000e+00,7.408693285044392063e+00,1.000000000000000000e+00
9.930000000000000000e+02,2.372524056702519246e+01,3.555305128982382001e+01,-6.700272058211757809e-02,1.745033055920986953e+03,1.339770870158751848e-02,0.000000000000000000e+00,7.009648875168381643e+00,1.000000000000000000e+00
9.930000000000000000e+02,1.221268219285683756e+02,4.290943498463157368e+01,-3.220331879954712456e-02,8.431087864460924948e+02,1.370237113991878974e-02,0.000000000000000000e+00,5.670242592594166631e+00,1.000000000000000000e+00
9.930000000000000000e+02,9.344683330810815391e+01,4.408000619781805085e+01,7.048698994360213035e-03,-1.911561398613702920e+02,2.023817499086223437e-01,0.000000000000000000e+00,7.408693285044392063e+00,1.000000000000000000e+00
9.940000000000000000e+02,5.341383847149403863e+01,6.398909437873999018e+00,-4.722676655582484090e-02,1.232483644877183224e+03,8.339242222998721754e-02,0.000000000000000000e+00,8.064777538536583634e+00,1.000000000000000000e+00
9.940000000000000000e+02,1.426592938520985285e+02,2.359234676463562863e+01,-3.948399938894391059e-02,1.031808079695457764e+03,1.206554809345083967e-02,0.000000000000000000e+00,6.285471855046740330e+00,1.000000000000000000e+00
9.940000000000000000e+02,1.235757648765392389e+02,3.344261903437944028e+01,-2.629129051968693773e-02,6.898819631591909456e+02,1.872533052681724097e-02,0.000000000000000000e+00,7.943860110721400858e+00,1.000000000000000000e+00
9.950000000000000000e+02,9.753680904839929156e+01,5.300530905969496587e+01,-3.383154606334622463e-03,9.615325834477950195e+01,4.217029097925577563e-01,0.000000000000000000e+00,9.817786549543551899e+00,1.000000000000000000e+00
9.960000000000000000e+02,1.243035792692408847e+02,1.712845411118368233e+01,-4.147234328174312888e-03,1.159565310920140604e+02,2.721357018603662858e-01,0.000000000000000000e+00,1.175598587630801894e+01,1.000000000000000000e+00
9.960000000000000000e+02,5.560711735179379644e+01,1.764451890743317364e+01,-8.155738714794648000e-03,2.198481845514203314e+02,7.640177700376149517e-02,0.000000000000000000e+00,1.122818058525152729e+01,1.000000000000000000e+00
9.960000000000000000e+02,1.512210936917022508e+01,3.009309642753897052e+01,1.111553336440974926e-02,-2.965595787250651938e+02,1.968612944813841192e-01,0.000000000000000000e+00,3.823139187672232264e+00,1.000000000000000000e+00
9.960000000000000000e+02,7.240831664150573488e+01,3.658917480312440063e+01,-1.044809985309140196e-02,2.792611640603519731e+02,3.928518662279112394e-02,0.000000000000000000e+00,9.261478228869819418e+00,1.000000000000000000e+00
9.960000000000000000e+02,3.130149095788631897e+01,4.615218013936780750e+01,-1.161494422560101492e-01,3.018808430560123270e+03,2.346822127109537970e-02,0.000000000000000000e+00,1.302847275601630272e+01,1.000000000000000000e+00
9.960000000000000000e+02,2.710521714913326363e+01,5.196545965141473822e+00,-8.037939745856261323e-03,2.167950933038040091e+02,1.493004875640295825e-01,0.000000000000000000e+00,6.710915625261026918e+00,1.000000000000000000e+00
9.970000000000000000e+02,7.737298412308221884e+01,1.907985146448489289e+01,-2.481191117650115296e-02,6.515396910214159334e+02,7.896286909966154788e-02,0.000000000000000000e+00,1.250501088302272024e+01,1.000000000000000000e+00
9.970000000000000000e+02,1.165123337301749160e+02,4.211623051605516110e+01,-6.711285831736884221e-03,1.824111297571253090e+02,3.106451119066528932e-01,0.000000000000000000e+00,5.106280106943557939e+00,1.000000000000000000e+00
9.970000000000000000e+02,1.289504944611670396e+02,5.257684345676040039e+01,5.076871332795964559e-03,-1.400506859717155237e+02,2.080146452041684579e-01,0.000000000000000000e+00,1.183305934233111500e+01,1.000000000000000000e+00
9.970000000000000000e+02,1.892940459429219757e+01,3.044079790449660905e+01,-9.603418789915760256e-03,2.573688810951447863e+02,4.302487763065113713e-01,0.000000000000000000e+00,3.823139187672232264e+00,1.000000000000000000e+00
9.990000000000000000e+02,4.593607087644360121e+01,2.334915731198046629e+01,3.150098128305188570e-03,-9.011294492196748251e+01,1.869330208895499945e-01,0.000000000000000000e+00,1.122818058525152729e+01,1.000000000000000000e+00
9.990000000000000000e+02,1.049888899102349455e+02,2.360575558507834515e+01,-4.145574301274169288e-02,1.082911355510282192e+03,9.660950201401563575e-03,0.000000000000000000e+00,7.334976713474915755e+00,1.000000000000000000e+00
9.990000000000000000e+02,2.904303353032026891e+01,1.468377427294477044e+01,-3.304772463420666689e-02,8.649939360910238975e+02,1.136400179812757649e-02,0.000000000000000000e+00,7.932729519637375049e+00,1.000000000000000000e+00
9.990000000000000000e+02,1.156482925625744400e+02,3.293262278926362541e+01,-6.858087369692990320e-03,1.862159040663540281e+02,8.943188940989399427e-02,0.000000000000000000e+00,7.943860110721400858e+00,1.000000000000000000e+00
9.990000000000000000e+02,5.820884227514642184e+00,4.930771245881273579e+00,2.478242006503822946e-03,-7.269990588083564376e+01,4.039131276421171757e-01,0.000000000000000000e+00,1.526640126699470379e+01,1.000000000000000000e+00
9.990000000000000000e+02,1.393531916549955838e+02,2.893807821158428695e+01,-8.345893235945461147e-03,2.247765732245323989e+02,1.156559501006185764e-01,0.000000000000000000e+00,6.285471855046740330e+00,1.000000000000000000e+00
9.990000000000000000e+02,1.133833809072654191e+02,4.615154348564924192e+01,4.185471235238119418e-03,-1.169475479688552042e+02,3.415373064702452721e-01,0.000000000000000000e+00,5.106280106943557939e+00,1.000000000000000000e+00
1.000000000000000000e+03,9.671143492851764734e+01,3.717437955565347352e+01,-3.160599464319755001e-03,9.038511654930252348e+01,2.941626971053189488e-01,0.000000000000000000e+00,3.333421264769405923e+00,1.000000000000000000e+00
1.000000000000000000e+03,2.112224107023252273e+01,1.511879661253588836e+01,-7.324874589867223958e-03,1.983140063609378956e+02,3.411031825384132077e-01,0.000000000000000000e+00,7.501337537071388617e+00,1.000000000000000000e+00
1.000000000000000000e+03,1.508777404991967686e+01,3.467339393972209649e+01,-9.906432201907547710e-03,2.652223250123522575e+02,2.256122145095024178e-01,0.000000000000000000e+00,4.580426204433269533e+00,1.000000000000000000e+00
1.000000000000000000e+03,5.362154644634956391e+00,3.809051750901535627e+01,-3.917766828357575719e-03,1.100092361231649249e+02,2.167859157928299085e-01,0.000000000000000000e+00,8.060551523517098360e+00,1.000000000000000000e+00
1.001000000000000000e+03,2.084811846001571922e+01,7.622469402518693649e+00,-7.755976178860072949e-03,2.094872152612295793e+02,2.042105443180799451e-01,0.000000000000000000e+00,6.710915625261026918e+00,1.000000000000000000e+00
1.001000000000000000e+03,9.695001045918155569e+01,4.603930991386621940e+01,3.911302697053619000e-03,-1.098416999988217952e+02,1.807862515227985911e-01,0.000000000000000000e+00,5.736982616340323915e+00,1.000000000000000000e+00
1.001000000000000000e+03,8.991712421450220916e+01,1.885201909087476224e+01,-3.846357208580233281e-03,1.081584551944129089e+02,2.051800979008761017e-01,0.000000000000000000e+00,1.254620891837989305e+01,1.000000000000000000e+00
1.001000000000000000e+03,1.120476228689072542e+02,2.161172138141669663e+01,-8.907993768462744294e-03,2.393449878004410039e+02,3.417714911603367822e-01,0.000000000000000000e+00,7.334976713474915755e+00,1.000000000000000000e+00
1.002000000000000000e+03,1.239998776995468255e+01,2.937676856825466132e+01,-9.114673768367951082e-03,2.447016806854014419e+02,2.100394674664395334e-01,0.000000000000000000e+00,4.011523668718546709e+00,1.000000000000000000e+00
1.002000000000000000e+03,1.053156848704841053e+02,3.630702642024454718e+01,-4.380803197403295920e-03,1.220101245723749486e+02,3.408187328742576794e-01,0.000000000000000000e+00,8.647856296524214059e+00,1.000000000000000000e+00
1.002000000000000000e+03,6.572037633145333757e+01,3.796289425811671947e+01,-7.922624715299161555e-03,2.138063802982034645e+02,2.304061662382983489e-01,0.000000000000000000e+00,6.764578589678753140e+00,1.000000000000000000e+00
1.002000000000000000e+03,1.207901966802927660e+02,1.116254271396221398e+01,3.579140874599161509e-03,-1.012327931292003882e+02,3.087495596343574622e-01,0.000000000000000000e+00,1.002370700476908993e+01,1.000000000000000000e+00
1.003000000000000000e+03,7.411189971314870206e+01,3.716764110299482127e+01,-2.727768016067930179e-02,7.154470220624514241e+02,2.630728808328297585e-02,0.000000000000000000e+00,8.429121677035594118e+00,1.000000000000000000e+00
1.003000000000000000e+03,4.970569082528452043e+01,4.133413837636493326e+01,-2.504151316731977397e-02,6.574904717024443244e+02,1.368393389437050356e-02,0.000000000000000000e+00,1.173771028265249150e+01,1.000000000000000000e+00
1.003000000000000000e+03,5.531248603497819261e+01,8.652179422795688524e+00,-3.772353208900449013e-03,1.062404336213282932e+02,3.523867247380586543e-01,0.000000000000000000e+00,1.375982562048248958e+01,1.000000000000000000e+00
1.004000000000000000e+03,3.669553625769496108e+01,7.022899729993678619e+00,-1.441283392278608702e-02,3.820183867796981190e+02,2.790853037466201059e-02,0.000000000000000000e+00,1.079002550238312885e+01,1.000000000000000000e+00
1.004000000000000000e+03,8.272305102487811723e+01,8.370193228323818957e+00,-4.992369456749861864e-03,1.378605824378004172e+02,1.608164735912150922e-01,0.000000000000000000e+00,1.248175169542435192e+01,1.000000000000000000e+00
1.004000000000000000e+03,5.851430710559456116e+01,2.203429969343454431e+01,-4.927873616046759761e-03,1.361889915186872884e+02,1.162703343470448125e-01,0.000000000000000000e+00,8.059893911147021583e+00,1.000000000000000000e+00
1.004000000000000000e+03,1.533003773435038930e+01,4.907789215796304205e+01,-1.928335732912265024e-02,5.082516850607239007e+02,2.100969765298177361e-02,0.000000000000000000e+00,1.392441687634765302e+01,1.000000000000000000e+00
1.004000000000000000e+03,1.304829885153658608e+02,8.608234870456021426e+00,-7.198213026682778563e-03,1.950312160831206256e+02,9.198665774322634103e-02,0.000000000000000000e+00,1.002370700476908993e+01,1.000000000000000000e+00
1.004000000000000000e+03,5.961697840831450179e+01,3.504603682454806091e+01,-9.146763510357603863e-03,2.455333765082920365e+02,1.226630967976722886e-01,0.000000000000000000e+00,6.764578589678753140e+00,1.000000000000000000e+00
1.005000000000000000e+03,8.619057792867995005e+00,3.071725006870752850e+01,7.225256338223108588e-03,-1.957321194824833981e+02,2.717847908384348754e-01,0.000000000000000000e+00,4.011523668718546709e+00,1.000000000000000000e+00
1.005000000000000000e+03,9.588122755966925581e+01,4.040276197617411214e+01,-3.961846675149516793e-03,1.111516891993640428e+02,1.902121422486076074e-01,0.000000000000000000e+00,3.333421264769405923e+00,1.000000000000000000e+00
1.005000000000000000e+03,8.455226577011774225e+01,5.110152923049926699e+01,-8.318031066478112981e-03,2.240544468213305436e+02,7.144045606764515277e-02,0.000000000000000000e+00,3.077026690079274651e+00,1.000000000000000000e+00
1.006000000000000000e+03,3.305834389177111632e+01,3.092798852904065754e+01,-1.279621625176271746e-02,3.401191977916781752e+02,5.957703495941613081e-02,0.000000000000000000e+00,1.358243614409720124e+01,1.000000000000000000e+00
1.006000000000000000e+03,1.360602902504821827e+02,5.022099052922079210e+01,-6.240603153105258455e-03,1.702120657119513965e+02,1.266788278596111539e-01,0.000000000000000000e+00,2.143254769959435890e+01,1.000000000000000000e+00
1.007000000000000000e+03,5.084636277096660706e+01,2.451714474296782242e+01,-5.909196645026620898e-03,1.616227349365080670e+02,6.473642730825945879e-02,0.000000000000000000e+00,8.059893911147021583e+00,1.000000000000000000e+00
1.007000000000000000e+03,7.142708778065740205e+01,1.368012164323143409e+01,2.664192197843340357e-03,-7.751932753441738555e+01,2.688779636217160096e-01,0.000000000000000000e+00,1.248175169542435192e+01,1.000000000000000000e+00
1.007000000000000000e+03,1.397395410242235982e+02,2.910660645960344795e+01,8.065655480262298380e-03,-2.175134244309685414e+02,2.359734809565359193e-01,0.000000000000000000e+00,1.800991744768079528e+01,1.000000000000000000e+00
1.007000000000000000e+03,8.337739765025888872e+00,3.703641573459635339e+01,-8.055555725434742492e-03,2.172516609083759818e+02,2.913869492315486198e-01,0.000000000000000000e+00,6.325424455776634147e+00,1.000000000000000000e+00
1.008000000000000000e+03,1.032496827796511241e+02,2.247683570020621246e+01,-1.505091555615450660e-01,3.909336937805408525e+03,8.561629266450765385e-03,0.000000000000000000e+00,1.411795975559371286e+01,1.000000000000000000e+00
1.009000000000000000e+03,3.358849633064790652e+01,1.735590283818123680e+01,-9.800778963810048705e-03,2.624840245040811624e+02,2.612415618775684178e-01,0.000000000000000000e+00,1.079002550238312885e+01,1.000000000000000000e+00
1.009000000000000000e+03,1.217797385652082482e+02,3.044922409147909903e+01,-4.078283322491300933e-02,1.065471007753676076e+03,6.873444902319225669e-03,0.000000000000000000e+00,1.202600156936398434e+01,1.000000000000000000e+00
1.009000000000000000e+03,7.412775050812693678e+01,3.711406189128166488e+01,2.730880215011892431e-02,-7.162536358590136842e+02,1.974710448087779735e-02,0.000000000000000000e+00,6.382783320811951100e+00,1.000000000000000000e+00
1.010000000000000000e+03,8.855623475185512916e+01,3.423239693519015958e+01,1.160175269147976397e-02,-3.091613186662339103e+02,1.114582568395913187e-01,0.000000000000000000e+00,3.283718165740276085e+00,1.000000000000000000e+00
1.010000000000000000e+03,4.455860089666607848e+01,4.911047898247988996e+01,2.263713360169177565e-03,-6.713979327212628334e+01,4.841144915026691642e-01,0.000000000000000000e+00,7.784922353398210149e+00,1.000000000000000000e+00
1.010000000000000000e+03,8.147991179879362278e+01,5.093201720629706131e+01,-5.141432625434388774e-03,1.417239732616260710e+02,3.302971114355808258e-01,0.000000000000000000e+00,3.077026690079274651e+00,1.000000000000000000e+00
1.011000000000000000e+03,1.066497592228806184e+02,4.994175349506725325e+01,-9.368948165674585368e-03,2.512919161000751558e+02,5.524843227458331452e-02,0.000000000000000000e+00,1.387775470963605606e+01,1.000000000000000000e+00
1.011000000000000000e+03,6.238221818968452226e+01,3.446177519624254870e+01,-7.345283756279582556e-03,1.988429672500379581e+02,1.219559506797733839e-01,0.000000000000000000e+00,1.204126879345597700e+01,1.000000000000000000e+00
1.011000000000000000e+03,7.069851679608169093e+01,4.596803419751272912e+01,-4.372701696045745885e-03,1.218001514027436798e+02,2.889400356010084492e-01,0.000000000000000000e+00,7.824021362984263206e+00,1.000000000000000000e+00
1.013000000000000000e+03,7.600466784480661886e+01,1.937671811088003793e+01,-7.901899625173397848e-03,2.132692313584523447e+02,1.544283858192271319e-01,0.000000000000000000e+00,3.523850710514233597e+00,1.000000000000000000e+00
1.013000000000000000e+03,1.092421890809916931e+02,9.693774412355118386e+00,-1.002219835673144079e-02,2.682227301708039704e+02,1.272248337371680860e-01,0.000000000000000000e+00,6.093471031582403441e+00,1.000000000000000000e+00
1.013000000000000000e+03,1.547824611560779395e+01,2.838822324373181871e+01,-6.647684474509550634e-02,1.731403506105616543e+03,1.039568410578994850e-02,0.000000000000000000e+00,9.312250579252582483e+00,1.000000000000000000e+00
1.013000000000000000e+03,1.316430772701410774e+02,2.356887066028684785e+01,-7.736477531208039646e-03,2.089818530239937218e+02,8.621901627739958496e-02,0.000000000000000000e+00,1.165361684539122500e+01,1.000000000000000000e+00
1.013000000000000000e+03,2.518308225432136638e+01,2.702096411540257748e+01,-6.408678224605147099e-03,1.745682034130139471e+02,2.080792690234414266e-01,0.000000000000000000e+00,9.182942363103133943e+00,1.000000000000000000e+00
1.014000000000000000e+03,1.180498566206727276e+02,9.440738844721208167e+00,6.536419492306394345e-03,-1.778789772669182128e+02,1.271014259191360907e-01,0.000000000000000000e+00,8.811301520663040066e+00,1.000000000000000000e+00
1.014000000000000000e+03,8.027317097945710600e+01,3.883851257222076470e+01,-8.223987149601055813e-03,2.216170344899961435e+02,1.131263526182822998e-01,0.000000000000000000e+00,6.382783320811951100e+00,1.000000000000000000e+00
1.014000000000000000e+03,6.501617203871688844e+01,5.134634883565755104e+01,-7.887322832954369103e-03,2.128914328331909189e+02,7.985205755414714890e-02,0.000000000000000000e+00,7.824021362984263206e+00,1.000000000000000000e+00
1.014000000000000000e+03,5.361406265471926957e+01,5.153197560459917526e+01,-8.606448239786016613e-03,2.315295882035031809e+02,1.274520588580663194e-01,0.000000000000000000e+00,7.694467850686106836e+00,1.000000000000000000e+00
1.014000000000000000e+03,9.176206655917007993e+01,3.494334518592324912e+01,-7.899915055520501800e-03,2.132177956600574760e+02,1.347406658235784649e-01,0.000000000000000000e+00,3.283718165740276085e+00,1.000000000000000000e+00
1.015000000000000000e+03,9.929493585179729109e+01,5.998085180184571819e+00,-8.382910319461317136e-03,2.257359749469163432e+02,1.287596829952495359e-01,0.000000000000000000e+00,1.061159581337791913e+01,1.000000000000000000e+00
1.015000000000000000e+03,1.203606307989562652e+02,2.648660731804667989e+01,-4.846780299359613672e-03,1.340872303772361818e+02,1.501688698343419670e-01,0.000000000000000000e+00,1.165361684539122500e+01,1.000000000000000000e+00
1.015000000000000000e+03,1.050590926652081691e+02,3.615546118411111820e+01,-2.757802441643148004e-03,7.994550000950846425e+01,3.852071896086218805e-01,0.000000000000000000e+00,8.207877284642266957e+00,1.000000000000000000e+00
1.015000000000000000e+03,5.074953786036528669e+01,4.439059386100267801e+01,-3.982521581861276326e-03,1.116875374949460848e+02,2.651629143016872581e-01,0.000000000000000000e+00,7.694467850686106836e+00,1.000000000000000000e+00
1.016000000000000000e+03,4.740632870290387046e+01,1.999276962628505316e+01,-2.377366857369361819e-02,6.246307169268121697e+02,1.484532822885986647e-02,0.000000000000000000e+00,8.117039456045306522e+00,1.000000000000000000e+00
1.016000000000000000e+03,7.991733357440310215e+01,1.341366424906467358e+01,-3.940911606849841278e-03,1.106090980852820422e+02,2.850006050363002030e-01,0.000000000000000000e+00,4.738268729723486672e+00,1.000000000000000000e+00
1.018000000000000000e+03,1.089308162900278631e+02,1.577928476053310192e+01,-6.958792332720579489e-03,1.888259561235317960e+02,1.671088091734780345e-01,0.000000000000000000e+00,3.951744171314049758e+00,1.000000000000000000e+00
1.018000000000000000e+03,3.931684960768559023e+01,1.932444522973595724e+01,-6.615757997914754190e-03,1.799352575489513981e+02,2.444211932974363899e-01,0.000000000000000000e+00,7.915420165493906701e+00,1.000000000000000000e+00
1.018000000000000000e+03,6.684143642063361312e+00,2.532525531448578349e+01,-7.986480460639914028e-03,2.154613813475915833e+02,9.115817944337267775e-02,0.000000000000000000e+00,9.312250579252582483e+00,1.000000000000000000e+00
1.018000000000000000e+03,2.640519891207192416e+01,5.052499472140769221e+00,-1.163322466406022104e-02,3.099770032592024336e+02,1.250901337772787336e-01,0.000000000000000000e+00,6.769098245126530244e+00,1.000000000000000000e+00
1.019000000000000000e+03,1.037507204816598545e+02,4.724625814894128695e+01,-7.448182520494646755e-03,2.015098778286854326e+02,3.035034790935159377e-01,0.000000000000000000e+00,1.008117694428652911e+01,1.000000000000000000e+00
1.019000000000000000e+03,5.631540661088827449e+00,3.806805327380369164e+01,-7.675849871062416854e-03,2.074105168720544441e+02,1.486447793447750465e-01,0.000000000000000000e+00,1.278619853074216550e+01,1.000000000000000000e+00
1.020000000000000000e+03,3.413269572714504818e+01,2.530595214180953789e+01,-7.533341802020389159e-03,2.037170198726495869e+02,1.051165175980951494e-01,0.000000000000000000e+00,7.915420165493906701e+00,1.000000000000000000e+00
1.020000000000000000e+03,7.001706177044664514e+01,3.272526785218072121e+01,-3.460078953385985895e-02,9.052459764513378104e+02,5.930847731357857811e-02,0.000000000000000000e+00,6.727457672914409770e+00,1.000000000000000000e+00
1.021000000000000000e+03,7.750482974573957051e+01,1.897832615291788372e+01,2.109273285328520584e-02,-5.551467353846471724e+02,1.382039054867112426e-02,0.000000000000000000e+00,6.065116390269145619e+00,1.000000000000000000e+00
1.021000000000000000e+03,7.644342618652228794e+01,3.073516053531267644e+01,-3.028012285077864157e-02,7.932637600290331648e+02,1.460712177539379431e-01,0.000000000000000000e+00,6.727457672914409770e+00,1.000000000000000000e+00
1.021000000000000000e+03,1.368086788473188165e+02,3.584819220104382964e+01,-3.699776968019153484e-02,9.673704514906995655e+02,1.151820342476939096e-02,0.000000000000000000e+00,8.857204508548862876e+00,1.000000000000000000e+00
1.022000000000000000e+03,9.357065854890416290e+01,1.760744798254749455e+01,-8.589904599665618146e-03,2.311008132888286752e+02,7.462598372973627825e-02,0.000000000000000000e+00,6.656489004493661987e+00,1.000000000000000000e+00
1.022000000000000000e+03,2.249652760782561955e+01,1.057906980893524107e+01,-7.858322557524501442e-03,2.121398092163517788e+02,2.940791343520106071e-01,0.000000000000000000e+00,6.465227223759985264e+00,1.000000000000000000e+00
1.022000000000000000e+03,1.002019545218917216e+02,1.702886386110618488e+01,-4.371847949283324576e-03,1.217780241567115667e+02,3.146152586252498606e-01,0.000000000000000000e+00,5.042797703749987370e+00,1.000000000000000000e+00
1.022000000000000000e+03,1.022079665923679954e+02,2.364566723754508715e+01,-3.661759882522294500e-03,1.033740968456089320e+02,2.472676145857246599e-01,0.000000000000000000e+00,6.914200702131068965e+00,1.000000000000000000e+00
1.022000000000000000e+03,6.220173700116848181e+01,4.252100827707302244e+01,-4.437218521111605841e-03,1.234722861905752893e+02,1.173861910364054628e-01,0.000000000000000000e+00,1.204721353867269507e+01,1.000000000000000000e+00
1.023000000000000000e+03,5.798289671702029580e+01,2.219430303248089942e+01,-5.561254470194544608e-02,1.449824646187341386e+03,1.179360629765657809e-02,0.000000000000000000e+00,1.303746672210589530e+01,1.000000000000000000e+00
1.023000000000000000e+03,1.854220819006758703e+01,5.464138626877263150e+00,-7.967390832393478339e-03,2.149666199974313088e+02,3.970928078604986089e-01,0.000000000000000000e+00,6.465227223759985264e+00,1.000000000000000000e+00
1.023000000000000000e+03,3.963964818023988101e+01,1.010093150690704888e+01,-1.603372164069531355e-02,4.240282460298740830e+02,2.791851044599269471e-02,0.000000000000000000e+00,9.229160542197556438e+00,1.000000000000000000e+00
1.023000000000000000e+03,1.720840428827580482e+01,4.468070901298749931e+01,-4.287467216909792746e-03,1.195910604014359819e+02,2.311515078912331767e-01,0.000000000000000000e+00,1.059900181161925659e+01,1.000000000000000000e+00
1.023000000000000000e+03,9.374467443613767159e+01,4.601777489024210865e+01,-8.072548016585072428e-03,2.176920638750195565e+02,7.139194946242910511e-02,0.000000000000000000e+00,1.008117694428652911e+01,1.000000000000000000e+00
1.023000000000000000e+03,1.284360632895722176e+02,4.449718042025196496e+01,-2.166213714094998143e-03,6.461281600944359127e+01,4.351043313410334346e-01,0.000000000000000000e+00,1.203767786966495912e+01,1.000000000000000000e+00
1.024000000000000000e+03,5.036573807072512210e+01,4.476700101190595404e+01,4.167121257501500350e-03,-1.164719567397763740e+02,1.995180337875751553e-01,0.000000000000000000e+00,6.271829476935018910e+00,1.000000000000000000e+00
1.024000000000000000e+03,2.729692343109121566e+01,4.668349386872619355e+00,1.295914838916670253e-02,-3.443420419060753943e+02,2.366669110743975235e-01,0.000000000000000000e+00,7.614487242606288397e+00,1.000000000000000000e+00
1.025000000000000000e+03,4.410336003593457121e+01,4.511119040326460095e+01,4.768109048590314474e-03,-1.320482438790741639e+02,1.699146871976170425e-01,0.000000000000000000e+00,6.271829476935018910e+00,1.000000000000000000e+00
1.026000000000000000e+03,7.467095358652329651e+01,5.202372474284139514e+01,-4.202551021732711667e-03,1.173902186231719611e+02,2.473226939928412360e-01,0.000000000000000000e+00,9.077857042740719251e+00,1.000000000000000000e+00
1.026000000000000000e+03,1.443001990226296698e+02,3.112302583686481228e+01,3.175113776996709835e-03,-9.076129574168879799e+01,2.618247100846117226e-01,0.000000000000000000e+00,6.913551874738008252e+00,1.000000000000000000e+00
1.027000000000000000e+03,1.173217166639288394e+02,1.198969700601202959e+01,-2.013181375531626280e-02,5.302418171657888024e+02,4.700757124376320206e-02,0.000000000000000000e+00,5.604378467443491552e+00,1.000000000000000000e+00
1.027000000000000000e+03,1.399658877535050578e+02,2.158435109905875393e+01,4.959036502535357077e-03,-1.369966652771780105e+02,1.772627095923731133e-01,0.000000000000000000e+00,3.616216327480947790e+00,1.000000000000000000e+00
1.027000000000000000e+03,9.750927266979661567e+01,3.152370676567342045e+01,-3.356133829050492179e-02,8.783056770411558318e+02,1.056046302597035691e-02,0.000000000000000000e+00,9.172852957764106918e+00,1.000000000000000000e+00
1.027000000000000000e+03,2.740498634898098729e+01,4.757355427017176908e+01,9.532186266707369515e-03,-2.555226901215470718e+02,1.636289579405103556e-01,0.000000000000000000e+00,9.077109166512418170e+00,1.000000000000000000e+00
1.028000000000000000e+03,1.117773743005642473e+02,2.918357782964566383e+01,-3.497290562468682168e-02,9.148904104412076776e+02,2.005374636256129772e-02,0.000000000000000000e+00,9.444184387759460009e+00,1.000000000000000000e+00
1.028000000000000000e+03,7.043709545602325761e+01,9.066749359461965696e+00,-4.183449411898232211e-03,1.168951467364941266e+02,1.779591953587311703e-01,0.000000000000000000e+00,1.809529584363228594e+01,1.000000000000000000e+00
1.028000000000000000e+03,1.221960353143523648e+01,2.198974980669439105e+01,-3.858166447416602578e-03,1.084645247980542564e+02,3.287332932885115300e-01,0.000000000000000000e+00,6.968280562224706820e+00,1.000000000000000000e+00
1.028000000000000000e+03,5.271688491191388692e+01,3.412093953228664134e+01,-6.890460747314386403e-02,1.794325798236802029e+03,5.993654559559469241e-03,0.000000000000000000e+00,1.064706418043608416e+01,1.000000000000000000e+00
1.028000000000000000e+03,8.110159261295547140e+01,4.040325572989137726e+01,3.721122714633358450e-03,-1.049126514253761115e+02,2.751981109874012121e-01,0.000000000000000000e+00,9.380891999133764259e+00,1.000000000000000000e+00
1.029000000000000000e+03,8.162245924040830403e+01,2.998221357978135515e+01,-3.474008911379930509e-02,9.088563164410894615e+02,1.072942582314673210e-02,0.000000000000000000e+00,1.043405106073205957e+01,1.000000000000000000e+00
1.029000000000000000e+03,1.956642936136723421e+01,3.079717379416733181e+01,-6.601095816865253790e-03,1.795552459322401262e+02,2.180841745643598006e-01,0.000000000000000000e+00,7.072111328834271404e+00,1.000000000000000000e+00
1.029000000000000000e+03,1.682766913630734606e+01,1.138327148503405262e+01,-9.211010800734087053e-03,2.471985255473647101e+02,7.264139435928107513e-02,0.000000000000000000e+00,1.156424018285058253e+01,1.000000000000000000e+00
1.029000000000000000e+03,1.274297531832582031e+01,2.893834793628611735e+01,-3.820589488043478130e-03,1.074906123198039012e+02,3.959181498368914420e-01,0.000000000000000000e+00,6.968280562224706820e+00,1.000000000000000000e+00
1.029000000000000000e+03,3.161556787681323399e+01,3.953210452412089637e+01,3.108154673038811006e-03,-8.902586243455162673e+01,2.990317726897845363e-01,0.000000000000000000e+00,9.077109166512418170e+00,1.000000000000000000e+00
1.030000000000000000e+03,2.944754611757344520e+01,9.796168255264282365e+00,-5.005541069975666391e-03,1.382019618014663820e+02,1.388071497771032892e-01,0.000000000000000000e+00,6.801582495951014273e+00,1.000000000000000000e+00
1.030000000000000000e+03,1.419014670890419438e+02,2.463894651629200538e+01,-4.054328514005787858e-03,1.135486158899807236e+02,2.208003341033754063e-01,0.000000000000000000e+00,3.616216327480947790e+00,1.000000000000000000e+00
1.030000000000000000e+03,7.217753235337619344e+01,4.329501698954088340e+01,-4.954817250212617367e-03,1.368873114988373914e+02,1.613514941188372021e-01,0.000000000000000000e+00,9.077857042740719251e+00,1.000000000000000000e+00
1.031000000000000000e+03,3.490006161642169502e+01,1.691172531148242797e+01,-4.215773222928861919e-03,1.177329091162212080e+02,2.107296068827714253e-01,0.000000000000000000e+00,3.400619364784739140e+00,1.000000000000000000e+00
1.032000000000000000e+03,5.231725896371251139e+01,4.899405515434777314e+00,-9.736203403510541518e-03,2.608103674276472930e+02,8.862318898316845495e-02,0.000000000000000000e+00,1.309193096288268343e+01,1.000000000000000000e+00
1.032000000000000000e+03,4.437691673745014498e+01,2.615767226986117677e+01,-5.510228017399826199e-03,1.512823420106754497e+02,4.453547345809789615e-01,0.000000000000000000e+00,8.648077427506986936e+00,1.000000000000000000e+00
1.032000000000000000e+03,6.562057521135447757e+01,4.992428720134289932e+01,-4.541073162526053017e-03,1.261639710124740787e+02,2.499880661218425448e-01,0.000000000000000000e+00,9.324210985568436527e+00,1.000000000000000000e+00
1.033000000000000000e+03,1.113266736700852988e+02,1.975015386526849781e+01,-7.017990873694548125e-03,1.903602526368893564e+02,9.964714495665727423e-02,0.000000000000000000e+00,9.444184387759460009e+00,1.000000000000000000e+00
1.033000000000000000e+03,1.024335436520201199e+02,2.496090625576260535e+01,4.167088917824218752e-03,-1.164711185661781769e+02,2.222763046198653614e-01,0.000000000000000000e+00,7.228622674294396866e+00,1.000000000000000000e+00
1.033000000000000000e+03,6.312804738683366423e+01,3.634976693321911512e+01,-8.214013252018049702e-03,2.213585329115041702e+02,7.784783448837018227e-02,0.000000000000000000e+00,1.064706418043608416e+01,1.000000000000000000e+00
1.034000000000000000e+03,1.269937202134037761e+02,4.626484540700094783e+01,-8.925228131291622000e-03,2.397916647347579158e+02,7.672208267507618640e-02,0.000000000000000000e+00,9.844378412232224207e+00,1.000000000000000000e+00
1.034000000000000000e+03,4.303912487358964967e+01,1.413601117674707197e+01,-4.851438828403150348e-03,1.342079692459866180e+02,1.728882611040202244e-01,0.000000000000000000e+00,8.599356933047440421e+00,1.000000000000000000e+00
1.034000000000000000e+03,1.348444919231308177e+02,4.032538668713653607e+01,-8.432087474836967925e-03,2.270105390964429830e+02,8.973810089635680942e-02,0.000000000000000000e+00,9.481902031864995806e+00,1.000000000000000000e+00
1.035000000000000000e+03,4.717950335801742767e+01,3.433903837989274876e+01,-3.893928061861057222e-02,1.017690162322285346e+03,1.800422448573435474e-02,0.000000000000000000e+00,6.235994690648565708e+00,1.000000000000000000e+00
1.035000000000000000e+03,3.219566677195559379e+01,4.772581130700079655e+01,-4.349799343765648613e-02,1.135842013171720055e+03,1.095627828263034953e-02,0.000000000000000000e+00,1.395846112713475939e+01,1.000000000000000000e+00
1.035000000000000000e+03,1.393568888453209809e+02,9.963589690634096385e+00,-3.233669684025117577e-03,9.227893659080500299e+01,2.314304960950487322e-01,0.000000000000000000e+00,3.194811132620464456e+00,1.000000000000000000e+00
1.035000000000000000e+03,7.952978744131532096e+01,1.514314066549970939e+01,-3.988171648533773116e-03,1.118339748471717314e+02,3.460071316347648196e-01,0.000000000000000000e+00,7.961684119067273357e+00,1.000000000000000000e+00
1.035000000000000000e+03,1.439968473440814023e+02,3.784731154895327876e+01,4.478186575243281280e-03,-1.245340884171016711e+02,3.645454328970995084e-01,0.000000000000000000e+00,9.481902031864995806e+00,1.000000000000000000e+00
1.036000000000000000e+03,2.983890185205010681e+01,1.162996279545862777e+01,-8.065247894046162838e-03,2.175028606890245442e+02,8.503747148242402076e-02,0.000000000000000000e+00,7.315213833933218446e+00,1.000000000000000000e+00
1.036000000000000000e+03,9.579750046538590880e+01,3.379899700572582333e+01,-3.033352477099227062e-02,7.946478208292207910e+02,1.043077981021376388e-01,0.000000000000000000e+00,1.105210012981513579e+01,1.000000000000000000e+00
1.036000000000000000e+03,1.267119140791017600e+02,3.398554041221148481e+01,2.593493827064158146e-03,-7.568698062177544728e+01,2.745092573513647771e-01,0.000000000000000000e+00,9.927640581043146284e+00,1.000000000000000000e+00
1.038000000000000000e+03,4.662836509165683196e+01,2.812744628179502016e+01,-1.035017232701478974e-02,2.767230970852360201e+02,2.308213011872086717e-01,0.000000000000000000e+00,4.179638894478122424e+00,1.000000000000000000e+00
1.038000000000000000e+03,2.459399507592990730e+01,3.601883798066344866e+01,7.692459756687860389e-03,-2.078410087251153584e+02,1.681310236006877679e-01,0.000000000000000000e+00,8.942270716389167262e+00,1.000000000000000000e+00
1.040000000000000000e+03,1.316091528707954126e+02,2.373940986600559810e+01,9.542050113941458536e-03,-2.557783394360497482e+02,7.208186913713188204e-02,0.000000000000000000e+00,1.135632594428155961e+01,1.000000000000000000e+00
1.040000000000000000e+03,1.391895671982325666e+02,1.315401625138287400e+01,-5.259306173125609385e-03,1.447789974271583162e+02,1.838424307902905008e-01,0.000000000000000000e+00,3.194811132620464456e+00,1.000000000000000000e+00
1.040000000000000000e+03,6.337159497607708403e+01,1.916987413435674625e+01,3.283708945587054603e-03,-9.357584464431981530e+01,3.101496549876018305e-01,0.000000000000000000e+00,9.072685989229061221e+00,1.000000000000000000e+00
1.040000000000000000e+03,2.144787598072131374e+01,2.764828601535344887e+01,-8.075338007694735087e-03,2.177643743333759119e+02,1.491211205814326757e-01,0.000000000000000000e+00,7.658956732699491177e+00,1.000000000000000000e+00
1.041000000000000000e+03,1.090097750296633627e+01,1.659034046996733736e+01,3.396021311988823167e-03,-9.648673517206007944e+01,2.705582165286473106e-01,0.000000000000000000e+00,9.238785356758608458e+00,1.000000000000000000e+00
1.041000000000000000e+03,1.061582784301056925e+01,2.582472429021676419e+01,-7.123932524677161447e-03,1.931060281754020593e+02,7.303698289531812549e-02,0.000000000000000000e+00,9.238785356758608458e+00,1.000000000000000000e+00
1.041000000000000000e+03,3.770655079344673055e+01,4.813359156279135931e+01,-6.990520867540075435e-03,1.896482902477613663e+02,1.229301164246083822e-01,0.000000000000000000e+00,1.205923482004275549e+01,1.000000000000000000e+00
1.041000000000000000e+03,2.393162932116905495e+01,5.018533657444599072e+01,-3.425895524464127925e-03,9.726100932284224143e+01,2.578728193703291316e-01,0.000000000000000000e+00,1.392688476150593502e+01,1.000000000000000000e+00
1.041000000000000000e+03,2.894103456510167405e+01,2.606329621643050842e+01,4.511913967306926607e-03,-1.254082285427957970e+02,2.715662981233570861e-01,0.000000000000000000e+00,7.658956732699491177e+00,1.000000000000000000e+00
1.041000000000000000e+03,1.169905607626801753e+02,3.197225026827451089e+01,3.280634902620707064e-03,-9.349617218402637775e+01,2.890209051186279909e-01,0.000000000000000000e+00,9.927640581043146284e+00,1.000000000000000000e+00
1.041000000000000000e+03,8.363044515366932785e+01,3.996374765180809874e+01,-8.456994121352996024e-03,2.276560648185342473e+02,2.124173699626841216e-01,0.000000000000000000e+00,6.432755072870540936e+00,1.000000000000000000e+00
1.042000000000000000e+03,1.384505103694195611e+02,6.331660614773408469e+00,6.592229400356361575e-03,-1.793254478373588654e+02,2.234734604286016113e-01,0.000000000000000000e+00,5.396353597578706029e+00,1.000000000000000000e+00
1.042000000000000000e+03,5.102467149162521309e+01,4.558284261108877189e+00,4.857604654674339655e-03,-1.343677739572887901e+02,2.190974711802425867e-01,0.000000000000000000e+00,4.349560942934287411e+00,1.000000000000000000e+00
1.042000000000000000e+03,6.869818553697241725e+01,8.169731436243695910e+00,-7.929685264299260114e-03,2.139893742628351845e+02,9.330997366867177512e-02,0.000000000000000000e+00,6.754055494958610240e+00,1.000000000000000000e+00
1.042000000000000000e+03,5.071482393754698847e+01,2.724981572792830775e+01,4.805699162276100625e-03,-1.330224972882954546e+02,3.024483201622168993e-01,0.000000000000000000e+00,3.909603801861747829e+00,1.000000000000000000e+00
1.042000000000000000e+03,7.335240079051939865e+00,3.830919018681353805e+01,-4.626503075483370114e-03,1.283781272303526180e+02,1.742588562364479898e-01,0.000000000000000000e+00,1.290829751750101906e+01,1.000000000000000000e+00
1.042000000000000000e+03,7.733065644726373478e+01,4.126490101793609711e+01,-2.050434513190872721e-02,5.398970144530570678e+02,2.093443719617649190e-02,0.000000000000000000e+00,6.432755072870540936e+00,1.000000000000000000e+00
1.042000000000000000e+03,5.853669084979114956e+01,1.076292518468994253e+01,2.439988520278260718e-03,-7.170845930843684357e+01,3.648655541283686299e-01,0.000000000000000000e+00,9.698097161437418734e+00,1.000000000000000000e+00
1.042000000000000000e+03,9.480345533078443054e+01,4.043954546426294883e+01,-8.053997981803295153e-03,2.172112876055358868e+02,1.766066608400851390e-01,0.000000000000000000e+00,1.032874085918492391e+01,1.000000000000000000e+00
1.043000000000000000e+03,9.082967989108922779e+00,4.812821082064496103e+00,-8.157433179336981421e-03,2.198921013607966586e+02,7.416996638470718661e-02,0.000000000000000000e+00,1.191700975601276369e+01,1.000000000000000000e+00
1.043000000000000000e+03,8.348783488862427760e+01,1.962287061172289171e+01,3.417476563519123312e-03,-9.704280829606872771e+01,3.221396485922570774e-01,0.000000000000000000e+00,1.105439863161234015e+01,1.000000000000000000e+00
1.044000000000000000e+03,1.119620500380572707e+02,1.914114345138299100e+01,-3.206724170119561006e-03,9.158056789191930136e+01,2.292405257704011046e-01,0.000000000000000000e+00,5.403941433667330152e+00,1.000000000000000000e+00
1.044000000000000000e+03,8.890155210736772062e+01,3.085276294740801717e+01,-5.242629345478867255e-03,1.443467705835353740e+02,1.939696729012476695e-01,0.000000000000000000e+00,7.747384871045265520e+00,1.000000000000000000e+00
1.044000000000000000e+03,1.050803584230535677e+02,4.147305916436815920e+01,-2.923651656506505610e-03,8.424394838207614100e+01,3.132644954912395807e-01,0.000000000000000000e+00,7.247973515832053515e+00,1.000000000000000000e+00
1.045000000000000000e+03,4.972805692999892102e+01,4.718042072093265915e+01,-4.493211192763568555e-03,1.249234935932536388e+02,1.650959669769391791e-01,0.000000000000000000e+00,8.704037281549691585e+00,1.000000000000000000e+00
1.045000000000000000e+03,3.941634477931588521e+01,2.297313931634369055e+01,3.553137899123142741e-03,-1.005588529618688938e+02,2.354411770871442933e-01,0.000000000000000000e+00,8.867199653157138428e+00,1.000000000000000000e+00
1.045000000000000000e+03,5.725298200752878586e+01,2.963470919591885178e+01,-4.237964732541401984e-03,1.183080644370192829e+02,1.978997256305062846e-01,0.000000000000000000e+00,6.959542212080624068e+00,1.000000000000000000e+00
1.046000000000000000e+03,4.850016551348584670e+01,8.100254046784357342e+00,-9.248381179841152350e-03,2.481670839176129277e+02,8.588108892006773853e-02,0.000000000000000000e+00,4.349560942934287411e+00,1.000000000000000000e+00
1.046000000000000000e+03,1.339491066876065304e+02,9.307899355778696204e+00,-8.936716409812561421e-03,2.400894157500558777e+02,2.073089758554862438e-01,0.000000000000000000e+00,5.396353597578706029e+00,1.000000000000000000e+00
1.046000000000000000e+03,7.025896149342027286e+01,1.474097515739381592e+01,-5.815559198944214060e-03,1.591958574378359685e+02,3.479170011291381481e-01,0.000000000000000000e+00,6.754055494958610240e+00,1.000000000000000000e+00
1.046000000000000000e+03,9.654731097530805073e+01,2.630862067822516437e+01,-4.756733916798998665e-03,1.317534253791710626e+02,1.992265481290247386e-01,0.000000000000000000e+00,4.259841861313681477e+00,1.000000000000000000e+00
1.047000000000000000e+03,3.956739913439499645e+01,3.498492884290569549e+01,-7.689503752027784106e-03,2.077643955591689462e+02,6.349768100997832398e-02,0.000000000000000000e+00,7.461385077105109787e+00,1.000000000000000000e+00
1.047000000000000000e+03,1.400123231225400211e+01,5.139803131196916297e+01,-4.303781302736715483e-03,1.200138857716401191e+02,2.743375095300770727e-01,0.000000000000000000e+00,3.679499617119220023e+00,1.000000000000000000e+00
1.047000000000000000e+03,6.319857142490457846e+01,4.145566003354190343e+01,-7.936187311507211448e-03,2.141578930843587329e+02,9.654608657829244489e-02,0.000000000000000000e+00,5.955721550069919878e+00,1.000000000000000000e+00
1.048000000000000000e+03,6.211262530926872216e+01,1.037812705519308132e+01,-3.525560975144066689e-02,9.222174821705760905e+02,8.677480755919009248e-03,0.000000000000000000e+00,9.241062535666198841e+00,1.000000000000000000e+00
1.048000000000000000e+03,3.431928283766431775e+01,1.158939905900762923e+01,-7.344854107119836925e-03,1.988318316849223493e+02,9.989350559053022938e-02,0.000000000000000000e+00,1.141016608556937051e+01,1.000000000000000000e+00
1.048000000000000000e+03,7.123847491442131741e+01,3.316846772218989514e+01,-1.008113826638136999e-02,2.697503235267493551e+02,1.383210720029904861e-01,0.000000000000000000e+00,1.008524307714245438e+01,1.000000000000000000e+00
1.049000000000000000e+03,8.135932541916447747e+01,3.602459506611706530e+01,-6.633341908970204204e-02,1.727686227277866692e+03,6.633235635255751994e-03,0.000000000000000000e+00,9.145109670220241682e+00,1.000000000000000000e+00
1.049000000000000000e+03,1.125564198580883044e+02,3.686230463141254887e+01,-7.029697954074226422e-03,1.906636745171014979e+02,1.045714917819329237e-01,0.000000000000000000e+00,3.172167768000891730e+00,1.000000000000000000e+00
1.049000000000000000e+03,1.228682327763206672e+02,5.082924615235017995e+01,-4.399844302899850144e-03,1.225036283191426776e+02,1.671581990379289451e-01,0.000000000000000000e+00,1.537632772203250831e+01,1.000000000000000000e+00
1.049000000000000000e+03,1.067655698279484398e+02,1.765818140046806661e+01,4.726595248989312777e-03,-1.309722971253856088e+02,3.346832133823287592e-01,0.000000000000000000e+00,5.403941433667330152e+00,1.000000000000000000e+00
1.049000000000000000e+03,1.021131573000481865e+02,2.054345234170632040e+01,3.557143195103661549e-03,-1.006626614604698489e+02,4.899940636248503179e-01,0.000000000000000000e+00,5.119034098409761313e+00,1.000000000000000000e+00
1.049000000000000000e+03,1.035387899574586079e+01,5.188334689685959944e+01,2.690632622368917780e-03,-7.820460542292354944e+01,4.374987112311341519e-01,0.000000000000000000e+00,3.679499617119220023e+00,1.000000000000000000e+00
1.050000000000000000e+03,4.016025487030843522e+01,5.012355800052497301e+01,-5.711429277817088417e-03,1.564970379687581783e+02,1.982844940898372821e-01,0.000000000000000000e+00,7.885919089428498729e+00,1.000000000000000000e+00
1.050000000000000000e+03,2.384676239895987138e+01,5.063704778584296662e+01,4.920108852990950736e-03,-1.359877458682444171e+02,3.508779330393289042e-01,0.000000000000000000e+00,9.874895372370582791e+00,1.000000000000000000e+00
1.050000000000000000e+03,1.281040190642364678e+02,1.770855785516229020e+01,-2.587736461473864966e-03,7.553776231662843088e+01,4.828603834703981690e-01,0.000000000000000000e+00,1.023406627632143717e+01,1.000000000000000000e+00
1.050000000000000000e+03,9.415645828650949056e+01,2.983425198394405697e+01,-4.295972042013045285e-03,1.198114868391141385e+02,3.740329193231367588e-01,0.000000000000000000e+00,4.259841861313681477e+00,1.000000000000000000e+00
1.051000000000000000e+03,9.445745846775017185e+01,7.646436219593740091e+00,4.467540156861890543e-03,-1.242581565726074615e+02,2.502332936848532530e-01,0.000000000000000000e+00,9.889807390864335801e+00,1.000000000000000000e+00
1.051000000000000000e+03,3.058546957677986455e+01,2.996412372948836023e+01,2.142587997223049847e-03,-6.400048917797417403e+01,4.639575847561825395e-01,0.000000000000000000e+00,6.799683432761384871e+00,1.000000000000000000e+00
1.051000000000000000e+03,4.681072781393565663e+01,3.677558707634684509e+01,4.444682252658517518e-03,-1.236657297636879917e+02,3.486232382434105714e-01,0.000000000000000000e+00,3.939571588803786995e+00,1.000000000000000000e+00
1.052000000000000000e+03,1.344915588825008967e+01,4.226911170724613243e+01,4.008331004442893496e-03,-1.123564611952136261e+02,2.676154944706052863e-01,0.000000000000000000e+00,7.970531656585114533e+00,1.000000000000000000e+00
1.052000000000000000e+03,4.476910334102326061e+01,7.007571743639175565e+00,-6.216795561778917442e-03,1.695950250930025618e+02,1.502900050245752350e-01,0.000000000000000000e+00,1.141016608556937051e+01,1.000000000000000000e+00
1.052000000000000000e+03,5.026648718131334448e+01,3.488403969441549179e+01,-4.449085639041828327e-03,1.237798558935507316e+02,3.557723209479144444e-01,0.000000000000000000e+00,3.939571588803786995e+00,1.000000000000000000e+00
1.052000000000000000e+03,1.918828380016563173e+01,3.673812755437628397e+01,3.481880426255870575e-03,-9.871201534776280084e+01,3.611341586188784314e-01,0.000000000000000000e+00,7.970531656585114533e+00,1.000000000000000000e+00
1.053000000000000000e+03,2.046953728492809788e+01,9.773934008614057589e+00,-4.209633103210456972e-02,1.099513993825967646e+03,7.809942801396130285e-03,0.000000000000000000e+00,6.730025778573766715e+00,1.000000000000000000e+00
1.053000000000000000e+03,1.111470240315145617e+02,1.204009001233179177e+01,3.066965776543228647e-03,-8.795833645768665576e+01,3.383388196760498401e-01,0.000000000000000000e+00,7.124611693516932576e+00,1.000000000000000000e+00
1.053000000000000000e+03,7.857853486568518520e+01,1.427962915766798879e+01,5.576118149942864248e-03,-1.529900699202181045e+02,1.711156116207374067e-01,0.000000000000000000e+00,6.860848853650680645e+00,1.000000000000000000e+00
1.053000000000000000e+03,7.235870463692408805e+01,1.717530851112367429e+01,7.911835186781228380e-03,-2.135267393524389945e+02,7.162121035987611961e-02,0.000000000000000000e+00,6.860848853650680645e+00,1.000000000000000000e+00
1.053000000000000000e+03,5.789731163750636966e+01,2.984219912091676008e+01,4.356154202010553353e-03,-1.213712766030393340e+02,1.860218417739907260e-01,0.000000000000000000e+00,7.801168402228649157e+00,1.000000000000000000e+00
1.053000000000000000e+03,3.926910804420529644e+01,4.228815263645228129e+01,-3.611988599753017219e-03,1.020841342154182030e+02,2.598509975062425204e-01,0.000000000000000000e+00,7.885919089428498729e+00,1.000000000000000000e+00
1.053000000000000000e+03,9.927227710924466919e+01,1.628505947089437456e+01,-4.239025572508354524e-03,1.183355590852951735e+02,2.775816175813227149e-01,0.000000000000000000e+00,3.077291992206114823e+00,1.000000000000000000e+00
1.054000000000000000e+03,9.249630707825572529e+01,2.074828093821193420e+01,-6.196634319366473714e-03,1.690724898509267291e+02,3.682647745969241937e-01,0.000000000000000000e+00,5.812028213060937532e+00,1.000000000000000000e+00
1.054000000000000000e+03,2.976055847437320168e+01,3.939584630738808357e+01,-3.904839492801057566e-03,1.096741879016202148e+02,1.916947740680305934e-01,0.000000000000000000e+00,9.467727769287474615e+00,1.000000000000000000e+00
1.054000000000000000e+03,2.420891786771584364e+01,2.760291999253503192e+01,3.658106806029037730e-03,-1.032794171046150495e+02,1.520992918024262064e-01,0.000000000000000000e+00,6.799683432761384871e+00,1.000000000000000000e+00
1.055000000000000000e+03,1.309508085167537104e+02,2.755137191713474465e+01,4.703462234832743796e-03,-1.303727400690810896e+02,3.839060923702291017e-01,0.000000000000000000e+00,5.330027499978341687e+00,1.000000000000000000e+00
1.055000000000000000e+03,1.119158486878926624e+02,3.994323464382329547e+01,-8.408045965862698257e-03,2.263874358444338384e+02,6.681315598664483435e-02,0.000000000000000000e+00,1.078436814869977489e+01,1.000000000000000000e+00
1.055000000000000000e+03,1.239090391388027115e+02,4.808446021082940725e+00,-3.378067418515693244e-03,9.602140957950655320e+01,3.642897805640658015e-01,0.000000000000000000e+00,1.161946934528049447e+01,1.000000000000000000e+00
1.055000000000000000e+03,9.669196708851620414e+00,7.722636215183069197e+00,5.057238110760460190e-03,-1.395418358612323289e+02,2.279817709796050362e-01,0.000000000000000000e+00,1.099341526535675051e+01,1.000000000000000000e+00
1.055000000000000000e+03,1.431996745247617184e+02,1.216528747538974109e+01,-8.418285329425411606e-03,2.266528177196422007e+02,1.147167333762918462e-01,0.000000000000000000e+00,1.608125182584208801e+01,1.000000000000000000e+00
1.055000000000000000e+03,1.362445684768162550e+02,2.817209620034266138e+01,-4.825483600050685558e-03,1.335352665795121823e+02,3.452891977887532216e-01,0.000000000000000000e+00,5.330027499978341687e+00,1.000000000000000000e+00
1.055000000000000000e+03,1.177908970288059862e+02,5.262221255123530739e+01,-3.356427348674475945e-03,9.546054636970559670e+01,2.384725953765820528e-01,0.000000000000000000e+00,4.941384541794603180e+00,1.000000000000000000e+00
1.056000000000000000e+03,1.146776451552241980e+02,2.951850075562618514e+01,-2.635706804125683908e-02,6.915867724389732984e+02,1.212405366987490130e-02,0.000000000000000000e+00,1.074793980635795698e+01,1.000000000000000000e+00
1.056000000000000000e+03,5.626541778554001638e+01,4.103273142182995770e+01,-7.051646350266502390e-03,1.912325288705627884e+02,1.601071753384540886e-01,0.000000000000000000e+00,8.590318873773107100e+00,1.000000000000000000e+00
1.056000000000000000e+03,2.048089458205892299e+01,1.650395020414206826e+01,-6.479958036321813684e-03,1.764156200011652231e+02,1.760974573191805836e-01,0.000000000000000000e+00,5.403331519120791349e+00,1.000000000000000000e+00
1.056000000000000000e+03,7.889582123691104698e+01,3.889870211256514665e+01,-2.463432762474397197e-03,7.231608271381197994e+01,2.412024361301802200e-01,0.000000000000000000e+00,1.512140092565201677e+01,1.000000000000000000e+00
1.058000000000000000e+03,1.020503174859226618e+02,1.496134587995308785e+01,5.794525510123026309e-03,-1.586507102958551059e+02,1.808277709724573912e-01,0.000000000000000000e+00,3.077291992206114823e+00,1.000000000000000000e+00
1.058000000000000000e+03,8.903586213768859636e+01,1.607869929070648851e+01,-8.682090117775247834e-03,2.334900599947544038e+02,8.929308818248749002e-02,0.000000000000000000e+00,5.812028213060937532e+00,1.000000000000000000e+00
1.058000000000000000e+03,4.582262630219992161e+01,2.633394972902890530e+01,-6.075003215672846596e-02,1.582977067845129568e+03,6.909480028065795310e-03,0.000000000000000000e+00,1.216302577703044996e+01,1.000000000000000000e+00
1.058000000000000000e+03,6.532354307155203799e+01,3.223161644066706089e+01,-3.559667681916166282e-02,9.310571934914263466e+02,1.579093163156874979e-02,0.000000000000000000e+00,7.801168402228649157e+00,1.000000000000000000e+00
1.058000000000000000e+03,4.708803245723892417e+01,4.964815843021269615e+01,-3.930836908376976122e-03,1.103479839685195572e+02,2.110482186503361834e-01,0.000000000000000000e+00,1.073802888154619062e+01,1.000000000000000000e+00
1.058000000000000000e+03,9.084540332912128235e+01,9.461671927512316671e+00,-2.884449812070891302e-03,8.322792244215987978e+01,3.841449830044642022e-01,0.000000000000000000e+00,6.859992015210516492e+00,1.000000000000000000e+00
1.058000000000000000e+03,1.218205852310648822e+02,1.623868784447266833e+01,-4.531997546366171338e-03,1.259287509208707831e+02,2.520009508791768438e-01,0.000000000000000000e+00,1.146966139154091024e+01,1.000000000000000000e+00
1.059000000000000000e+03,1.009901314165608710e+02,2.086159557132724274e+01,4.256150282844891816e-03,-1.187793940671938202e+02,3.241416962876099150e-01,0.000000000000000000e+00,5.994742773650060030e+00,1.000000000000000000e+00
1.059000000000000000e+03,4.787338709295068107e+00,2.693618101635500395e+01,-3.500879085907698807e-02,9.158204771134601287e+02,3.624822303995778316e-02,0.000000000000000000e+00,1.884460494812363862e+01,1.000000000000000000e+00
1.059000000000000000e+03,2.583422036329488947e+01,1.723736317476538815e+01,-4.260307756347568413e-03,1.188871466738389415e+02,1.621638284314351752e-01,0.000000000000000000e+00,5.403331519120791349e+00,1.000000000000000000e+00
1.060000000000000000e+03,6.874911755632722077e+01,1.405419585932121684e+01,-7.389983737158129819e-03,2.000014928434180490e+02,1.096162928768922296e-01,0.000000000000000000e+00,1.849738304576834480e+01,1.000000000000000000e+00
1.060000000000000000e+03,8.878113534181393618e+01,2.551780329235807088e+01,1.039013459936593761e-02,-2.777588316510789923e+02,8.689260177456781253e-02,0.000000000000000000e+00,9.442540447068864751e+00,1.000000000000000000e+00
1.060000000000000000e+03,1.040155613200653022e+02,3.087429512540992604e+01,-3.721939090775861717e-03,1.049338101067966846e+02,1.590416324794526881e-01,0.000000000000000000e+00,1.045979820366274460e+01,1.000000000000000000e+00
1.062000000000000000e+03,5.761949697544645943e+01,2.929588125615827821e+01,-2.531821569186764112e-02,6.646619950485637673e+02,2.168819665957466558e-02,0.000000000000000000e+00,8.244444634084361567e+00,1.000000000000000000e+00
1.062000000000000000e+03,8.755609471268202526e+01,4.069356126801630325e+01,4.618530065245899860e-03,-1.281714842691064291e+02,2.102565910865585863e-01,0.000000000000000000e+00,1.522512248485306507e+01,1.000000000000000000e+00
1.062000000000000000e+03,1.196605850769090438e+02,4.572746459942474218e+01,-6.209807303031298319e-03,1.694139047333702592e+02,2.094486723220504443e-01,0.000000000000000000e+00,3.602549637925065884e+00,1.000000000000000000e+00
1.063000000000000000e+03,1.297740383709752621e+02,3.657133521306209900e+01,-3.472199209637493161e-03,9.846109941878462735e+01,2.081878870831711525e-01,0.000000000000000000e+00,1.362258563237799969e+01,1.000000000000000000e+00
1.064000000000000000e+03,9.615935994677877829e+01,1.621953771094079499e+01,-8.555236580177056488e-03,2.302022941606342386e+02,6.135448478362393043e-02,0.000000000000000000e+00,6.699630898223889908e+00,1.000000000000000000e+00
1.064000000000000000e+03,4.535851982010105843e+01,2.099947236281215979e+01,-7.682431140832983278e-03,2.075810889688716259e+02,7.162620830958965623e-02,0.000000000000000000e+00,6.369060662027097308e+00,1.000000000000000000e+00
1.064000000000000000e+03,1.054519791410769471e+02,4.516843833289236443e+01,-7.994017784882664901e-03,2.156567322821827304e+02,1.187562974655600456e-01,0.000000000000000000e+00,1.421959890455550912e+01,1.000000000000000000e+00
1.065000000000000000e+03,1.186308194206331024e+02,2.565206175901239760e+01,-8.407437875600125635e-03,2.263716754767909549e+02,1.352847648248443058e-01,0.000000000000000000e+00,1.311443546342591837e+01,1.000000000000000000e+00
1.066000000000000000e+03,1.431955354251770984e+02,3.423932832295158590e+01,4.612624586162929023e-03,-1.280184271866575045e+02,1.397730897061061350e-01,0.000000000000000000e+00,1.290904640787518787e+01,1.000000000000000000e+00
1.066000000000000000e+03,1.487493443139819149e+01,3.678942762074485984e+01,-3.564514917962732093e-02,9.323134909006710132e+02,5.964628267665972317e-03,0.000000000000000000e+00,8.377615962334671096e+00,1.000000000000000000e+00
1.066000000000000000e+03,2.441550007877640383e+01,3.626541108010237480e+01,-5.771662708283131250e-03,1.580581565509247923e+02,2.056035631018804377e-01,0.000000000000000000e+00,9.554945641226860076e+00,1.000000000000000000e+00
1.066000000000000000e+03,4.611957684689215142e+01,5.088466334205127595e+01,3.277860885096372124e-03,-9.342427572601313557e+01,3.951043466043321351e-01,0.000000000000000000e+00,4.754620459502995722e+00,1.000000000000000000e+00
1.067000000000000000e+03,8.334092477572596636e+01,4.711280503048525858e+00,-7.404950307605436335e-03,2.003893935665848858e+02,2.031341311466874355e-01,0.000000000000000000e+00,1.722649889552395663e+01,1.000000000000000000e+00
1.067000000000000000e+03,2.492350724599998202e+01,1.556819928792880781e+01,-5.633985044284235341e-03,1.544898530697020647e+02,1.699512665556340840e-01,0.000000000000000000e+00,1.111240164238209438e+01,1.000000000000000000e+00
1.067000000000000000e+03,3.778520272779388733e+01,4.100738217411281994e+01,-4.334265362442125263e-03,1.208039658268151442e+02,2.840358422476908506e-01,0.000000000000000000e+00,7.230750009389175226e+00,1.000000000000000000e+00
1.068000000000000000e+03,8.042457262749324798e+01,3.187428975433537914e+01,-2.512504396543595309e-02,6.596554070234683422e+02,9.420192599344368034e-02,0.000000000000000000e+00,1.336080900726552301e+01,1.000000000000000000e+00
1.068000000000000000e+03,3.373108116873557805e+01,2.234404697343386204e+01,-4.080936173339562607e-03,1.142382281384036702e+02,2.025811999485479520e-01,0.000000000000000000e+00,1.111240164238209438e+01,1.000000000000000000e+00
1.068000000000000000e+03,8.734466152981182674e+00,4.618459858358453118e+01,-5.032361393352041863e-03,1.388970858360534635e+02,2.012475106139484105e-01,0.000000000000000000e+00,1.122384016721689015e+01,1.000000000000000000e+00
1.069000000000000000e+03,5.606626017447381827e+01,9.714429852943130328e+00,-3.291978145333258193e-02,8.616779290899509078e+02,3.262496643145751385e-02,0.000000000000000000e+00,9.353389963960305309e+00,1.000000000000000000e+00
1.069000000000000000e+03,9.376249799227372250e+01,3.265593180295685016e+01,-2.715471571279443053e-02,7.122600529150249713e+02,2.167334881973503879e-02,0.000000000000000000e+00,5.996569661145580099e+00,1.000000000000000000e+00
1.069000000000000000e+03,5.043851097214501067e+01,5.287293488679831910e+01,-8.166779874271661022e-03,2.201343472204708291e+02,2.039705221248931943e-01,0.000000000000000000e+00,4.754620459502995722e+00,1.000000000000000000e+00
1.069000000000000000e+03,4.880985406435438279e+01,2.635234314875734185e+01,3.596835851838062377e-03,-1.016914081800937169e+02,3.849977501112995526e-01,0.000000000000000000e+00,6.369060662027097308e+00,1.000000000000000000e+00
1.070000000000000000e+03,5.844114481756299995e+01,1.876129819231518780e+01,-6.862170274158936774e-03,1.863217240069033664e+02,1.771485079177457234e-01,0.000000000000000000e+00,9.353389963960305309e+00,1.000000000000000000e+00
1.070000000000000000e+03,1.326528995996641669e+01,2.856790137022702680e+01,3.574053294183663319e-03,-1.011009341886843202e+02,4.253992813396469952e-01,0.000000000000000000e+00,8.377615962334671096e+00,1.000000000000000000e+00
1.070000000000000000e+03,1.309713625790155334e+02,3.009046373274843589e+01,-8.179525679629583504e-03,2.204646905768922807e+02,8.519902125118339331e-02,0.000000000000000000e+00,1.290904640787518787e+01,1.000000000000000000e+00
1.071000000000000000e+03,3.650494548044446219e+01,3.389087410632487973e+01,-2.692785547121947717e-02,7.063803323688555338e+02,1.419786264179800916e-02,0.000000000000000000e+00,7.230750009389175226e+00,1.000000000000000000e+00
1.072000000000000000e+03,1.003317346826238179e+02,2.374075568985602303e+01,-7.825466408790697145e-03,2.112882498093927381e+02,9.332615817774070344e-02,0.000000000000000000e+00,8.037676868110210648e+00,1.000000000000000000e+00
1.072000000000000000e+03,5.638167489548316524e+01,5.010966434730671892e+01,-2.548454978884973771e-02,6.689730105035616816e+02,5.757178464868772938e-02,0.000000000000000000e+00,6.554148418680368238e+00,1.000000000000000000e+00
1.073000000000000000e+03,5.808000718445452293e+01,3.382502175841734271e+01,-3.669371201885461564e-02,9.594899429177938828e+02,1.027441727057643028e-02,0.000000000000000000e+00,1.190700064975947114e+01,1.000000000000000000e+00
1.073000000000000000e+03,6.697642297704034320e+01,4.805294601845174185e+01,-9.370754360482196413e-03,2.513387287131931203e+02,6.308627534471666909e-02,0.000000000000000000e+00,1.079253340026833108e+01,1.000000000000000000e+00
1.073000000000000000e+03,7.917433792523556235e+01,4.881654733617540387e+01,3.351225136563068356e-03,-9.532571642672120049e+01,4.369097412725677643e-01,0.000000000000000000e+00,5.199294107107508722e+00,1.000000000000000000e+00
1.073000000000000000e+03,3.092583503386337540e+01,7.070688889909790831e+00,-3.961805170720211940e-03,1.111506134954678942e+02,2.301389875998597345e-01,0.000000000000000000e+00,1.492522392424982769e+01,1.000000000000000000e+00
1.073000000000000000e+03,1.130119258068493622e+02,2.658720084661846883e+01,-3.782896613854858439e-03,1.065136955834361174e+02,2.502239656143795399e-01,0.000000000000000000e+00,1.299574918876725071e+01,1.000000000000000000e+00
1.073000000000000000e+03,1.073980659665460422e+02,5.169474032826186516e+01,-2.223070188363100719e-02,5.846404000399330698e+02,3.281641330496797293e-01,0.000000000000000000e+00,8.927059748122012195e+00,1.000000000000000000e+00
1.074000000000000000e+03,1.433843594928138145e+02,1.466285204062781844e+01,-6.341335004233721040e-02,1.652004433699453102e+03,1.373774571751673612e-02,0.000000000000000000e+00,1.912891787266400456e+01,1.000000000000000000e+00
1.074000000000000000e+03,9.691807219263235140e+01,3.775506890319279307e+01,-3.006592630896086707e-02,7.877122548419581562e+02,2.136160187602020866e-02,0.000000000000000000e+00,5.996569661145580099e+00,1.000000000000000000e+00
1.074000000000000000e+03,4.797915607853854958e+00,4.617021916009520766e+01,-4.001665669292379067e-03,1.121837103078853346e+02,2.792725683501898759e-01,0.000000000000000000e+00,6.365397489559849298e+00,1.000000000000000000e+00
1.074000000000000000e+03,7.198799990787374270e+01,2.552205631546454967e+01,-4.935894675265282625e-03,1.363968798042756987e+02,1.592546779992213279e-01,0.000000000000000000e+00,1.257300462918469464e+01,1.000000000000000000e+00
1.074000000000000000e+03,7.979095647174564476e+01,3.538077399414001434e+01,5.049411367114788399e-03,-1.393389838096626931e+02,3.389419076851923895e-01,0.000000000000000000e+00,8.374467602871241922e+00,1.000000000000000000e+00
1.075000000000000000e+03,1.127745178112891900e+01,8.666319479159255934e+00,-6.999552034594849585e-03,1.898823583159217492e+02,1.850743945311239536e-01,0.000000000000000000e+00,1.971306676861021501e+01,1.000000000000000000e+00
1.075000000000000000e+03,1.119366800962610000e+02,1.094969844948588467e+01,-6.486889631477520471e-03,1.765952717646112831e+02,2.676019163172644877e-01,0.000000000000000000e+00,1.567442613171104249e+01,1.000000000000000000e+00
1.075000000000000000e+03,1.116048334679006082e+01,4.636000052783992942e+01,-4.466670439374435114e-03,1.242356154003647788e+02,1.744265647079762394e-01,0.000000000000000000e+00,6.365397489559849298e+00,1.000000000000000000e+00
1.076000000000000000e+03,1.279602983949168902e+02,2.597717209211421618e+01,-7.051649788432892002e-03,1.912326179803046386e+02,1.169453545002997474e-01,0.000000000000000000e+00,1.496081475431771679e+01,1.000000000000000000e+00
1.076000000000000000e+03,3.898899464369945633e+01,1.963045665429570263e+01,5.487113724597314501e-03,-1.506832701708607942e+02,2.559604842720328843e-01,0.000000000000000000e+00,3.775388538464530708e+00,1.000000000000000000e+00
1.077000000000000000e+03,9.290589611427172656e+01,2.681665734513184418e+01,-3.176615641875937118e-02,8.317784950980561689e+02,9.743406070411131381e-03,0.000000000000000000e+00,8.037676868110210648e+00,1.000000000000000000e+00
1.077000000000000000e+03,9.858593740017205675e+01,5.026687973414358623e+01,-2.544232926427779026e-02,6.678787469866390438e+02,4.259946456314400720e-02,0.000000000000000000e+00,8.927059748122012195e+00,1.000000000000000000e+00
1.078000000000000000e+03,3.692983785498802263e+01,3.228473632317751196e+01,-6.654755325585588049e-03,1.809459828622987629e+02,3.482409626787269508e-01,0.000000000000000000e+00,6.761463734537596970e+00,1.000000000000000000e+00
1.078000000000000000e+03,7.852127126174723060e+01,4.365843109618593587e+01,-2.791746981465379265e-02,7.320289684960119985e+02,1.039316518323218919e-02,0.000000000000000000e+00,5.199294107107508722e+00,1.000000000000000000e+00
1.079000000000000000e+03,1.275553946609017117e+02,5.121728089410726881e+01,-8.825884814693518363e-03,2.372169035704773421e+02,6.462319422149132020e-02,0.000000000000000000e+00,8.844323016640906587e+00,1.000000000000000000e+00
1.080000000000000000e+03,1.395219316296291083e+02,1.591190888681328808e+01,-3.462453093186489833e-02,9.058613014843886049e+02,1.408531387828559911e-02,0.000000000000000000e+00,1.532908628868618628e+01,1.000000000000000000e+00
1.080000000000000000e+03,3.793033276587881630e+01,1.600653700220370013e+01,-7.506551093042544351e-03,2.030226633784049000e+02,1.506987697289112749e-01,0.000000000000000000e+00,3.775388538464530708e+00,1.000000000000000000e+00
1.080000000000000000e+03,3.541065304185482177e+01,2.569615003042756030e+01,-2.475582281211849422e-02,6.500860034727636503e+02,1.742604265646130468e-02,0.000000000000000000e+00,6.761463734537596970e+00,1.000000000000000000e+00
1.080000000000000000e+03,5.794401967568959577e+01,3.838012132771525842e+01,2.083269451532258204e-03,-6.246308240521531729e+01,3.398494599585611953e-01,0.000000000000000000e+00,6.645740113474206900e+00,1.000000000000000000e+00
1.080000000000000000e+03,5.148045002868677500e+01,3.992547859196970705e+01,3.174635880399213905e-03,-9.074890970866805162e+01,2.650522493730146367e-01,0.000000000000000000e+00,6.645740113474206900e+00,1.000000000000000000e+00
1.081000000000000000e+03,1.414200600653037725e+02,4.139898607160027666e+01,3.622721962547825487e-03,-1.023623194686648503e+02,2.979343713710841390e-01,0.000000000000000000e+00,1.698905118003035852e+01,1.000000000000000000e+00
1.081000000000000000e+03,6.659953830808323971e+01,4.547337319011355561e+01,4.072142926231261777e-03,-1.140103264341152141e+02,2.153164981749891016e-01,0.000000000000000000e+00,5.865928185016769270e+00,1.000000000000000000e+00
1.081000000000000000e+03,5.785063869829004091e+01,4.921455634264993506e+01,2.268630476295689733e-03,-6.726723415165740505e+01,3.721051450426203777e-01,0.000000000000000000e+00,9.515234929472924819e+00,1.000000000000000000e+00
1.081000000000000000e+03,1.187309331233529690e+02,5.062488896724888576e+01,-5.253835102334276572e-03,1.446371992560992510e+02,1.424226302588283977e-01,0.000000000000000000e+00,8.844323016640906587e+00,1.000000000000000000e+00
1.083000000000000000e+03,1.080723903919509468e+02,4.192872409898495789e+01,3.910216321926197718e-03,-1.098135435351188534e+02,2.576277365833007371e-01,0.000000000000000000e+00,1.375601019820611626e+01,1.000000000000000000e+00
1.083000000000000000e+03,2.323589281484257896e+01,2.264675336344296142e+01,-4.614041939417209970e-03,1.280551618784330401e+02,2.485497979321799056e-01,0.000000000000000000e+00,6.727551914999248872e+00,1.000000000000000000e+00
1.083000000000000000e+03,8.044868697819220316e+00,2.789642187061580003e+01,-3.247666322024858609e-02,8.501932750961154852e+02,1.809025949680276302e-02,0.000000000000000000e+00,1.000872315230969711e+01,1.000000000000000000e+00
1.083000000000000000e+03,7.338779169937723168e+01,2.831400776530590591e+01,-3.558170615598303665e-02,9.306691866936284896e+02,1.470825855543977934e-02,0.000000000000000000e+00,3.776873423628298365e+00,1.000000000000000000e+00
1.084000000000000000e+03,2.757502689922275252e+01,7.570258731841412292e+00,-2.404312285982097147e-02,6.316143818096381892e+02,1.920230598172623093e-02,0.000000000000000000e+00,7.587903037754237801e+00,1.000000000000000000e+00
1.084000000000000000e+03,6.062944813743302852e+00,3.770695278679508533e+01,4.929907633742316303e-03,-1.362417088020367544e+02,1.988456860152437722e-01,0.000000000000000000e+00,8.399582610134409322e+00,1.000000000000000000e+00
1.085000000000000000e+03,8.784295306176295526e+01,4.240278766282548872e+01,-7.266438031059458021e-03,1.967994587562799609e+02,8.251431158952338141e-02,0.000000000000000000e+00,1.220085568748339533e+01,1.000000000000000000e+00
1.085000000000000000e+03,7.004457169528569693e+01,5.022109458388072767e+01,-4.880883363817573213e-03,1.349711071085168328e+02,3.618892843046268570e-01,0.000000000000000000e+00,5.865928185016769270e+00,1.000000000000000000e+00
1.086000000000000000e+03,5.169845336368000233e+01,4.815964009619185582e+00,-7.558084704328014818e-03,2.043583017035249441e+02,1.414745111900890251e-01,0.000000000000000000e+00,1.894280292749025207e+01,1.000000000000000000e+00
1.086000000000000000e+03,6.794851487502641874e+01,3.788149507287987205e+01,-9.293319301555712231e-03,2.493317815998379956e+02,6.804340498412086990e-02,0.000000000000000000e+00,7.710794454859594360e+00,1.000000000000000000e+00
1.087000000000000000e+03,1.104548794046429663e+02,2.656446546907899986e+01,-8.076410510831544612e-03,2.177921712654674593e+02,1.329066232037496853e-01,0.000000000000000000e+00,6.468244422893765666e+00,1.000000000000000000e+00
1.087000000000000000e+03,2.881598931872101232e+01,1.888876483546502882e+01,-2.928451116891763947e-02,7.674596860264475708e+02,8.227291754825838410e-03,0.000000000000000000e+00,6.727551914999248872e+00,1.000000000000000000e+00
1.087000000000000000e+03,1.430423291660524399e+02,2.377106202566872639e+01,-6.735324043597340146e-03,1.830341475551663848e+02,1.420534899067943391e-01,0.000000000000000000e+00,8.761356431910991560e+00,1.000000000000000000e+00
1.087000000000000000e+03,1.325360530551849365e+02,3.514344476137373618e+01,-8.838199098380123200e-03,2.375360628303848216e+02,2.320936833194392479e-01,0.000000000000000000e+00,1.548266536501859925e+01,1.000000000000000000e+00
1.087000000000000000e+03,1.284452831659508654e+01,4.266307155235356419e+01,-8.032367232649224864e-03,2.166506659675297044e+02,1.309988281443515978e-01,0.000000000000000000e+00,8.399582610134409322e+00,1.000000000000000000e+00
1.088000000000000000e+03,7.432379931072954093e+01,5.073453424282162949e+00,-9.298335010400924500e-03,2.494617777866799884e+02,1.080503770845501199e-01,0.000000000000000000e+00,6.252187871285528331e+00,1.000000000000000000e+00
1.088000000000000000e+03,8.251555075744659007e+01,2.677216331346862788e+01,-8.715878072849111979e-03,2.343657697810159561e+02,1.236921431519815151e-01,0.000000000000000000e+00,5.766306254447247426e+00,1.000000000000000000e+00
1.088000000000000000e+03,5.816842887742472357e+01,3.378557390307901898e+01,7.400026871603212868e-03,-2.002617888897183889e+02,1.207380121992291944e-01,0.000000000000000000e+00,1.060314351264319832e+01,1.000000000000000000e+00
1.088000000000000000e+03,7.605746562587491155e+01,4.555923588912683897e+01,3.006860638203278941e-03,-8.640054292641686118e+01,3.457572983154301172e-01,0.000000000000000000e+00,7.608404557485691555e+00,1.000000000000000000e+00
1.090000000000000000e+03,1.377094345871981886e+02,1.681968792137718438e+01,-1.374604518248090206e-02,3.647366831673373895e+02,1.940964177120466649e-01,0.000000000000000000e+00,8.761356431910991560e+00,1.000000000000000000e+00
1.090000000000000000e+03,4.442848438966371560e+01,2.269639689328799648e+01,-3.588413868989327737e-02,9.385075755233195878e+02,1.119361855537903683e-02,0.000000000000000000e+00,7.612440050132047276e+00,1.000000000000000000e+00
1.090000000000000000e+03,8.305509189510198098e+01,6.867906368886391277e+00,-6.657296933024088592e-03,1.810118557599590474e+02,1.469019020193809144e-01,0.000000000000000000e+00,8.913783235210285483e+00,1.000000000000000000e+00
1.090000000000000000e+03,7.373352485880509732e+01,1.129771476593991508e+01,-4.990608188466098306e-03,1.378149342217733704e+02,3.007140618321231251e-01,0.000000000000000000e+00,6.252187871285528331e+00,1.000000000000000000e+00
1.090000000000000000e+03,9.209576315656916279e+01,2.563274291889812417e+01,-8.481611211101691694e-03,2.282940858634623851e+02,1.316023464705902146e-01,0.000000000000000000e+00,9.647732813872131885e+00,1.000000000000000000e+00
1.090000000000000000e+03,1.069278381798497861e+02,8.519555764514375795e+00,2.701031704845896497e-03,-7.847412686254081393e+01,2.718835558535898089e-01,0.000000000000000000e+00,7.443224577120637342e+00,1.000000000000000000e+00
1.090000000000000000e+03,1.269678742693874653e+02,1.905604681464582484e+01,-5.384172673859190239e-03,1.480152636181601338e+02,1.391307411892904744e-01,0.000000000000000000e+00,7.855536407804605936e+00,1.000000000000000000e+00
1.090000000000000000e+03,1.808773527640880729e+01,5.037946088429134051e+01,-9.362107687917543830e-03,2.511146259000186376e+02,7.357129715465482445e-02,0.000000000000000000e+00,9.329195224963520161e+00,1.000000000000000000e+00
1.091000000000000000e+03,2.272446642976527897e+01,3.069222933669365716e+01,-8.049523139447276043e-03,2.170953094933779539e+02,1.129136886330522893e-01,0.000000000000000000e+00,1.314392242666083277e+01,1.000000000000000000e+00
1.091000000000000000e+03,1.408958033240890018e+02,7.202911742311605359e+00,-4.030267974847732623e-03,1.129250194172916508e+02,3.360262601103050084e-01,0.000000000000000000e+00,1.013090962380369398e+01,1.000000000000000000e+00
1.091000000000000000e+03,1.238255475643849763e+02,1.185637771576552346e+01,-7.798413200871840562e-03,2.105870899175756392e+02,8.764725685723873116e-02,0.000000000000000000e+00,7.855536407804605936e+00,1.000000000000000000e+00
1.092000000000000000e+03,1.168331069727878173e+02,2.763982541033277585e+01,-7.429327379351079522e-03,2.010211938706101762e+02,1.784348978242947803e-01,0.000000000000000000e+00,6.468244422893765666e+00,1.000000000000000000e+00
1.092000000000000000e+03,1.510290670712472938e+01,6.659919347050352378e+00,4.842928379270338909e-03,-1.339873970457811936e+02,1.420856539729402623e-01,0.000000000000000000e+00,1.356242383157750986e+01,1.000000000000000000e+00
1.092000000000000000e+03,4.911434878340688925e+01,9.296194913341395250e+00,-8.357324412203350622e-03,2.250728442742490927e+02,1.252164698061550840e-01,0.000000000000000000e+00,7.737091542086283802e+00,1.000000000000000000e+00
1.092000000000000000e+03,5.928847994047372083e+01,4.638568017448275072e+00,-4.393039100210449806e-03,1.223272523715727971e+02,2.926641292433813657e-01,0.000000000000000000e+00,1.027498122418743876e+01,1.000000000000000000e+00
1.092000000000000000e+03,1.040914642322504733e+02,4.264764631803230799e+01,-2.881359297109326034e-02,7.552545178396795791e+02,1.024180052203149671e-02,0.000000000000000000e+00,1.412617802726302330e+01,1.000000000000000000e+00
1.092000000000000000e+03,5.342089233443304863e+01,4.771402619442474702e+01,-2.605753275082131268e-03,7.600471866126422071e+01,3.643224435731200472e-01,0.000000000000000000e+00,5.555476948870979648e+00,1.000000000000000000e+00
1.092000000000000000e+03,9.376673350263587281e+01,5.228864424453766446e+01,3.741553415675402845e-03,-1.054421704449081005e+02,3.382544771827797891e-01,0.000000000000000000e+00,1.412617802726302330e+01,1.000000000000000000e+00
1.093000000000000000e+03,9.950488565512286243e+01,7.970585891841128756e+00,7.839119584703678131e-03,-2.116421102230937379e+02,1.959109512094092675e-01,0.000000000000000000e+00,7.443224577120637342e+00,1.000000000000000000e+00
1.093000000000000000e+03,5.176923592618891945e+01,2.068080507055769246e+01,-3.134017175086976220e-02,8.207379055846388383e+02,1.782316406124340169e-02,0.000000000000000000e+00,7.452754644566367936e+00,1.000000000000000000e+00
1.093000000000000000e+03,6.889174406330404565e+01,4.844367052951292862e+01,3.450481040023284200e-03,-9.789821203393773885e+01,2.159762730877703429e-01,0.000000000000000000e+00,7.724475950312246653e+00,1.000000000000000000e+00
1.094000000000000000e+03,2.999987315642271923e+01,1.055114331150127960e+01,-8.845279286532808927e-03,2.377195657988339690e+02,1.899484715443539029e-01,0.000000000000000000e+00,1.152426854622220809e+01,1.000000000000000000e+00
1.094000000000000000e+03,5.520520785284089982e+01,1.406736052846277474e+01,-9.825709024776191694e-03,2.631301570774323295e+02,2.832364549851982272e-01,0.000000000000000000e+00,7.452754644566367936e+00,1.000000000000000000e+00
1.094000000000000000e+03,3.514120011390179599e+01,5.093549863501604591e+01,2.669868994935095403e-03,-7.766645768055980170e+01,3.877016756865157010e-01,0.000000000000000000e+00,4.570391910853023099e+00,1.000000000000000000e+00
1.094000000000000000e+03,1.478310613078011393e+01,2.021857222182781655e+01,-9.013246404845774024e-03,2.420729055897524518e+02,6.020114199016357581e-02,0.000000000000000000e+00,9.359455159506962829e+00,1.000000000000000000e+00
1.094000000000000000e+03,8.057713095816343696e+01,2.073860490714164939e+01,-3.345979166022741355e-03,9.518975236110783555e+01,2.285136537187572037e-01,0.000000000000000000e+00,8.650746119543621049e+00,1.000000000000000000e+00
1.094000000000000000e+03,1.319432632757242629e+02,4.262927868033949608e+01,-3.981951410555990833e-02,1.040503886237555434e+03,2.536361526810471112e-02,0.000000000000000000e+00,1.260960512625940488e+01,1.000000000000000000e+00
1.094000000000000000e+03,7.791247635450640985e+01,4.363479321780042852e+01,5.195640282010440675e-03,-1.431289169834399786e+02,1.577270841333791029e-01,0.000000000000000000e+00,5.889703132877300185e+00,1.000000000000000000e+00
1.095000000000000000e+03,1.045472208964880423e+02,2.243777608221805764e+01,-8.333891711548784692e-03,2.244655200003508355e+02,3.137316879579219453e-01,0.000000000000000000e+00,6.901228474192804718e+00,1.000000000000000000e+00
1.095000000000000000e+03,6.400539335393479234e+01,2.024840882428247113e+01,-9.626549337897135489e-03,2.579683742335901684e+02,1.483261167563697525e-01,0.000000000000000000e+00,6.867997503641364965e+00,1.000000000000000000e+00
1.095000000000000000e+03,5.901590243757460996e+01,2.496798190938066142e+01,-5.687628420060216773e-03,1.558801718691807423e+02,4.215806898256634350e-01,0.000000000000000000e+00,6.867997503641364965e+00,1.000000000000000000e+00
1.095000000000000000e+03,3.271932534465020836e+01,4.705954651703866887e+01,-2.183142866376711153e-03,6.505158255491221553e+01,4.505787619473022865e-01,0.000000000000000000e+00,4.570391910853023099e+00,1.000000000000000000e+00
1.096000000000000000e+03,7.064322661317436314e+01,4.583431289315849533e+00,-4.012671694029544545e-03,1.124689623614382299e+02,1.938754022988121717e-01,0.000000000000000000e+00,1.125748799649487175e+01,1.000000000000000000e+00
1.096000000000000000e+03,1.085469889803991492e+02,1.681382642668809169e+01,-9.284277544810251234e-03,2.490974390700907009e+02,2.834706669740335583e-01,0.000000000000000000e+00,6.242413028779878026e+00,1.000000000000000000e+00
1.096000000000000000e+03,7.943007842192244539e+01,3.189963708830520517e+01,6.603275129862633264e-03,-1.796117289515575237e+02,2.183018205779839738e-01,0.000000000000000000e+00,5.162515066806281361e+00,1.000000000000000000e+00
1.096000000000000000e+03,6.947232880879708716e+01,3.184672763275662177e+01,-7.305389492596875423e-03,1.978089953199145441e+02,1.098080407228227973e-01,0.000000000000000000e+00,7.523124598653234685e+00,1.000000000000000000e+00
1.096000000000000000e+03,5.456432320008254067e+01,4.227749329330873707e+01,3.082901263986282357e-03,-8.837134938706411447e+01,3.241323617534008772e-01,0.000000000000000000e+00,5.555476948870979648e+00,1.000000000000000000e+00
1.097000000000000000e+03,1.237453179488478696e+02,1.199640970855274524e+01,6.273707131227456747e-03,-1.710700483138112702e+02,1.666830953453409814e-01,0.000000000000000000e+00,7.592276243655435408e+00,1.000000000000000000e+00
1.097000000000000000e+03,4.334017489480223873e+01,3.027823231941971116e+01,-7.590242090856568445e-03,2.051917507246950265e+02,1.133292232804741229e-01,0.000000000000000000e+00,7.508613396409034912e+00,1.000000000000000000e+00
1.098000000000000000e+03,2.973605443182448838e+01,2.207239173369919172e+01,-9.023366903725177704e-03,2.423352067527310396e+02,2.020566912787651326e-01,0.000000000000000000e+00,1.144284456126488791e+01,1.000000000000000000e+00
1.098000000000000000e+03,4.116238467276403412e+01,2.268693943588338868e+01,-7.392532321680531440e-03,2.000675465718103965e+02,1.645598535552076358e-01,0.000000000000000000e+00,7.897499471024637785e+00,1.000000000000000000e+00
1.098000000000000000e+03,1.193357861606311445e+02,4.239762757934755655e+01,-3.530697289704815001e-02,9.235487023987113844e+02,9.456191849855355436e-03,0.000000000000000000e+00,7.701659347991566484e+00,1.000000000000000000e+00
1.098000000000000000e+03,1.064308809293110158e+02,1.094102410258414260e+01,-7.964364150082245061e-03,2.148881750215794852e+02,2.191193096375558813e-01,0.000000000000000000e+00,6.242413028779878026e+00,1.000000000000000000e+00
1.098000000000000000e+03,1.265993621147910346e+02,1.903182657316144244e+01,-8.280322544651302907e-03,2.230771245324554855e+02,1.241013804270862941e-01,0.000000000000000000e+00,7.592276243655435408e+00,1.000000000000000000e+00
1.099000000000000000e+03,9.619187050228498492e+01,1.773204085404066532e+01,-8.471295570471588585e-03,2.280267270537448212e+02,4.983790087145401060e-02,0.000000000000000000e+00,9.589359949841226083e+00,1.000000000000000000e+00
1.099000000000000000e+03,1.103650272536041257e+02,2.666750512378428795e+01,7.415310210213307308e-03,-2.006578995498146014e+02,7.566583289168116178e-02,0.000000000000000000e+00,7.192876933047658738e+00,1.000000000000000000e+00
1.099000000000000000e+03,2.485926905809704834e+01,5.018641781961836301e+01,-6.169890391241335259e-03,1.683793458139152790e+02,2.040633919514125427e-01,0.000000000000000000e+00,8.459184888077590614e+00,1.000000000000000000e+00
1.099000000000000000e+03,4.344216366365020576e+01,5.957781384765394428e+00,-1.184845683467969507e-01,3.079329783965097704e+03,2.041840443407194616e-02,0.000000000000000000e+00,1.420542670498443805e+01,1.000000000000000000e+00
1.099000000000000000e+03,9.526114657023337884e+01,2.913524077855435479e+01,-3.221186605290618423e-03,9.195540253298537436e+01,2.674888131161805571e-01,0.000000000000000000e+00,1.144111950624249907e+01,1.000000000000000000e+00
1.099000000000000000e+03,7.237156349335556627e+01,4.163807399403413712e+01,-6.656677700805541803e-03,1.809958066172226836e+02,2.525536830323100723e-01,0.000000000000000000e+00,5.889703132877300185e+00,1.000000000000000000e+00
1.099000000000000000e+03,4.535028283010758088e+01,4.621775831092103459e+01,-8.705153931031573214e-03,2.340878235153024889e+02,2.233147454042708757e-01,0.000000000000000000e+00,6.201503774588596585e+00,1.000000000000000000e+00
1.100000000000000000e+03,1.236681781735028096e+01,1.830574757004189834e+01,-7.836537711269735140e-03,2.115751937190303806e+02,1.017516559264973752e-01,0.000000000000000000e+00,3.070148336590520444e+00,1.000000000000000000e+00
1.100000000000000000e+03,1.097901197042852672e+01,3.103860367759597239e+01,-6.618677203263285437e-03,1.800109169573478880e+02,1.450270416760148784e-01,0.000000000000000000e+00,9.073533099770770605e+00,1.000000000000000000e+00
1.100000000000000000e+03,8.355897800020827049e+01,5.243676851878782230e+01,-4.265097792606472454e-03,1.190112939215578365e+02,2.269107173547313394e-01,0.000000000000000000e+00,9.264952397029787790e+00,1.000000000000000000e+00
1.100000000000000000e+03,2.522532209240945633e+01,9.855476760950747206e+00,-7.475906245385044793e-03,2.022284160517021974e+02,1.321690079934552120e-01,0.000000000000000000e+00,4.961692488398109724e+00,1.000000000000000000e+00
1.100000000000000000e+03,7.506060082236690789e+01,1.493803611457049030e+01,2.493916621121560970e-03,-7.310615755799764770e+01,2.502635886824526867e-01,0.000000000000000000e+00,5.952122811389099155e+00,1.000000000000000000e+00
1.100000000000000000e+03,2.833124684209275657e+01,4.222647767308153277e+01,-5.549264487551345583e-03,1.522940818113843875e+02,1.826416515619466718e-01,0.000000000000000000e+00,6.527923666452911000e+00,1.000000000000000000e+00
1.102000000000000000e+03,3.658524821309643471e+01,3.355698828190185878e+01,2.790233039283428196e-02,-7.316365878438919026e+02,3.720621351387476405e-02,0.000000000000000000e+00,7.508613396409034912e+00,1.000000000000000000e+00
1.102000000000000000e+03,5.357809721764067490e+01,3.447735864310781295e+01,-6.916793506244133492e-03,1.877374385356362723e+02,5.133425674197356070e-02,0.000000000000000000e+00,1.106560957971877457e+01,1.000000000000000000e+00
1.102000000000000000e+03,8.638207508050032857e+01,4.361240079104242540e+01,6.999130581658385628e-03,-1.898714351789605530e+02,1.243338318907688533e-01,0.000000000000000000e+00,9.264952397029787790e+00,1.000000000000000000e+00
1.102000000000000000e+03,1.142665871343930490e+02,4.819579780321065243e+01,-3.718000622052911736e-03,1.048317336243332676e+02,4.534502837029389388e-01,0.000000000000000000e+00,4.313039590545580282e+00,1.000000000000000000e+00
1.102000000000000000e+03,1.437946169625249979e+02,3.597814175732876407e+01,-6.398635729124605917e-03,1.743079239272749419e+02,9.508165219928210732e-02,0.000000000000000000e+00,2.211121793167743022e+01,1.000000000000000000e+00
1.103000000000000000e+03,7.743613813247002042e+01,9.480510260287568158e+00,3.338375292608096803e-03,-9.499267661775073179e+01,2.968859712199107825e-01,0.000000000000000000e+00,5.952122811389099155e+00,1.000000000000000000e+00
1.104000000000000000e+03,1.268114256684512071e+02,5.114454533169205064e+00,-7.581257875655848279e-03,2.049588995457481815e+02,2.604421535152811051e-01,0.000000000000000000e+00,1.262644172994470360e+01,1.000000000000000000e+00
1.105000000000000000e+03,1.436847963962176777e+02,1.386719655217415514e+01,-5.802236273870913473e-03,1.588505564025169008e+02,1.539792412280681644e-01,0.000000000000000000e+00,7.196406019904053153e+00,1.000000000000000000e+00
1.106000000000000000e+03,1.023360309388589400e+02,3.109593206664043308e+01,3.774729142930044207e-03,-1.063020126271213286e+02,3.313531701669155671e-01,0.000000000000000000e+00,1.059054505599127260e+01,1.000000000000000000e+00
1.106000000000000000e+03,7.079674803911552772e+01,3.074026955210051781e+01,-6.154061766124827720e-02,1.603467312421075349e+03,2.025193026208904623e-02,0.000000000000000000e+00,6.016470384590248521e+00,1.000000000000000000e+00
1.107000000000000000e+03,9.080809629347713496e+01,1.748854148542969966e+01,3.915959124261445858e-03,-1.099623843925945010e+02,1.798617214230548988e-01,0.000000000000000000e+00,8.629025258031060019e+00,1.000000000000000000e+00
1.107000000000000000e+03,3.507588532193587838e+01,2.442767212849939895e+01,-8.117265428839857966e-03,2.188510412514900452e+02,1.844880310650655053e-01,0.000000000000000000e+00,6.161768922926281533e+00,1.000000000000000000e+00
1.107000000000000000e+03,1.016733765452257785e+02,4.166572552429985166e+01,-4.250596980779481650e-03,1.186354646416303211e+02,2.542851850581394624e-01,0.000000000000000000e+00,4.920882063353251290e+00,1.000000000000000000e+00
1.107000000000000000e+03,1.170590200189970602e+02,5.148283736710332192e+01,3.212246474820576285e-03,-9.172369393369440616e+01,3.958563764902118809e-01,0.000000000000000000e+00,4.313039590545580282e+00,1.000000000000000000e+00
1.108000000000000000e+03,4.879110665305154271e+01,4.736059024841692633e+01,-3.063385998482441325e-03,8.786555645150922089e+01,3.796980564653436030e-01,0.000000000000000000e+00,9.135140302976260784e+00,1.000000000000000000e+00
1.108000000000000000e+03,1.102155087804230789e+02,5.326501795754415269e+01,-5.491929125735648884e-03,1.508080748206951966e+02,2.313749233300714803e-01,0.000000000000000000e+00,7.071761713281381034e+00,1.000000000000000000e+00
1.108000000000000000e+03,9.696707778978570502e+01,6.157038077380127206e+00,3.980812361724933232e-03,-1.116432382528937381e+02,2.499419345710223173e-01,0.000000000000000000e+00,8.875012852217974313e+00,1.000000000000000000e+00
1.108000000000000000e+03,2.910880336619413811e+01,1.391610296645103340e+01,-5.922656809769113843e-03,1.619715929234423299e+02,8.338268230020506877e-02,0.000000000000000000e+00,9.456401342173720082e+00,1.000000000000000000e+00
1.108000000000000000e+03,1.442740703939342382e+02,3.730102790008701419e+01,2.016551374543272372e-03,-6.073389598916606502e+01,3.362766357297322095e-01,0.000000000000000000e+00,1.334967688026715216e+01,1.000000000000000000e+00
1.108000000000000000e+03,5.851680496692033984e+01,5.062461127059691535e+01,7.324916747076597526e-03,-1.983150989834635709e+02,1.421742705109220184e-01,0.000000000000000000e+00,1.025880309420271885e+01,1.000000000000000000e+00
1.109000000000000000e+03,3.735393884397857533e+01,1.854657457280446664e+01,-7.435564565687155514e-03,2.011828480784868418e+02,2.365203584848186713e-01,0.000000000000000000e+00,5.310716094891010819e+00,1.000000000000000000e+00
1.109000000000000000e+03,1.365206559415093750e+02,1.318649753754051623e+01,-4.613197723543746055e-03,1.280332816521662096e+02,2.043433201324553750e-01,0.000000000000000000e+00,7.196406019904053153e+00,1.000000000000000000e+00
1.109000000000000000e+03,2.347138822320818363e+01,2.750335954743108857e+01,-1.093448172075735594e-02,2.918671166977379698e+02,2.561113174391138614e-01,0.000000000000000000e+00,5.209888748469527542e+00,1.000000000000000000e+00
1.109000000000000000e+03,9.988566632579765781e+01,4.625039262811273488e+01,3.058065585848382395e-03,-8.772766300988453736e+01,4.296916609576180157e-01,0.000000000000000000e+00,4.920882063353251290e+00,1.000000000000000000e+00
1.110000000000000000e+03,7.986536272534316083e+01,5.240553114914691690e+01,3.444624752605760995e-03,-9.774642989170763485e+01,2.204163338801647942e-01,0.000000000000000000e+00,1.421307445753157417e+01,1.000000000000000000e+00
1.111000000000000000e+03,9.226903815364478589e+01,2.711168303841194671e+01,-3.685110773018893116e-02,9.635692949954719779e+02,1.618832318755103472e-02,0.000000000000000000e+00,9.733406621914225454e+00,1.000000000000000000e+00
1.111000000000000000e+03,1.624412070464981994e+01,4.586625554404887595e+01,-5.946482599693319639e-03,1.625891052101855507e+02,4.619394774354924627e-01,0.000000000000000000e+00,9.370239069067610060e+00,1.000000000000000000e+00
1.112000000000000000e+03,1.325996302665360815e+02,3.082636030094842639e+01,-3.269349813579466163e-02,8.558131611511249730e+02,1.285417910847497236e-02,0.000000000000000000e+00,1.334967688026715216e+01,1.000000000000000000e+00
1.112000000000000000e+03,8.492328955478198438e+00,4.060212172271076270e+01,-6.233097787088272279e-02,1.623951717847079181e+03,7.150495733872719306e-03,0.000000000000000000e+00,9.370239069067610060e+00,1.000000000000000000e+00
1.112000000000000000e+03,4.092182354626942242e+01,2.248026294273076076e+01,9.547316589628073932e-03,-2.559148349501403743e+02,7.302049423913781201e-02,0.000000000000000000e+00,5.310716094891010819e+00,1.000000000000000000e+00
1.112000000000000000e+03,7.812136876031206612e+01,3.184721971295249787e+01,3.079541999709710723e-03,-8.828428461515939318e+01,2.992660980682112504e-01,0.000000000000000000e+00,8.360236781407765605e+00,1.000000000000000000e+00
1.113000000000000000e+03,1.320203683204015555e+01,7.783935856445831192e+00,-3.374935025555510920e-02,8.831785353532018235e+02,1.155395843177176030e-02,0.000000000000000000e+00,1.704783549419429178e+01,1.000000000000000000e+00
1.113000000000000000e+03,5.242528855690564171e+01,3.514960442482308167e+01,3.286445213398197802e-03,-9.364676271245421901e+01,2.084556806873267831e-01,0.000000000000000000e+00,1.274030819463604836e+01,1.000000000000000000e+00
1.114000000000000000e+03,1.175363503093996513e+02,2.844302600848180518e+01,-6.992755090018047508e-03,1.897061964005418133e+02,1.578033086485375325e-01,0.000000000000000000e+00,3.440284221120183172e+00,1.000000000000000000e+00
1.114000000000000000e+03,2.987418524827459976e+01,3.285962613825741130e+01,-7.690461409504656745e-03,2.077892159433132520e+02,8.698785532484021310e-02,0.000000000000000000e+00,8.347778239519877630e+00,1.000000000000000000e+00
1.114000000000000000e+03,8.087106049246881412e+01,2.395211018747331622e+01,-4.100488846430114590e-03,1.147449905966684014e+02,2.201390930882937136e-01,0.000000000000000000e+00,8.360236781407765605e+00,1.000000000000000000e+00
1.117000000000000000e+03,3.408280598688595830e+01,1.755447023452561339e+01,-4.019372971058444294e-02,1.050202735036642935e+03,1.433096335849852743e-01,0.000000000000000000e+00,5.157029973994270655e+00,1.000000000000000000e+00
1.117000000000000000e+03,7.126607318489239162e+01,4.540828741100897048e+01,-7.632254829471558921e-03,2.062806288847484382e+02,2.135747978626962862e-01,0.000000000000000000e+00,3.396999201833580617e+00,1.000000000000000000e+00
1.117000000000000000e+03,1.358362999696439601e+02,1.073989724728955508e+01,-9.376921962487152346e-03,2.514985794476249339e+02,9.402500630717602892e-02,0.000000000000000000e+00,1.461322038738910578e+01,1.000000000000000000e+00
1.117000000000000000e+03,4.657387679438679839e+01,1.131539086420977291e+01,4.076627714884976939e-03,-1.141265623325230223e+02,3.911447719200965567e-01,0.000000000000000000e+00,4.410010279442093228e+00,1.000000000000000000e+00
1.117000000000000000e+03,1.174941106788451464e+02,2.500300110512730711e+01,-6.206846904930544799e-03,1.693371776990649096e+02,1.827090681438566788e-01,0.000000000000000000e+00,3.440284221120183172e+00,1.000000000000000000e+00
1.118000000000000000e+03,7.077779245832715560e+01,3.067366508926573943e+01,5.974555599418774482e-02,-1.556943245920114578e+03,2.661886549799663548e-02,0.000000000000000000e+00,8.501104812990423198e+00,1.000000000000000000e+00
1.118000000000000000e+03,9.455531682253489834e+00,4.181757277361763414e+01,-6.405495798703084338e-03,1.744857219044291128e+02,1.581354797808784962e-01,0.000000000000000000e+00,9.679399849359446861e+00,1.000000000000000000e+00
1.118000000000000000e+03,1.238884679672799933e+02,4.318277310943314973e+01,-8.629159932615218520e-03,2.321182255338660241e+02,1.552895849172364340e-01,0.000000000000000000e+00,1.605021941717803458e+01,1.000000000000000000e+00
1.118000000000000000e+03,1.119945907579835165e+01,5.299434799778411076e+01,-4.091349097542830784e-03,1.145081083252473917e+02,1.563670021209078165e-01,0.000000000000000000e+00,1.131201074811625951e+01,1.000000000000000000e+00
1.119000000000000000e+03,8.247168811180820569e+01,4.015999746584365226e+01,-8.235327105239664824e-03,2.219109413010710625e+02,8.767595082252022110e-02,0.000000000000000000e+00,1.134679732191110624e+01,1.000000000000000000e+00
1.119000000000000000e+03,1.049285290898353509e+02,2.577704522659709951e+01,2.543503631936041166e-03,-7.439134426274996770e+01,3.237290569277806451e-01,0.000000000000000000e+00,1.181728877407481626e+01,1.000000000000000000e+00
1.119000000000000000e+03,1.439785414933676577e+02,5.019761957226939586e+01,-4.812302460001922910e-03,1.331936403014627217e+02,3.320482919875872296e-01,0.000000000000000000e+00,1.594484248988996100e+01,1.000000000000000000e+00
1.120000000000000000e+03,1.281097736900448183e+02,2.348374002571175723e+01,-8.918650007593471180e-03,2.396211741772466155e+02,9.293884408723918078e-02,0.000000000000000000e+00,1.072382652763367794e+01,1.000000000000000000e+00
1.120000000000000000e+03,1.405690893034778810e+02,2.456548639249246335e+01,-9.001747654453778544e-03,2.417748831664943339e+02,7.109060333229855200e-02,0.000000000000000000e+00,1.070390257174769033e+01,1.000000000000000000e+00
1.120000000000000000e+03,7.523308086860323840e+01,1.995440535351369249e+01,4.750871779660304460e-03,-1.316014916249814632e+02,3.770041579195967385e-01,0.000000000000000000e+00,1.133213491490582214e+01,1.000000000000000000e+00
1.120000000000000000e+03,1.104942187935928644e+01,3.227030638562207798e+01,-3.468076696665396003e-03,9.835425291251446822e+01,2.167706413870376103e-01,0.000000000000000000e+00,9.679399849359446861e+00,1.000000000000000000e+00
1.120000000000000000e+03,9.576318699377708299e+01,3.323659067066384409e+01,2.850186769536422211e-03,-8.233989942955263075e+01,2.663577318238579128e-01,0.000000000000000000e+00,6.564841517164341056e+00,1.000000000000000000e+00
1.120000000000000000e+03,5.529065355494420686e+01,4.545364206702141985e+01,-4.005828296705727168e-03,1.122915964926059047e+02,2.015678347193463615e-01,0.000000000000000000e+00,8.306190146768889448e+00,1.000000000000000000e+00
1.121000000000000000e+03,1.056962835660968665e+02,1.127282529345336215e+01,4.725331174359350891e-03,-1.309395350798104118e+02,3.700714366626457474e-01,0.000000000000000000e+00,1.301253268346727410e+01,1.000000000000000000e+00
1.121000000000000000e+03,1.387901559414701183e+02,3.512052909060612649e+01,-5.691780842759099936e-03,1.559877935700548335e+02,1.820146131041407989e-01,0.000000000000000000e+00,1.070390257174769033e+01,1.000000000000000000e+00
1.121000000000000000e+03,2.378759909863637034e+01,4.837574133590338477e+01,3.912462377639458998e-03,-1.098717563794384233e+02,2.037865363180851874e-01,0.000000000000000000e+00,9.211539659303248584e+00,1.000000000000000000e+00
1.121000000000000000e+03,5.917201692114703349e+01,3.420817625109366844e+01,3.582413020972326743e-03,-1.013175999958721718e+02,2.824946473160524496e-01,0.000000000000000000e+00,5.155716044920770180e+00,1.000000000000000000e+00
1.122000000000000000e+03,4.806063870129332827e+01,7.163556366429714828e+00,-5.253301670312348487e-02,1.370010025866594560e+03,1.145744126816328201e-02,0.000000000000000000e+00,4.410010279442093228e+00,1.000000000000000000e+00
1.122000000000000000e+03,4.764312660197503391e+01,4.221201805151767417e+01,-4.556608731567073599e-03,1.265666189328534728e+02,1.092796088936670573e-01,0.000000000000000000e+00,8.306190146768889448e+00,1.000000000000000000e+00
1.123000000000000000e+03,1.190879359116907636e+02,1.117566505596492732e+01,-2.858871889227091595e-02,7.494262742815599267e+02,1.157000249143913528e-02,0.000000000000000000e+00,1.216893325212321031e+01,1.000000000000000000e+00
1.123000000000000000e+03,2.264549387125344282e+01,7.549980190868120999e+00,-8.395098569907938693e-03,2.260518677013070885e+02,2.538839884494599186e-01,0.000000000000000000e+00,1.722656030048943165e+01,1.000000000000000000e+00
1.125000000000000000e+03,1.132624181686710045e+02,2.185959127811715419e+01,8.283227862276514725e-03,-2.231524240014832685e+02,3.637196637474415795e-02,0.000000000000000000e+00,6.585133288664723139e+00,1.000000000000000000e+00
1.125000000000000000e+03,3.219246568041234724e+01,3.935984463950367740e+01,6.160744091677155566e-03,-1.681422937632977437e+02,1.840533450115610092e-01,0.000000000000000000e+00,4.588062824559623110e+00,1.000000000000000000e+00
1.125000000000000000e+03,8.023709880068409461e+01,4.086768575535062809e+01,-3.957303742286720494e-03,1.110339463304161285e+02,2.237424495428811388e-01,0.000000000000000000e+00,8.717977249787701055e+00,1.000000000000000000e+00
1.126000000000000000e+03,1.345447155898179972e+02,2.220901455931978674e+01,3.938821621823611167e-03,-1.105549302513125411e+02,4.641904282082691680e-01,0.000000000000000000e+00,4.378102734104305505e+00,1.000000000000000000e+00
1.126000000000000000e+03,8.458093910585624542e+01,2.802119713777527821e+01,2.364762341439078253e-03,-6.975876152860604407e+01,3.715682011326451040e-01,0.000000000000000000e+00,8.784230049526494000e+00,1.000000000000000000e+00
1.126000000000000000e+03,4.109817322824842734e+01,2.890997063296914149e+01,-7.698874643455698094e-03,2.080072685389476703e+02,2.447291901398861436e-01,0.000000000000000000e+00,6.315704383043725834e+00,1.000000000000000000e+00
1.126000000000000000e+03,7.715456911504467996e+01,3.271286276125886872e+01,-2.892463015018933211e-03,8.343560711042583478e+01,3.350370315377051433e-01,0.000000000000000000e+00,8.717977249787701055e+00,1.000000000000000000e+00
1.126000000000000000e+03,5.403562004561168663e+01,3.376226698583424479e+01,2.329554676961896435e-03,-6.884625598434683980e+01,4.140980280113781831e-01,0.000000000000000000e+00,5.155716044920770180e+00,1.000000000000000000e+00
1.127000000000000000e+03,7.830895015607486798e+00,1.634100063975185790e+01,-7.063460180176599039e-03,1.915387174647788413e+02,7.688599729257894477e-02,0.000000000000000000e+00,1.116396910936810905e+01,1.000000000000000000e+00
1.127000000000000000e+03,1.480904086767649019e+01,3.333327823949623792e+01,-3.563085232669981756e-02,9.319429477886659470e+02,6.814846383041417432e-03,0.000000000000000000e+00,3.807754724482297348e+00,1.000000000000000000e+00
1.127000000000000000e+03,5.008098714470553148e+01,2.368394508611488902e+01,-6.627216935646186406e-03,1.802322481152534976e+02,1.744532154250832967e-01,0.000000000000000000e+00,1.039241496833477640e+01,1.000000000000000000e+00
1.128000000000000000e+03,1.386444771372605658e+02,2.374515869464137552e+01,-7.104156477969649462e-03,1.925934763622640844e+02,1.370409292631828979e-01,0.000000000000000000e+00,4.378102734104305505e+00,1.000000000000000000e+00
1.128000000000000000e+03,8.940200283070660703e+01,5.040458578705833759e+01,-5.051593591750099498e-03,1.393955422922576304e+02,1.251778527974282129e-01,0.000000000000000000e+00,1.126309724733798845e+01,1.000000000000000000e+00
1.128000000000000000e+03,1.067693905287566309e+02,5.248917063363071733e+00,-4.147256034547770059e-02,1.083347223938056004e+03,1.800513653744217901e-02,0.000000000000000000e+00,1.270295684590741203e+01,1.000000000000000000e+00
1.128000000000000000e+03,4.606628367440329441e+01,7.027539183484490692e+00,-7.312588189496533990e-03,1.979955697755032418e+02,1.361856803716510189e-01,0.000000000000000000e+00,1.713340892956324524e+01,1.000000000000000000e+00
1.128000000000000000e+03,3.372306086886435850e+01,4.368507282437364836e+01,-2.372037504652885903e-03,6.994731782356542737e+01,4.126295658192724591e-01,0.000000000000000000e+00,4.588062824559623110e+00,1.000000000000000000e+00
1.129000000000000000e+03,1.080071693922581346e+02,1.789142536330319544e+01,3.836689311118002786e-03,-1.079078844687877563e+02,1.930565971221219757e-01,0.000000000000000000e+00,6.585133288664723139e+00,1.000000000000000000e+00
1.129000000000000000e+03,1.369713380594189687e+02,3.825911211334606321e+01,3.463249359754973482e-03,-9.822913891361167771e+01,2.840785858814287579e-01,0.000000000000000000e+00,1.461007317620723356e+01,1.000000000000000000e+00
1.130000000000000000e+03,1.884480200304438213e+01,1.451670374861431512e+01,-7.674843075770838158e-03,2.073844229433846067e+02,1.589269933806068957e-01,0.000000000000000000e+00,7.362005170738178172e+00,1.000000000000000000e+00
1.131000000000000000e+03,3.973691095776646875e+01,3.507722990147407671e+01,4.961208664266684998e-03,-1.370529629513434884e+02,1.907702506027850742e-01,0.000000000000000000e+00,6.315704383043725834e+00,1.000000000000000000e+00
1.133000000000000000e+03,2.925621092875107720e+01,3.135235653672974365e+01,-3.515755617435866592e-02,9.196761482295029282e+02,1.257493767038264654e-02,0.000000000000000000e+00,1.112293822160246393e+01,1.000000000000000000e+00
1.133000000000000000e+03,7.629650562936174651e+01,1.661155465412653953e+01,-7.913804818018657650e-02,2.059554165999633824e+03,9.090031210816196250e-03,0.000000000000000000e+00,1.262633293021453618e+01,1.000000000000000000e+00
1.133000000000000000e+03,6.165993431501846089e+01,3.017745120328216046e+01,-9.572984393698908204e-03,2.565800882088100821e+02,1.341141041915568932e-01,0.000000000000000000e+00,1.303289699858641626e+01,1.000000000000000000e+00
1.134000000000000000e+03,1.166769467904881594e+02,5.828143899803712280e+00,-3.269142330092141696e-02,8.557593859759358565e+02,2.768255610083525387e-02,0.000000000000000000e+00,1.485556460732712836e+01,1.000000000000000000e+00
1.134000000000000000e+03,3.965381092844864952e+01,2.186845076921875020e+01,-6.137923790408180737e-03,1.675508415400722981e+02,7.845954890381390268e-02,0.000000000000000000e+00,9.911174604767495566e+00,1.000000000000000000e+00
1.135000000000000000e+03,1.401402342151028222e+02,4.989117203783930421e+01,-5.574573929621215278e-03,1.529500471119464464e+02,1.787221243899288492e-01,0.000000000000000000e+00,1.496080933710676852e+01,1.000000000000000000e+00
1.135000000000000000e+03,8.688308839614873591e+01,4.200493222142312533e+01,-3.330550544071634450e-02,8.716750499517896742e+02,1.508352418071068346e-02,0.000000000000000000e+00,4.101182809321001876e+00,1.000000000000000000e+00
1.135000000000000000e+03,4.064406757253308911e+01,8.331540785435073815e+00,-4.686230934497983766e-03,1.299261425079036201e+02,1.348580569367501258e-01,0.000000000000000000e+00,1.357308145301631797e+01,1.000000000000000000e+00
1.135000000000000000e+03,2.565228677740733687e+01,1.171362130587521122e+01,-6.794168476463256605e-03,1.845592663620028588e+02,2.320089728208368784e-01,0.000000000000000000e+00,7.362005170738178172e+00,1.000000000000000000e+00
1.136000000000000000e+03,1.349662390333071471e+02,3.585352302242307587e+01,-8.656353095422468849e-03,2.328230127498326283e+02,5.767877534460064126e-02,0.000000000000000000e+00,1.161179754015076959e+01,1.000000000000000000e+00
1.136000000000000000e+03,1.240370126521627441e+02,4.285212893540358436e+01,8.032963565130845501e-03,-2.166661215992446046e+02,6.411108811493959614e-02,0.000000000000000000e+00,1.297799961533011093e+01,1.000000000000000000e+00
1.136000000000000000e+03,3.515071094057245915e+01,4.462746761073584167e+01,-3.978420617456007204e-03,1.115812494803280401e+02,1.864924933577952748e-01,0.000000000000000000e+00,3.464945857132173401e+00,1.000000000000000000e+00
1.136000000000000000e+03,4.742006454191702147e+01,4.897248845097583825e+01,-5.810920360059129014e-03,1.590756288948632005e+02,9.666936924451730029e-02,0.000000000000000000e+00,1.301599953507016139e+01,1.000000000000000000e+00
1.136000000000000000e+03,4.904167881577554056e+01,3.343874424923627231e+01,-7.538354754626060139e-03,2.038469446237999421e+02,1.163915300046324264e-01,0.000000000000000000e+00,9.447927821698675288e+00,1.000000000000000000e+00
1.137000000000000000e+03,9.171156343563582425e+01,8.541013545456170419e+00,-8.799662566984590983e-03,2.365372803471635166e+02,2.382262818923057690e-01,0.000000000000000000e+00,5.119990837054071875e+00,1.000000000000000000e+00
1.137000000000000000e+03,5.787710621598159833e+01,1.071884964982361943e+01,-3.020872473585837614e-03,8.676369900796038337e+01,3.300751563352037898e-01,0.000000000000000000e+00,1.030449849067534274e+01,1.000000000000000000e+00
1.137000000000000000e+03,1.386399733894028827e+02,2.483819197908655241e+01,-8.728782684198384614e-03,2.347002290408840395e+02,1.020680318832007938e-01,0.000000000000000000e+00,9.498063950146502066e+00,1.000000000000000000e+00
1.137000000000000000e+03,1.627943163335690713e+01,3.045049706810189249e+01,-3.974380441303225313e-03,1.114765369640636834e+02,2.052797871777994887e-01,0.000000000000000000e+00,1.208662486928579405e+01,1.000000000000000000e+00
1.138000000000000000e+03,1.811638577897290858e+01,6.096825959828952257e+00,4.243445473919845411e-03,-1.184501132485137731e+02,2.553631868452291842e-01,0.000000000000000000e+00,8.594387949290426931e+00,1.000000000000000000e+00
1.138000000000000000e+03,8.666524559902886438e+01,9.406451274851017175e+00,-8.651927046184585898e-03,2.327082992484201611e+02,2.772309288485396150e-01,0.000000000000000000e+00,5.119990837054071875e+00,1.000000000000000000e+00
1.138000000000000000e+03,5.668397260689229000e+00,2.466323085054261455e+01,2.272880259599313526e-03,-6.737737922614736874e+01,3.858125197409024709e-01,0.000000000000000000e+00,1.208662486928579405e+01,1.000000000000000000e+00
1.139000000000000000e+03,1.182944082964339927e+01,1.195667471444785335e+01,-7.902740328004467449e-03,2.132910205343552832e+02,8.654077378430902190e-02,0.000000000000000000e+00,8.594387949290426931e+00,1.000000000000000000e+00
1.139000000000000000e+03,3.092590273815280000e+01,2.656472596004336140e+01,-8.877962458282017896e-03,2.385666420212416767e+02,1.742981210975701467e-01,0.000000000000000000e+00,7.526585505467182635e+00,1.000000000000000000e+00
1.139000000000000000e+03,6.100599920208829019e+01,2.587259005964608960e+01,-3.677855414370458792e-02,9.616888649554229005e+02,8.091280440846615463e-03,0.000000000000000000e+00,6.500385718359964038e+00,1.000000000000000000e+00
1.139000000000000000e+03,9.031427368098604802e+01,3.975845320380778247e+01,-6.527834288002297078e-03,1.776564675764170431e+02,3.086948995536203944e-01,0.000000000000000000e+00,4.101182809321001876e+00,1.000000000000000000e+00
1.141000000000000000e+03,1.022832035257538053e+02,2.326385934852146775e+01,1.583336146932032285e-02,-4.188353492574426582e+02,1.555809491921344989e-01,0.000000000000000000e+00,1.054782965392994321e+01,1.000000000000000000e+00
1.141000000000000000e+03,1.109819089750100574e+02,5.076268710010979390e+01,4.757960612466247304e-03,-1.317852186439077400e+02,2.086234181420756340e-01,0.000000000000000000e+00,1.217687472859469544e+01,1.000000000000000000e+00
1.141000000000000000e+03,7.657100359132502376e+01,1.497849451205339655e+01,-1.467884523187278946e-02,3.889128172391392582e+02,9.161752942396561572e-02,0.000000000000000000e+00,9.403129693691106183e+00,1.000000000000000000e+00
1.141000000000000000e+03,7.959489953455319267e+01,3.238227830612421343e+01,-2.640911765713135212e-02,6.929357844727830980e+02,1.527913907960010143e-02,0.000000000000000000e+00,6.464831927265612954e+00,1.000000000000000000e+00
1.141000000000000000e+03,3.374488279122098788e+01,4.779440572306901913e+01,3.998078034619129140e-03,-1.120907266755220206e+02,3.399485198785888729e-01,0.000000000000000000e+00,3.464945857132173401e+00,1.000000000000000000e+00
1.142000000000000000e+03,4.925290717489336600e+01,1.635851985685020082e+01,-7.851912462535548878e-03,2.119736735949322224e+02,5.725268462426313931e-02,0.000000000000000000e+00,1.030449849067534274e+01,1.000000000000000000e+00
1.143000000000000000e+03,8.592297478713719272e+01,3.105958580768522737e+01,-9.012822494388974398e-03,2.420619187592471349e+02,2.685790788004210894e-01,0.000000000000000000e+00,6.464831927265612954e+00,1.000000000000000000e+00
1.143000000000000000e+03,5.898203176623998445e+01,9.940945185886107538e+00,5.245013594186657968e-03,-1.444085650875747433e+02,1.309704807923536274e-01,0.000000000000000000e+00,1.165509030301118720e+01,1.000000000000000000e+00
1.144000000000000000e+03,1.008027858217810291e+02,1.282043683336448403e+01,-2.035285790039643994e-02,5.359707972304114492e+02,1.178200940234863658e-02,0.000000000000000000e+00,1.054782965392994321e+01,1.000000000000000000e+00
1.144000000000000000e+03,1.038081328684647353e+01,4.007827052151455405e+01,-8.156438992448666880e-03,2.198663342143219381e+02,3.258375181141418553e-01,0.000000000000000000e+00,9.545835071458977694e+00,1.000000000000000000e+00
1.144000000000000000e+03,4.924799201192249853e+01,4.196083155288317101e+01,-7.202997584849915938e-03,1.951552213507001738e+02,8.441500190542661208e-02,0.000000000000000000e+00,8.283049739882320850e+00,1.000000000000000000e+00
1.144000000000000000e+03,5.741934304658925470e+01,3.129392864985414491e+01,-8.418906906160716214e-03,2.266689276271174833e+02,2.054902809074912184e-01,0.000000000000000000e+00,6.500385718359964038e+00,1.000000000000000000e+00
1.145000000000000000e+03,3.547443575533940674e+01,3.963306527468608920e+01,-3.334584312951569679e-02,8.727205144896566935e+02,1.159145035799724610e-02,0.000000000000000000e+00,8.342591406158046397e+00,1.000000000000000000e+00
1.145000000000000000e+03,7.366499401137581060e+01,5.106972236975622081e+01,-6.861654005300118868e-03,1.863083434489198851e+02,2.610287792047211175e-01,0.000000000000000000e+00,5.832211069829390304e+00,1.000000000000000000e+00
1.146000000000000000e+03,1.585091249429508764e+01,1.231315049202680179e+01,-7.425686628070988365e-03,2.009268335721443179e+02,1.552066855586298200e-01,0.000000000000000000e+00,8.904474101212812798e+00,1.000000000000000000e+00
1.146000000000000000e+03,7.752601559760104522e+01,2.433300145278758109e+01,5.755874145674908134e-03,-1.576489515914414881e+02,1.729093029488292244e-01,0.000000000000000000e+00,8.310904800696462758e+00,1.000000000000000000e+00
1.146000000000000000e+03,6.701948065980103308e+01,4.367859302650583686e+01,-5.210328678103884857e-03,1.435096080366687374e+02,2.458303269558295145e-01,0.000000000000000000e+00,9.376049555705382232e+00,1.000000000000000000e+00
1.147000000000000000e+03,1.014417698500240164e+02,2.369478512403546588e+01,-3.107628238154716907e-02,8.138984711559793368e+02,1.059543539753327046e-02,0.000000000000000000e+00,1.089310567905996763e+01,1.000000000000000000e+00
1.147000000000000000e+03,1.278399588661394404e+02,2.280344095553824602e+01,-6.550416823213167650e-03,1.782417574242200260e+02,4.124383915414978619e-01,0.000000000000000000e+00,5.553302890441689676e+00,1.000000000000000000e+00
1.147000000000000000e+03,7.615352703077489593e+01,4.579507646937570797e+01,4.629969485551123885e-03,-1.284679689864722718e+02,3.214463668100409066e-01,0.000000000000000000e+00,5.832211069829390304e+00,1.000000000000000000e+00
1.147000000000000000e+03,1.374363755728178376e+02,5.170197563593855961e+01,5.045068871472033201e-03,-1.392264358344198740e+02,1.619363018164818868e-01,0.000000000000000000e+00,2.658625417968099569e+01,1.000000000000000000e+00
1.148000000000000000e+03,1.253261105816866490e+02,2.803405656494316389e+01,-7.453572642144462926e-03,2.016495779753076647e+02,2.043195731474140020e-01,0.000000000000000000e+00,5.803341524552610764e+00,1.000000000000000000e+00
1.148000000000000000e+03,1.133859875352250270e+02,3.618849051137240025e+01,2.592482081446858492e-03,-7.566075839150612126e+01,2.075449142359204746e-01,0.000000000000000000e+00,7.003713620590950484e+00,1.000000000000000000e+00
1.149000000000000000e+03,5.434444361055560080e+01,1.799388909497618627e+01,-3.799642354590759136e-02,9.932533722351981851e+02,2.284042240027350790e-02,0.000000000000000000e+00,6.022044524591821713e+00,1.000000000000000000e+00
1.149000000000000000e+03,1.115946244370320102e+02,1.585420545379095536e+01,3.668585078461790699e-03,-1.035509909744280321e+02,2.408192428609122748e-01,0.000000000000000000e+00,1.121015310956574496e+01,1.000000000000000000e+00
1.149000000000000000e+03,1.322750722239874754e+01,2.700084596866395259e+01,2.703659455830322023e-03,-7.854223241222233298e+01,4.227263838337260715e-01,0.000000000000000000e+00,1.141753382728763810e+01,1.000000000000000000e+00
1.149000000000000000e+03,4.294410080905921490e+01,4.733390038696928315e+01,5.073222538213753574e-03,-1.399561172084768259e+02,2.091012664260281095e-01,0.000000000000000000e+00,8.283049739882320850e+00,1.000000000000000000e+00
1.150000000000000000e+03,7.480669190634278820e+00,1.535102574566891143e+01,2.362131087188094371e-03,-6.969056518192890337e+01,4.732082323991514405e-01,0.000000000000000000e+00,8.904474101212812798e+00,1.000000000000000000e+00
1.150000000000000000e+03,2.286066835221530269e+01,3.902546552956112436e+01,-6.044878152619535816e-02,1.575169311362128610e+03,4.434302486393182363e-02,0.000000000000000000e+00,3.698931199633467504e+00,1.000000000000000000e+00
1.150000000000000000e+03,3.360796722292275973e+01,9.502579382031964172e+00,-5.379672848341916086e-03,1.478986379971856877e+02,3.188754895370442544e-01,0.000000000000000000e+00,6.905448055847728916e+00,1.000000000000000000e+00
1.153000000000000000e+03,1.074304713669789102e+01,4.969499469534580527e+01,-6.775760819144554734e-03,1.840821802044980018e+02,6.673536197506957368e-02,0.000000000000000000e+00,1.141764305952250957e+01,1.000000000000000000e+00
1.153000000000000000e+03,2.791265767905533579e+01,5.597625854582013005e+00,-1.001762702114548931e-02,2.681042511654852660e+02,1.391952473905349041e-01,0.000000000000000000e+00,6.905448055847728916e+00,1.000000000000000000e+00
1.153000000000000000e+03,1.017823876341229692e+02,2.347531052961927500e+01,3.450147170663313972e-02,-9.026718759157315617e+02,2.635907233603240751e-02,0.000000000000000000e+00,9.627344636370610331e+00,1.000000000000000000e+00
1.153000000000000000e+03,1.065850275473271580e+02,3.451548491596531676e+01,-3.907729873955401861e-02,1.021267289701772484e+03,1.823929250136402391e-02,0.000000000000000000e+00,7.003713620590950484e+00,1.000000000000000000e+00
1.154000000000000000e+03,8.989944240215176308e+01,5.148024819136816888e+01,-6.985843612284277360e-03,1.895270660366070672e+02,9.233834881253522031e-02,0.000000000000000000e+00,1.353459780056815021e+01,1.000000000000000000e+00
1.154000000000000000e+03,3.640348672407655783e+01,2.500837678674166398e+01,5.327179813455673943e-03,-1.465381335138584120e+02,2.042524067173892011e-01,0.000000000000000000e+00,1.151118544073413119e+01,1.000000000000000000e+00
1.154000000000000000e+03,8.482903452979321912e+01,1.184066122041192415e+01,-3.473253224343281903e-02,9.086604589137848507e+02,1.096479414093443072e-02,0.000000000000000000e+00,1.408168737944797932e+01,1.000000000000000000e+00
1.154000000000000000e+03,3.099777514914321230e+01,3.517133268645908117e+01,-4.088986362632780758e-03,1.144468714117215740e+02,3.171068267141757824e-01,0.000000000000000000e+00,5.781635096289555520e+00,1.000000000000000000e+00
1.154000000000000000e+03,9.248605501971819365e+01,3.644153883491853918e+01,-7.357661466513807334e-03,1.991637703871300005e+02,1.317137062641295930e-01,0.000000000000000000e+00,1.068161190466959987e+01,1.000000000000000000e+00
1.155000000000000000e+03,5.442979226418285066e+01,1.210302824945988398e+01,-6.285643726762520436e-03,1.713794187241202280e+02,1.517033803472593867e-01,0.000000000000000000e+00,8.782751222267616953e+00,1.000000000000000000e+00
1.155000000000000000e+03,9.041034592681916138e+01,2.476903631328159250e+01,-4.155466808449819610e-02,1.085475276684393293e+03,9.178234456345246706e-03,0.000000000000000000e+00,1.137188348576515828e+01,1.000000000000000000e+00
1.155000000000000000e+03,5.968665201642134122e+01,5.075571386143031560e+01,-8.074894842667722922e-03,2.177528884665859437e+02,5.170949769351873559e-02,0.000000000000000000e+00,9.404244682616075934e+00,1.000000000000000000e+00
1.156000000000000000e+03,1.241611188208568350e+01,1.825782475309561903e+01,4.225108931843595331e-03,-1.179748702423221829e+02,2.250660527099227481e-01,0.000000000000000000e+00,1.336771969845356622e+01,1.000000000000000000e+00
1.156000000000000000e+03,2.210007923243970041e+01,5.086989682359008924e+01,-8.648679451587079625e-03,2.326241287099951762e+02,9.183946739754322852e-02,0.000000000000000000e+00,7.427138651353260457e+00,1.000000000000000000e+00
1.156000000000000000e+03,6.154508287525825239e+01,1.725175222265805530e+01,-4.816667802211179600e-03,1.333067804096660893e+02,2.760725422731717948e-01,0.000000000000000000e+00,8.715132589049664702e+00,1.000000000000000000e+00
1.157000000000000000e+03,1.007679522122015072e+02,1.390156071451521669e+01,-8.510686261068467137e-03,2.290476474725117839e+02,1.078830996376091145e-01,0.000000000000000000e+00,7.924444136263073091e+00,1.000000000000000000e+00
1.157000000000000000e+03,1.049197193655725044e+02,4.839108183910661865e+01,-8.683418608900313890e-03,2.335244915747845766e+02,5.085147643466336742e-02,0.000000000000000000e+00,6.094387632625547724e+00,1.000000000000000000e+00
1.157000000000000000e+03,5.650940163893036328e+01,3.813500137618781594e+01,-7.808035784694816565e-03,2.108364862129265020e+02,2.194637974161171012e-01,0.000000000000000000e+00,5.291943950814581576e+00,1.000000000000000000e+00
1.158000000000000000e+03,2.147176852460522056e+01,4.346938236844265901e+01,-7.470537559728675052e-03,2.020892714790766149e+02,1.383750201474854835e-01,0.000000000000000000e+00,7.427138651353260457e+00,1.000000000000000000e+00
1.159000000000000000e+03,8.247416858497224723e+01,4.016430163957443256e+01,7.611636040740020481e-03,-2.057462350442926891e+02,8.228978521239049826e-02,0.000000000000000000e+00,8.818946809077198523e+00,1.000000000000000000e+00
1.159000000000000000e+03,1.034522282131659381e+02,2.135752994858536624e+01,-9.419495017946194829e-03,2.526019797929562287e+02,5.954029741034105871e-02,0.000000000000000000e+00,7.924444136263073091e+00,1.000000000000000000e+00
1.159000000000000000e+03,5.428363035904509104e+01,4.305849520658907892e+01,-7.853965898664211701e-03,2.120268941615336189e+02,2.067662832558880837e-01,0.000000000000000000e+00,5.403225822447311089e+00,1.000000000000000000e+00
1.159000000000000000e+03,7.557363697442394823e+01,4.565579381503609113e+01,1.892370568436936400e-03,-5.751540150095456738e+01,4.373755704215790407e-01,0.000000000000000000e+00,8.818946809077198523e+00,1.000000000000000000e+00
1.160000000000000000e+03,1.173861157780634272e+02,8.438357759707836081e+00,3.157727980478590175e-03,-9.031069397784760611e+01,2.626740900658822708e-01,0.000000000000000000e+00,1.388372344019482796e+01,1.000000000000000000e+00
1.160000000000000000e+03,1.200534665058111301e+02,4.068215152338892437e+01,-8.480184453011822485e-03,2.282571074189488058e+02,1.427032750686467732e-01,0.000000000000000000e+00,1.242212505585790971e+01,1.000000000000000000e+00
1.161000000000000000e+03,5.291282674231486993e+01,1.845078937803601704e+01,-1.115082530059242558e-02,2.974742684073417536e+02,1.616417207122745614e-01,0.000000000000000000e+00,8.715132589049664702e+00,1.000000000000000000e+00
1.161000000000000000e+03,5.724812175882569676e+01,3.289487128591096621e+01,4.216979103097362284e-03,-1.177641628888246714e+02,3.349195069927750623e-01,0.000000000000000000e+00,5.291943950814581576e+00,1.000000000000000000e+00
1.161000000000000000e+03,5.882383811505596327e+01,2.570393467831747003e+01,8.589049714807679703e-03,-2.310786565458536188e+02,5.834626378839535832e-02,0.000000000000000000e+00,7.361552236432194363e+00,1.000000000000000000e+00
1.161000000000000000e+03,1.295405544937781315e+02,2.752382833542763052e+01,2.605324287124136974e-03,-7.599360023304970468e+01,3.433522643863154977e-01,0.000000000000000000e+00,1.148593125295863082e+01,1.000000000000000000e+00
1.161000000000000000e+03,4.147291721946335485e+01,5.270902751706847766e+01,-6.045209030761712794e-03,1.651478780527642130e+02,2.854386148169463233e-01,0.000000000000000000e+00,1.291946931642177354e+01,1.000000000000000000e+00
1.162000000000000000e+03,1.289968395059364639e+02,1.605077334733975292e+01,-7.237764022062160088e-03,1.960562912507179192e+02,6.920555761327873423e-02,0.000000000000000000e+00,1.148593125295863082e+01,1.000000000000000000e+00
1.162000000000000000e+03,4.193597031405041520e+01,3.067553833371603389e+01,5.455377212487770404e-03,-1.498607292927466688e+02,1.522555475058675611e-01,0.000000000000000000e+00,1.184695350596454944e+01,1.000000000000000000e+00
1.162000000000000000e+03,6.025759791712906654e+00,3.832010952661789815e+01,4.366353007567277435e-03,-1.216356073035708647e+02,2.180134377869898943e-01,0.000000000000000000e+00,1.565824096941464028e+01,1.000000000000000000e+00
1.162000000000000000e+03,1.078596246939784891e+02,4.305268158465685246e+01,2.776242306056682114e-03,-8.042342090436484625e+01,3.378946076041060564e-01,0.000000000000000000e+00,6.094387632625547724e+00,1.000000000000000000e+00
1.163000000000000000e+03,1.080412376439192599e+02,3.509286181083290046e+01,-8.490836419150127670e-03,2.285331830491504093e+02,2.221535925232357434e-01,0.000000000000000000e+00,7.961891364201409083e+00,1.000000000000000000e+00
1.163000000000000000e+03,5.498006556709381698e+01,5.976960592109417547e+00,-3.496760146366982135e-03,9.909766510045271559e+01,2.967342677428930209e-01,0.000000000000000000e+00,4.917836412681318770e+00,1.000000000000000000e+00
1.164000000000000000e+03,7.485937753920893556e+01,1.689192955741279789e+01,-3.982287657800790553e-03,1.116814746956863615e+02,2.723152010751740404e-01,0.000000000000000000e+00,1.013944539864611194e+01,1.000000000000000000e+00
1.164000000000000000e+03,6.300861264094273650e+01,3.396025486217344280e+01,-6.106192268374899430e-03,1.667284299938046388e+02,1.055897448213910517e-01,0.000000000000000000e+00,5.858182087262512994e+00,1.000000000000000000e+00
1.165000000000000000e+03,1.920835521089481546e+01,4.676994315044856876e+01,-7.794798097493707903e-03,2.104933943565492882e+02,7.035524092542555508e-02,0.000000000000000000e+00,1.238371960534235505e+01,1.000000000000000000e+00
1.165000000000000000e+03,3.607512072604971110e+01,4.097120487257196686e+01,5.502246165323476830e-03,-1.510754698883327194e+02,1.198363075408499512e-01,0.000000000000000000e+00,1.184695350596454944e+01,1.000000000000000000e+00
1.165000000000000000e+03,8.396695371556603504e+01,4.718157553864558196e+01,-2.978020587852595654e-03,8.565307199267262206e+01,3.151761815219190632e-01,0.000000000000000000e+00,1.054963013396748117e+01,1.000000000000000000e+00
1.166000000000000000e+03,1.503817092783994802e+01,2.407866777196966623e+01,-5.014964005978917241e-03,1.384461836626392142e+02,1.865739203090721610e-01,0.000000000000000000e+00,4.885477288052912925e+00,1.000000000000000000e+00
1.167000000000000000e+03,5.097695071350388218e+01,8.833564598768704812e+00,3.482227933609736027e-03,-9.872102197719368633e+01,3.267575193543542644e-01,0.000000000000000000e+00,4.917836412681318770e+00,1.000000000000000000e+00
1.167000000000000000e+03,1.021353001057204608e+02,4.839847460779331101e+01,-2.765102586527156542e-02,7.251233249477676281e+02,1.449784350658556153e-02,0.000000000000000000e+00,7.832330115486060507e+00,1.000000000000000000e+00
1.167000000000000000e+03,5.825716002519978787e+01,4.349300691496712545e+01,5.497110528468584362e-03,-1.509423654301705255e+02,1.435652915471753444e-01,0.000000000000000000e+00,1.065127521284154355e+01,1.000000000000000000e+00
1.168000000000000000e+03,1.058392977009832663e+02,2.528995743627704940e+01,-6.185982500875419725e-03,1.687964180474184559e+02,1.645295977667792231e-01,0.000000000000000000e+00,4.400298178271767391e+00,1.000000000000000000e+00
1.168000000000000000e+03,3.063270484749239841e+01,2.996270125702328357e+01,-5.232715308847931367e-03,1.440898204698014524e+02,2.970136824387877850e-01,0.000000000000000000e+00,1.228035188619288753e+01,1.000000000000000000e+00
1.169000000000000000e+03,1.112164463301182877e+02,1.404871755147859957e+01,-6.737851445044514692e-03,1.830996522646483413e+02,8.833036756453194194e-02,0.000000000000000000e+00,4.717141897547141305e+00,1.000000000000000000e+00
1.169000000000000000e+03,9.507099043702293528e+00,3.907305156733206530e+01,3.486248910791565816e-03,-9.882523689818447110e+01,1.848363108135989696e-01,0.000000000000000000e+00,1.238371960534235505e+01,1.000000000000000000e+00
1.169000000000000000e+03,1.204470931150500093e+02,4.071940674151109363e+01,6.784936017476921044e-03,-1.843199812478869433e+02,6.038154053360411666e-02,0.000000000000000000e+00,3.824372543804538616e+00,1.000000000000000000e+00
1.169000000000000000e+03,1.215025070226692065e+02,4.926859185959460774e+01,2.592807090017531981e-03,-7.566918190175809400e+01,3.385269063977097703e-01,0.000000000000000000e+00,4.796273021997492059e+00,1.000000000000000000e+00
1.169000000000000000e+03,4.506405787799978668e+01,4.872823306101381924e+00,-5.566554424075325670e-03,1.527421990941495267e+02,1.838183216757008909e-01,0.000000000000000000e+00,7.116865410529812586e+00,1.000000000000000000e+00
1.169000000000000000e+03,5.278588931015997332e+01,1.890384467727480811e+01,8.929669460746121265e-03,-2.399067742659152032e+02,2.513516146400823770e-01,0.000000000000000000e+00,3.364968948279158933e+00,1.000000000000000000e+00
1.170000000000000000e+03,5.387868850662897557e+00,5.148731439746256200e+01,-4.913943859751082437e-03,1.358279627472894049e+02,1.535948544905864077e-01,0.000000000000000000e+00,1.307983100039167290e+01,1.000000000000000000e+00
1.170000000000000000e+03,6.891110723937958937e+01,2.035579244020185641e+01,-5.307365492270497455e-03,1.460245897100958814e+02,1.286660441013958156e-01,0.000000000000000000e+00,6.648128743383895589e+00,1.000000000000000000e+00
1.171000000000000000e+03,1.245719601246392330e+02,8.743165408119068616e+00,6.745449954464968582e-03,-1.832965889850253518e+02,2.297024749932632393e-01,0.000000000000000000e+00,1.437075614787009492e+01,1.000000000000000000e+00
1.171000000000000000e+03,8.852596236990932255e+01,1.291611647810986874e+01,4.096687848391772531e-03,-1.146464770532337525e+02,1.434584843980726276e-01,0.000000000000000000e+00,8.897695258728218093e+00,1.000000000000000000e+00
1.171000000000000000e+03,5.558952667826309835e+01,1.704302939061717481e+01,-1.274546499549886192e-02,3.388038363950452663e+02,1.577100017537308441e-01,0.000000000000000000e+00,3.364968948279158933e+00,1.000000000000000000e+00
1.171000000000000000e+03,1.749244428075158808e+01,2.830293464815880000e+01,-3.206583199474868917e-02,8.395454296172872546e+02,1.240946275810683730e-02,0.000000000000000000e+00,4.885477288052912925e+00,1.000000000000000000e+00
1.171000000000000000e+03,1.441654293377134195e+02,1.868345588051583661e+01,-9.069539709948314099e-02,2.359095334730984632e+03,7.048958642623781579e-03,0.000000000000000000e+00,1.571057874222284134e+01,1.000000000000000000e+00
1.171000000000000000e+03,6.795408944812095342e+01,2.693467781204271105e+01,-7.632263198480353054e-03,2.062808457911248752e+02,9.935108239989465240e-02,0.000000000000000000e+00,6.648128743383895589e+00,1.000000000000000000e+00
1.172000000000000000e+03,7.942043899918181182e+01,5.716068291144526192e+00,-5.106217048182550532e-03,1.408112626355799364e+02,1.872285552068632120e-01,0.000000000000000000e+00,1.126647655946602633e+01,1.000000000000000000e+00
1.172000000000000000e+03,1.210810089425913816e+02,4.449087543121256516e+01,-3.537613173067623382e-03,1.001564860679231685e+02,3.550542025460241558e-01,0.000000000000000000e+00,3.824372543804538616e+00,1.000000000000000000e+00
1.173000000000000000e+03,4.231855743370682887e+01,1.454419076893088203e+01,-6.139893154674926773e-02,1.599795118683013470e+03,9.258345176787141639e-03,0.000000000000000000e+00,1.005351288310160562e+01,1.000000000000000000e+00
1.173000000000000000e+03,1.024067454041526588e+02,2.253673953948341691e+01,-1.349250856842291492e-02,3.581655694784256525e+02,7.123690957331096918e-02,0.000000000000000000e+00,4.400298178271767391e+00,1.000000000000000000e+00
1.173000000000000000e+03,5.564370164228486004e+01,4.380980530017263419e+01,-3.619507805641184600e-02,9.465664428208231129e+02,9.681606679972643015e-03,0.000000000000000000e+00,7.141550405473542362e+00,1.000000000000000000e+00
1.173000000000000000e+03,1.119690748071144242e+02,1.870543077619075945e+01,-4.437854069322309802e-03,1.234887582080897488e+02,1.900625121737039569e-01,0.000000000000000000e+00,4.717141897547141305e+00,1.000000000000000000e+00
1.173000000000000000e+03,7.457705979579553457e+01,4.966326704989392482e+01,-7.762797178979656716e-03,2.096640006435870305e+02,1.056894474420352337e-01,0.000000000000000000e+00,4.141472268160821812e+00,1.000000000000000000e+00
1.174000000000000000e+03,1.250865675282282012e+02,4.389891146479121176e+01,3.052380806115009317e-03,-8.758032597115658291e+01,2.873572855587978037e-01,0.000000000000000000e+00,4.049064203061016443e+00,1.000000000000000000e+00
1.174000000000000000e+03,9.111093629446334319e+01,2.388392386698811620e+01,-8.186831935951715752e-03,2.206540527371129770e+02,1.284701373348712261e-01,0.000000000000000000e+00,8.508635952147784565e+00,1.000000000000000000e+00
1.174000000000000000e+03,1.293935323687486232e+02,2.403260014421567448e+01,-8.104874057606263268e-03,2.185298840512174081e+02,8.638752546022721024e-02,0.000000000000000000e+00,3.874071487031538918e+00,1.000000000000000000e+00
1.174000000000000000e+03,3.314307216355385322e+01,3.774514636832926584e+01,5.436552603786184122e-03,-1.493728366686891889e+02,1.502300730880381519e-01,0.000000000000000000e+00,1.387612433179405258e+01,1.000000000000000000e+00
1.174000000000000000e+03,9.086922493116422572e+01,4.905325734469228394e+01,-1.485229945715643533e-02,3.934083708237598103e+02,2.872982044091576537e-02,0.000000000000000000e+00,1.299104885290933709e+01,1.000000000000000000e+00
1.176000000000000000e+03,2.595667366729109560e+01,1.705598743794762839e+01,3.128892821140225999e-03,-8.956334980842937910e+01,2.286353500418759621e-01,0.000000000000000000e+00,7.292911318059337233e+00,1.000000000000000000e+00
1.176000000000000000e+03,7.775709982197022896e+01,1.685908389943255159e+01,4.935004037229863937e-03,-1.363737964172542547e+02,2.610599532633461894e-01,0.000000000000000000e+00,3.505648465056987018e+00,1.000000000000000000e+00
1.176000000000000000e+03,5.827934803433004163e+01,5.044720767535063288e+01,-9.652013905185651346e-03,2.586283600400327600e+02,3.410365488865418904e-01,0.000000000000000000e+00,7.141550405473542362e+00,1.000000000000000000e+00
1.177000000000000000e+03,1.017973901546519642e+02,3.730425231338613656e+01,-8.643333320920454713e-03,2.324855687132992728e+02,1.759555808159125601e-01,0.000000000000000000e+00,1.022908035388966574e+01,1.000000000000000000e+00
1.177000000000000000e+03,1.324208481025542028e+02,4.360348653924245355e+01,-8.009169650056763637e-03,2.160494354387977864e+02,6.966102384142536241e-02,0.000000000000000000e+00,7.340228022995691326e+00,1.000000000000000000e+00
1.177000000000000000e+03,1.332618524543714500e+02,2.382157976179310666e+01,5.455800722653565693e-03,-1.498717057485859527e+02,2.595937151821060551e-01,0.000000000000000000e+00,3.874071487031538918e+00,1.000000000000000000e+00
1.178000000000000000e+03,1.188581942396176885e+02,1.529451807873913260e+01,2.687558671072784629e-03,-7.812493533852126859e+01,2.898435255166025293e-01,0.000000000000000000e+00,7.332880402366875217e+00,1.000000000000000000e+00
1.178000000000000000e+03,3.320223066872766537e+01,2.386914814324028455e+01,6.792319070829346515e-03,-1.845113338189163699e+02,1.048696511830690126e-01,0.000000000000000000e+00,9.945715412035999847e+00,1.000000000000000000e+00
1.178000000000000000e+03,7.085174178578877502e+01,5.147263110178188583e+01,6.079477962403300080e-03,-1.660360536981284270e+02,2.124499136075971295e-01,0.000000000000000000e+00,4.141472268160821812e+00,1.000000000000000000e+00
1.178000000000000000e+03,5.388836737461326010e+01,1.739738484794543893e+01,-6.731470501743666394e-03,1.829342721911305034e+02,1.130147205977667380e-01,0.000000000000000000e+00,1.191642641571796979e+01,1.000000000000000000e+00
1.178000000000000000e+03,7.907389303606437636e+01,2.898134772257234459e+01,1.090451100841102750e-02,-2.910903414816725672e+02,1.443307992117304206e-01,0.000000000000000000e+00,1.131967050588307622e+01,1.000000000000000000e+00
1.178000000000000000e+03,1.153411992386182732e+02,4.268473088188584796e+01,2.910701487110848099e-03,-8.390830835743628313e+01,3.327468615327155987e-01,0.000000000000000000e+00,9.820714718799194998e+00,1.000000000000000000e+00
1.179000000000000000e+03,1.374759827713678106e+01,4.457864809081974045e+01,-7.282009904959910705e-03,1.972030476190935815e+02,1.568656911479409111e-01,0.000000000000000000e+00,5.838947620742898081e+00,1.000000000000000000e+00
1.179000000000000000e+03,3.502696685526497333e+01,5.234911233843020995e+01,2.733752366625259549e-03,-7.932217474441182503e+01,2.439905134151340027e-01,0.000000000000000000e+00,1.472497474582974419e+01,1.000000000000000000e+00
1.179000000000000000e+03,1.016400824387585402e+02,2.707638160786526882e+01,-3.788183125730815604e-03,1.066507103916671326e+02,3.008301591078952342e-01,0.000000000000000000e+00,3.654998544814107575e+00,1.000000000000000000e+00
1.180000000000000000e+03,1.125829792743027298e+02,1.908830406828880299e+01,3.416020091359606159e-03,-9.700505972795566834e+01,3.569089077985497793e-01,0.000000000000000000e+00,3.398124744380869977e+00,1.000000000000000000e+00
1.180000000000000000e+03,1.352001702046618448e+02,5.341549348675729902e+01,-7.224963863015606939e-03,1.957245391657436642e+02,9.929923340724478020e-02,0.000000000000000000e+00,1.019804450300858534e+01,1.000000000000000000e+00
1.180000000000000000e+03,3.180839869105356144e+01,1.270353183916776985e+01,-4.572169577959202258e-03,1.269699219868059998e+02,1.820253429681896185e-01,0.000000000000000000e+00,7.292911318059337233e+00,1.000000000000000000e+00
1.180000000000000000e+03,5.456405135822802777e+01,4.130487942844830940e+01,3.951850853696694740e-03,-1.108926194021885721e+02,3.185623538703320490e-01,0.000000000000000000e+00,3.066624011444742948e+00,1.000000000000000000e+00
1.181000000000000000e+03,1.169808065558638361e+02,5.692971084183907848e+00,7.710795696984368980e-03,-2.083162361344941758e+02,1.481002624233300757e-01,0.000000000000000000e+00,9.727878628905838099e+00,1.000000000000000000e+00
1.181000000000000000e+03,1.282466669768017198e+02,7.756721335262835026e+00,-9.186229848715286167e-03,2.465562575513199022e+02,1.260525379217455333e-01,0.000000000000000000e+00,1.145332598518365153e+01,1.000000000000000000e+00
1.181000000000000000e+03,3.847281739150157165e+01,3.550117590242962962e+01,3.876682928148988874e-03,-1.089444314200746504e+02,1.842945321805676828e-01,0.000000000000000000e+00,3.787989577472211877e+00,1.000000000000000000e+00
1.182000000000000000e+03,1.027726227357342310e+02,2.360127487017799908e+01,6.242191727312773608e-03,-1.702532380757917849e+02,1.340518063024910278e-01,0.000000000000000000e+00,3.654998544814107575e+00,1.000000000000000000e+00
1.182000000000000000e+03,8.989952663603051519e+01,5.088689033306543763e+01,4.939986374631890123e-03,-1.365029276893858139e+02,1.700290289426249490e-01,0.000000000000000000e+00,1.032968155889259343e+01,1.000000000000000000e+00
1.183000000000000000e+03,2.028010492831548461e+01,1.298718196659238444e+01,-5.656342003760230636e-02,1.474469252086962115e+03,1.022798218070697374e-02,0.000000000000000000e+00,1.083480889632631161e+01,1.000000000000000000e+00
1.183000000000000000e+03,6.209246683025336111e+00,3.739458436800133967e+01,-4.025492191942047632e-03,1.128012415852675900e+02,3.699254318874851677e-01,0.000000000000000000e+00,4.123839441369671732e+00,1.000000000000000000e+00
1.184000000000000000e+03,9.179908400163158433e+01,4.073336863254613149e+01,-8.370030105003018958e-03,2.254021480010233063e+02,1.275633578495602993e-01,0.000000000000000000e+00,7.850283059927447127e+00,1.000000000000000000e+00
1.184000000000000000e+03,5.149834237221264033e+01,4.137978764317774960e+01,-7.445830604615710432e-03,2.014489213207480134e+02,7.239134688984971699e-02,0.000000000000000000e+00,3.066624011444742948e+00,1.000000000000000000e+00
1.184000000000000000e+03,1.085898039739659424e+02,4.703304743123504750e+01,-2.600138553287448945e-02,6.823682609098923422e+02,1.497307039629880432e-02,0.000000000000000000e+00,1.731157452854739631e+01,1.000000000000000000e+00
1.184000000000000000e+03,1.116037939713318963e+02,2.234229360742679305e+01,-8.931945500200849652e-03,2.399657642231371142e+02,1.452399348795669898e-01,0.000000000000000000e+00,3.398124744380869977e+00,1.000000000000000000e+00
1.184000000000000000e+03,3.522869210493242065e+01,3.354553887985086646e+01,-3.636126396240644838e-03,1.027097330288650596e+02,3.407606092131569842e-01,0.000000000000000000e+00,3.787989577472211877e+00,1.000000000000000000e+00
1.184000000000000000e+03,1.258263298314058432e+02,4.542283346307530678e+01,-8.031525364612684958e-03,2.166288465920532360e+02,1.307653306304366048e-01,0.000000000000000000e+00,1.231874578021027489e+01,1.000000000000000000e+00
1.185000000000000000e+03,1.108977492917381937e+02,1.328428433948375620e+01,-3.427127624934862143e-02,8.967057138838380297e+02,3.695544131248973407e-02,0.000000000000000000e+00,6.043727749203521959e+00,1.000000000000000000e+00
1.185000000000000000e+03,1.576741499369191324e+01,4.147087538424052866e+01,-6.260055033126414419e-03,1.707162158346348804e+02,1.593150445877846710e-01,0.000000000000000000e+00,1.039108896622981959e+01,1.000000000000000000e+00
1.186000000000000000e+03,2.743717141048163910e+01,4.852719280602266316e+00,4.047110941215692655e-03,-1.133615522126577133e+02,3.684637347941865926e-01,0.000000000000000000e+00,1.083480889632631161e+01,1.000000000000000000e+00
1.186000000000000000e+03,3.242635353759300187e+01,2.077278145094640038e+01,-8.985296472389396952e-03,2.413485045621113159e+02,1.727515958359837622e-01,0.000000000000000000e+00,3.274518974626649204e+00,1.000000000000000000e+00
1.187000000000000000e+03,5.208768954511263871e+01,2.589697261890225022e+01,-8.550093158097998164e-03,2.300689879265144668e+02,1.691612888770365197e-01,0.000000000000000000e+00,3.721156094989168217e+00,1.000000000000000000e+00
1.187000000000000000e+03,6.529896709361200635e+01,2.225132112504790527e+01,-3.694800180071287996e-03,1.042304289864974720e+02,2.384766802748327086e-01,0.000000000000000000e+00,8.867942826770928377e+00,1.000000000000000000e+00
1.187000000000000000e+03,9.872517560647774815e+01,2.231863296836773358e+01,-6.169488334810392834e-03,1.683689253918910254e+02,2.728423969071669397e-01,0.000000000000000000e+00,4.245821300102725182e+00,1.000000000000000000e+00
1.188000000000000000e+03,5.541881148640140964e+01,2.755547474297070210e+01,7.763727380766543944e-03,-2.096881094363859859e+02,2.008398687163611696e-01,0.000000000000000000e+00,3.721156094989168217e+00,1.000000000000000000e+00
1.188000000000000000e+03,5.239643893818579201e+00,3.338635256714967170e+01,-6.417187215721508776e-03,1.747887378246266223e+02,1.601316269622765631e-01,0.000000000000000000e+00,4.123839441369671732e+00,1.000000000000000000e+00
1.188000000000000000e+03,3.535974800905647442e+01,4.644218025483623080e+01,5.815808501819825713e-03,-1.592023188222979400e+02,1.876832159751610218e-01,0.000000000000000000e+00,3.911592739729004897e+00,1.000000000000000000e+00
1.188000000000000000e+03,3.467392218015228167e+01,1.839141425704828237e+01,1.162366140863132363e-02,-3.097291446258729479e+02,2.532641505091240974e-01,0.000000000000000000e+00,3.274518974626649204e+00,1.000000000000000000e+00
1.188000000000000000e+03,1.441766626622745946e+02,3.619428530635176600e+01,3.806725411779084307e-03,-1.071312858309511427e+02,3.497126347911465594e-01,0.000000000000000000e+00,5.647463439454373457e+00,1.000000000000000000e+00
1.188000000000000000e+03,8.397671199804823061e+01,4.139476137406903433e+01,-8.345744634259499514e-03,2.247727217943298967e+02,1.867056447429288335e-01,0.000000000000000000e+00,7.850283059927447127e+00,1.000000000000000000e+00
1.189000000000000000e+03,1.380993223210667509e+02,3.169605492082078513e+01,3.082331163384146710e-03,-8.835657362820707306e+01,4.753957068183850554e-01,0.000000000000000000e+00,5.271263771754402860e+00,1.000000000000000000e+00
1.189000000000000000e+03,1.311946116844314645e+02,4.129146363958855481e+00,-3.565790121530581277e-03,1.008867708531982288e+02,2.013644355785109141e-01,0.000000000000000000e+00,1.291127401974675060e+01,1.000000000000000000e+00
1.189000000000000000e+03,7.920691033321203633e+01,2.597008536806786694e+01,-1.108357410540866672e-02,2.957312647354279420e+02,1.547076304960629534e-01,0.000000000000000000e+00,6.420214275375208501e+00,1.000000000000000000e+00
1.190000000000000000e+03,8.335363135354499775e+01,4.939488046550898304e+01,-8.006010571301907727e-03,2.159675590371288934e+02,1.078986001086137403e-01,0.000000000000000000e+00,8.024346388758184290e+00,1.000000000000000000e+00
1.190000000000000000e+03,1.294134584078658463e+02,2.993834305947727259e+01,-6.492442158570569180e-03,1.767391811045886811e+02,1.892069849138432458e-01,0.000000000000000000e+00,8.045173269221900014e+00,1.000000000000000000e+00
1.190000000000000000e+03,2.787109350927853058e+01,4.804507674879748436e+01,-3.896915219769141615e-03,1.094688081019878467e+02,2.046310910149259366e-01,0.000000000000000000e+00,3.451546108796053502e+00,1.000000000000000000e+00
1.191000000000000000e+03,1.760328402105104928e+01,1.589668790675251664e+01,-5.069891197651414314e-03,1.398697761580808105e+02,9.401184734971756995e-02,0.000000000000000000e+00,1.478764971871436451e+01,1.000000000000000000e+00
1.191000000000000000e+03,1.197198544818929662e+02,4.778407881379663280e+01,-4.198518499395740948e-03,1.172857044770484833e+02,3.115225238709555811e-01,0.000000000000000000e+00,1.413886470527401329e+01,1.000000000000000000e+00
1.193000000000000000e+03,1.429274105496643017e+02,2.958044961540859319e+01,-1.494847494018791689e-02,3.959010286808270394e+02,2.054699884269417520e-02,0.000000000000000000e+00,5.271263771754402860e+00,1.000000000000000000e+00
1.193000000000000000e+03,1.437693258767114060e+02,4.182703952104113654e+01,-8.264417780896064422e-03,2.226649078937689410e+02,6.276868184662354189e-02,0.000000000000000000e+00,3.417328293182433363e+00,1.000000000000000000e+00
1.194000000000000000e+03,1.254710509090659798e+02,1.570247124765952407e+01,-4.193855739732151727e-02,1.095424846800302930e+03,1.254599578491455425e-02,0.000000000000000000e+00,6.558956419230421275e+00,1.000000000000000000e+00
1.194000000000000000e+03,6.720472068194959547e+01,2.502774645172982204e+01,-6.714232026668791840e-03,1.824874886764048370e+02,1.913911022238848902e-01,0.000000000000000000e+00,4.931695670981092405e+00,1.000000000000000000e+00
1.194000000000000000e+03,7.916897830984385109e+01,6.236928099777146350e+00,-5.468034401932679936e-03,1.501887759188074369e+02,3.259431499668327126e-01,0.000000000000000000e+00,9.104571529711078526e+00,1.000000000000000000e+00
1.194000000000000000e+03,3.422074906265644501e+01,1.852192710470941606e+01,-6.434957937603661207e-03,1.752493160107617030e+02,1.381325616190096639e-01,0.000000000000000000e+00,1.117690621584019439e+01,1.000000000000000000e+00
1.194000000000000000e+03,1.224136939419467893e+02,3.390421123094483846e+01,-4.129569053310134553e-03,1.154986858616133674e+02,3.248920206111177711e-01,0.000000000000000000e+00,8.045173269221900014e+00,1.000000000000000000e+00
1.194000000000000000e+03,7.052307980045301861e+01,4.383356572814057728e+01,-3.725478833228542536e-02,9.740318119784338933e+02,1.243982670750665154e-02,0.000000000000000000e+00,9.236375863828627075e+00,1.000000000000000000e+00
1.194000000000000000e+03,2.481229063641786681e+01,4.964410630641189215e+01,3.408989927678209714e-03,-9.682285328422857162e+01,1.776462624613756036e-01,0.000000000000000000e+00,3.451546108796053502e+00,1.000000000000000000e+00
1.195000000000000000e+03,1.753172375592721011e+01,3.949090291044891643e+01,5.696271449439433733e-03,-1.561041802589687677e+02,2.857296154381807618e-01,0.000000000000000000e+00,4.425394588100885152e+00,1.000000000000000000e+00
1.195000000000000000e+03,1.098199903664582706e+02,1.527565739976553516e+01,7.462729779909719682e-03,-2.018869109283570822e+02,1.595451254538815533e-01,0.000000000000000000e+00,8.141932845208524228e+00,1.000000000000000000e+00
1.196000000000000000e+03,7.692773066766288537e+01,3.717841085638410448e+01,1.018891121595887593e-02,-2.725435623135589367e+02,1.546553435285917821e-01,0.000000000000000000e+00,9.236375863828627075e+00,1.000000000000000000e+00
1.196000000000000000e+03,1.341982144699105639e+01,3.785493938330103703e+01,-6.034438989629729334e-03,1.648687421773583139e+02,2.454433879860365986e-01,0.000000000000000000e+00,4.425394588100885152e+00,1.000000000000000000e+00
1.196000000000000000e+03,5.344248004147976516e+00,3.098122062390130438e+01,3.687199151342823635e-03,-1.040334269711751602e+02,3.328955902186577775e-01,0.000000000000000000e+00,1.060485247488507987e+01,1.000000000000000000e+00
1.197000000000000000e+03,2.448648347537691095e+01,1.302944988272727933e+01,-8.741123747917963621e-03,2.350200823805871266e+02,1.087056031082971330e-01,0.000000000000000000e+00,1.117690621584019439e+01,1.000000000000000000e+00
1.198000000000000000e+03,1.039786907012230444e+02,2.193549233879501159e+01,4.663809870900903140e-03,-1.293450376506420980e+02,2.799020150537583351e-01,0.000000000000000000e+00,8.858565526889492503e+00,1.000000000000000000e+00
1.198000000000000000e+03,4.356558979282525712e+01,2.936225546547980869e+01,-7.701271081915665208e-03,2.080693789746629534e+02,6.890213145322865440e-02,0.000000000000000000e+00,7.070656897054189649e+00,1.000000000000000000e+00
1.199000000000000000e+03,6.509494919909452904e+01,2.057011406656107866e+01,-7.134001595716115383e-03,1.933669964414039271e+02,1.077336968200971468e-01,0.000000000000000000e+00,4.931695670981092405e+00,1.000000000000000000e+00
1.200000000000000000e+03,1.024916340001956705e+01,1.377192510969247330e+01,-1.230571502080003189e-02,3.274064802807083652e+02,1.042683849690611009e-01,0.000000000000000000e+00,7.083663841449028276e+00,1.000000000000000000e+00
1.200000000000000000e+03,9.406470166437401303e+01,2.029179168952290624e+01,3.852413782486662115e-03,-1.083154283237272466e+02,2.197318210908852931e-01,0.000000000000000000e+00,6.975069955696764801e+00,1.000000000000000000e+00
1.200000000000000000e+03,5.520261108853217991e+01,4.628684552551933251e+01,-8.117601541889856234e-03,2.188597525655227969e+02,1.419773423841158566e-01,0.000000000000000000e+00,1.368283093915494675e+01,1.000000000000000000e+00
1.200000000000000000e+03,5.428099202290793812e+01,2.622265231262975860e+01,-2.185668256289233745e-03,6.511703512982205666e+01,3.104867574062543101e-01,0.000000000000000000e+00,3.455095882874259061e+00,1.000000000000000000e+00
1.200000000000000000e+03,9.237349017206128110e+01,2.705872634083534578e+01,6.420807837343429567e-03,-1.748825764064447696e+02,2.497747675879173901e-01,0.000000000000000000e+00,6.975069955696764801e+00,1.000000000000000000e+00
1.200000000000000000e+03,1.368012544600005924e+02,5.250381445766232957e+01,-3.925779912989866768e-03,1.102169177249457732e+02,1.967618415966019274e-01,0.000000000000000000e+00,7.830211056272382564e+00,1.000000000000000000e+00
1.201000000000000000e+03,9.379061997443967869e+01,8.700799277592755843e+00,-4.632761891268646556e-03,1.285403420261753524e+02,1.584734266726123275e-01,0.000000000000000000e+00,8.747253714775999001e+00,1.000000000000000000e+00
1.201000000000000000e+03,1.306321211031471421e+02,3.348275456680885753e+01,7.372606049533513006e-03,-1.995511012443347170e+02,2.778732404481765172e-01,0.000000000000000000e+00,3.400914170355906929e+00,1.000000000000000000e+00
1.201000000000000000e+03,1.396681062812933760e+01,1.980163426569495400e+01,-9.304106348404140095e-03,2.496113582261647252e+02,1.784109638123015928e-01,0.000000000000000000e+00,7.083663841449028276e+00,1.000000000000000000e+00
1.201000000000000000e+03,1.272489964479575519e+02,3.313535744307878872e+01,-8.402409611436321285e-03,2.262413538835922679e+02,2.211615625409730779e-01,0.000000000000000000e+00,3.400914170355906929e+00,1.000000000000000000e+00
1.202000000000000000e+03,4.633131099272869591e+01,3.586955714899384873e+01,-4.852750943199861389e-03,1.342419763874566172e+02,1.733763879065761682e-01,0.000000000000000000e+00,6.809059367016740971e+00,1.000000000000000000e+00
1.202000000000000000e+03,8.659582989031923717e+01,5.292110040987468267e+01,-8.640598524319075338e-03,2.324146887756993749e+02,3.396630615428963829e-02,0.000000000000000000e+00,1.249068824733201843e+01,1.000000000000000000e+00
1.202000000000000000e+03,1.203174438545762825e+02,3.505711919411080402e+01,-5.777649807800660717e-03,1.582133290562557875e+02,2.177972872826469120e-01,0.000000000000000000e+00,4.800680867726059731e+00,1.000000000000000000e+00
1.203000000000000000e+03,1.443811610461176258e+02,5.053983346704406898e+01,-7.537897091838267026e-03,2.038350830068065136e+02,1.016222469651755222e-01,0.000000000000000000e+00,7.830211056272382564e+00,1.000000000000000000e+00
1.203000000000000000e+03,3.370028172611910122e+01,1.820274838465915579e+01,-6.415001424189983523e-03,1.747320868958947813e+02,1.604609716198628355e-01,0.000000000000000000e+00,4.935731832451341283e+00,1.000000000000000000e+00
1.204000000000000000e+03,8.021616635066169465e+01,4.197466775410084949e+00,-4.341014067502445284e-03,1.209788774795918584e+02,2.565918769141599665e-01,0.000000000000000000e+00,1.430195073440382458e+01,1.000000000000000000e+00
1.204000000000000000e+03,1.155387673518912379e+02,1.057481526921558235e+01,-8.622612175770262913e-03,2.319485220186738843e+02,5.148200165098304470e-02,0.000000000000000000e+00,9.207510598116227740e+00,1.000000000000000000e+00
1.204000000000000000e+03,4.585695341552512616e+01,2.907704109435636397e+01,-8.459199626220575974e-03,2.277132266737564805e+02,8.068053479792303140e-02,0.000000000000000000e+00,6.809059367016740971e+00,1.000000000000000000e+00
1.204000000000000000e+03,2.845290004562865960e+01,4.895077244102841263e+01,3.975670986112470918e-03,-1.115099850587055386e+02,2.839694817237187197e-01,0.000000000000000000e+00,1.680696720570715286e+01,1.000000000000000000e+00
1.205000000000000000e+03,1.233362017248373945e+02,5.678054236244866715e+00,-8.593366798872780279e-03,2.311905459086652570e+02,8.404971676794603663e-02,0.000000000000000000e+00,9.207510598116227740e+00,1.000000000000000000e+00
1.205000000000000000e+03,5.422673651052149069e+01,8.841038198226666367e+00,-3.855601001747153977e-02,1.007756627858004322e+03,1.208062545875643323e-02,0.000000000000000000e+00,7.542536622594529838e+00,1.000000000000000000e+00
1.205000000000000000e+03,6.615804578260839719e+01,2.256895278647108327e+01,4.672308323265325115e-03,-1.295652989208886368e+02,2.612506827600101778e-01,0.000000000000000000e+00,1.066111165771911473e+01,1.000000000000000000e+00
1.205000000000000000e+03,8.539868400792744296e+01,2.255486123629480844e+01,-7.865600546686611280e-03,2.123284387537011639e+02,1.304765902756536144e-01,0.000000000000000000e+00,8.302573209983597380e+00,1.000000000000000000e+00
1.205000000000000000e+03,1.409740677294824138e+02,2.892202429462662394e+01,4.789412935961392427e-03,-1.326003939756243426e+02,2.637436192575940419e-01,0.000000000000000000e+00,1.027751348604137327e+01,1.000000000000000000e+00
1.206000000000000000e+03,9.497678432787606084e+01,3.410055113690816597e+01,-5.881356248109898682e-02,1.532788015502650069e+03,5.455848839365640135e-02,0.000000000000000000e+00,4.490784627336876333e+00,1.000000000000000000e+00
1.206000000000000000e+03,9.933860750926807270e+01,1.546351188896781537e+01,-8.681988068852505153e-03,2.334874151102052053e+02,7.474709998045780956e-02,0.000000000000000000e+00,8.747253714775999001e+00,1.000000000000000000e+00
1.206000000000000000e+03,2.380531308815228542e+01,2.808268228802513988e+01,-4.418632119021053892e-03,1.229905673601072351e+02,2.114585552329596441e-01,0.000000000000000000e+00,9.061612470592056212e+00,1.000000000000000000e+00
1.207000000000000000e+03,1.441400861035656931e+02,3.869973420598773828e+01,-3.608262030821011990e-02,9.436517843152729483e+02,9.291693165966008472e-03,0.000000000000000000e+00,1.027751348604137327e+01,1.000000000000000000e+00
1.207000000000000000e+03,1.153959887337121444e+02,4.723334290519752443e+01,-1.904588947348925462e-02,5.020970383931139054e+02,1.892398192892508213e-02,0.000000000000000000e+00,1.313320769534656662e+01,1.000000000000000000e+00
1.207000000000000000e+03,2.631074771669769063e+01,1.035939014588109508e+01,-7.130946434003332390e-03,1.932878133418453217e+02,9.592633723734300677e-02,0.000000000000000000e+00,1.077606056674717117e+01,1.000000000000000000e+00
1.207000000000000000e+03,4.728442274464977402e+01,2.217938225861299273e+01,-3.978169413900194649e-03,1.115747388343985165e+02,3.976250271997173735e-01,0.000000000000000000e+00,5.886287430868931025e+00,1.000000000000000000e+00
1.208000000000000000e+03,8.249502759322213308e+01,5.276747552901930760e+01,-5.157282825950031818e-02,1.345124044607950736e+03,7.527582387711673206e-03,0.000000000000000000e+00,1.194165161335729408e+01,1.000000000000000000e+00
1.208000000000000000e+03,4.488146432514260908e+01,5.249709763305381927e+01,-4.719408470978765993e-03,1.307860315812955037e+02,2.658734971631515620e-01,0.000000000000000000e+00,4.558334469680887402e+00,1.000000000000000000e+00
1.208000000000000000e+03,3.000006412958483537e+01,2.146922025200650097e+01,-3.373099456891954888e-03,9.589265089605947878e+01,2.615299250320933799e-01,0.000000000000000000e+00,4.935731832451341283e+00,1.000000000000000000e+00
1.209000000000000000e+03,4.331240175189203967e+01,1.783525646026214062e+01,5.379618712709437547e-03,-1.478972349201707175e+02,2.003038617686967449e-01,0.000000000000000000e+00,5.886287430868931025e+00,1.000000000000000000e+00
1.209000000000000000e+03,1.192933230954745660e+01,4.109128341358471914e+01,-4.379442113349416542e-03,1.219748482550215840e+02,3.796248322009957432e-01,0.000000000000000000e+00,1.156424154889456624e+01,1.000000000000000000e+00
1.210000000000000000e+03,5.149020483768446788e+00,2.577410516920268435e+01,-3.313866120603374543e-02,8.673508128450023378e+02,1.031697241932827414e-02,0.000000000000000000e+00,1.675077842444848741e+01,1.000000000000000000e+00
1.210000000000000000e+03,1.006462562762787769e+02,5.097452150111625002e+01,-1.738136226153027056e-02,4.589561390452660135e+02,6.156580604894823505e-02,0.000000000000000000e+00,1.458118942112605509e+01,1.000000000000000000e+00
1.210000000000000000e+03,4.880742057498420650e+01,4.267928619891241482e+01,-5.525121724282142099e-03,1.516683542698383178e+02,3.710592778808091685e-01,0.000000000000000000e+00,7.156538195206141317e+00,1.000000000000000000e+00
1.211000000000000000e+03,7.499238462227346247e+01,1.488736764534005630e+01,5.264310076516355227e-03,-1.449086876424792649e+02,1.741327392847379363e-01,0.000000000000000000e+00,1.368358941146541419e+01,1.000000000000000000e+00
1.211000000000000000e+03,9.341686462073727171e+01,3.831170265120983487e+01,-7.758254168678816592e-03,2.095462557676146673e+02,2.863564054142748727e-01,0.000000000000000000e+00,4.065034150841784211e+00,1.000000000000000000e+00
1.212000000000000000e+03,1.148393461127285349e+02,1.689508243258691778e+01,4.993250159998707284e-03,-1.378834083369150676e+02,1.324453975439344733e-01,0.000000000000000000e+00,4.497095635022864357e+00,1.000000000000000000e+00
1.212000000000000000e+03,5.624880304478514859e+01,2.273388376322745685e+01,-3.290233256284407631e-02,8.612256920685986188e+02,1.511072328206364279e-02,0.000000000000000000e+00,7.072537271076183352e+00,1.000000000000000000e+00
1.212000000000000000e+03,9.956147559978600725e+01,2.999481226711052528e+01,-7.300646989932100747e-03,1.976860800388377299e+02,1.957833354602357412e-01,0.000000000000000000e+00,8.220849213461416838e+00,1.000000000000000000e+00
1.212000000000000000e+03,1.171123442139604798e+01,5.265346815144301473e+01,5.046586322229307947e-03,-1.392657648342190839e+02,4.577793899846925862e-01,0.000000000000000000e+00,8.848165811396180302e+00,1.000000000000000000e+00
1.213000000000000000e+03,9.257904770447277087e+01,3.433394380201711016e+01,5.648429228676210730e-03,-1.548642146905509094e+02,3.467087574410314676e-01,0.000000000000000000e+00,4.065034150841784211e+00,1.000000000000000000e+00
1.213000000000000000e+03,6.351451229778943031e+01,4.860324912349009452e+01,-8.041577338679863074e-03,2.168893717419959160e+02,1.953060384554169415e-01,0.000000000000000000e+00,9.542130089837208118e+00,1.000000000000000000e+00
1.213000000000000000e+03,2.896817209520623493e+01,7.151650130541592709e+00,3.292592291468541578e-03,-9.380608151145659690e+01,2.749332980797186687e-01,0.000000000000000000e+00,1.309962918225236983e+01,1.000000000000000000e+00
1.213000000000000000e+03,4.838967665917381566e+01,2.840222716986720997e+01,-8.393401437905931989e-03,2.260078817572188541e+02,1.943681126172983609e-01,0.000000000000000000e+00,7.982593343329365432e+00,1.000000000000000000e+00
1.214000000000000000e+03,2.319117022808579165e+01,1.890862823462109432e+01,-5.275034348283247354e-03,1.451866372761953414e+02,2.658066681650034235e-01,0.000000000000000000e+00,9.055027541215439513e+00,1.000000000000000000e+00
1.214000000000000000e+03,1.268425379438432259e+02,3.388392526681131045e+01,-3.228638538967033150e-02,8.452616905127414384e+02,1.680531893424641599e-02,0.000000000000000000e+00,1.234657997038061161e+01,1.000000000000000000e+00
1.214000000000000000e+03,5.331998614330706943e+01,4.823381506561491250e+01,-2.882824524323675600e-02,7.556342726392517761e+02,1.190158901608155961e-01,0.000000000000000000e+00,3.686470378098035461e+00,1.000000000000000000e+00
1.214000000000000000e+03,2.771198541048959996e+01,5.040204430668681113e+01,3.362893355976117986e-03,-9.562813111579951908e+01,1.897116572914543386e-01,0.000000000000000000e+00,1.615837063393816209e+01,1.000000000000000000e+00
1.214000000000000000e+03,8.113450290704254542e+01,2.711500037442845112e+01,-3.808974298965037315e-03,1.071895720608408169e+02,1.968223437260078201e-01,0.000000000000000000e+00,1.023311872230775421e+01,1.000000000000000000e+00
1.215000000000000000e+03,9.041130613861933796e+01,1.475752132268253014e+01,-6.766240730706147254e-03,1.838354403650089068e+02,7.081080783821247504e-02,0.000000000000000000e+00,7.099727738545927203e+00,1.000000000000000000e+00
1.215000000000000000e+03,1.327664736197344268e+02,5.306141544461377180e+01,-7.917681492681025515e-03,2.136782627955931844e+02,1.042318168204732221e-01,0.000000000000000000e+00,1.018228355108353078e+01,1.000000000000000000e+00
1.215000000000000000e+03,1.253036977460031238e+02,4.613423170422401398e+01,3.842059566546518565e-03,-1.080470697264689193e+02,3.123963707093114772e-01,0.000000000000000000e+00,1.018228355108353078e+01,1.000000000000000000e+00
1.216000000000000000e+03,1.189614590183612108e+02,1.509729091415152347e+01,-4.431594932405870900e-03,1.233265350892506831e+02,3.117110693622098250e-01,0.000000000000000000e+00,4.497095635022864357e+00,1.000000000000000000e+00
1.216000000000000000e+03,3.152781096928625004e+01,2.931317755825711302e+01,-8.620117749332311535e-03,2.318838719492024154e+02,1.508549888126786698e-01,0.000000000000000000e+00,6.960120041982237105e+00,1.000000000000000000e+00
1.216000000000000000e+03,5.878512625488187382e+01,4.031559841243042541e+01,-3.032177540452196934e-03,8.705670157847907831e+01,3.818323575751447763e-01,0.000000000000000000e+00,9.542130089837208118e+00,1.000000000000000000e+00
1.217000000000000000e+03,1.229865287215311156e+02,1.083115177390645023e+01,-4.741415868418143512e-03,1.313564151178451311e+02,2.202296488570715249e-01,0.000000000000000000e+00,5.865247588917900323e+00,1.000000000000000000e+00
1.217000000000000000e+03,1.127181632346655391e+02,3.618405346029793890e+01,-7.420313632305237245e-03,2.007875772909244461e+02,1.900365755397677159e-01,0.000000000000000000e+00,8.510815416150606438e+00,1.000000000000000000e+00
1.217000000000000000e+03,8.331158047642249187e+01,1.475209149561136712e+01,-7.404525401137046665e-03,2.003783809216407974e+02,1.174382111904028747e-01,0.000000000000000000e+00,7.099727738545927203e+00,1.000000000000000000e+00
1.217000000000000000e+03,4.953746344427892012e+01,2.050258274869834452e+01,-4.279298538347492409e-03,1.193793461458027707e+02,3.191885623595562826e-01,0.000000000000000000e+00,5.788178878652065151e+00,1.000000000000000000e+00
1.218000000000000000e+03,1.342158932836253769e+02,1.460125227746896570e+01,-2.528169031158569030e-02,6.637153371969742466e+02,3.714966143380216135e-02,0.000000000000000000e+00,7.103874185267327945e+00,1.000000000000000000e+00
1.218000000000000000e+03,3.845820904863931844e+01,2.867064081961711963e+01,-1.698739136408564110e-02,4.487452763387098003e+02,2.507687202921238256e-02,0.000000000000000000e+00,6.960120041982237105e+00,1.000000000000000000e+00
1.219000000000000000e+03,9.130240189472709744e+01,2.596150613469902524e+01,-8.005090452464856676e-03,2.159437115723040108e+02,6.943033203747128734e-02,0.000000000000000000e+00,1.023311872230775421e+01,1.000000000000000000e+00
1.219000000000000000e+03,9.359309225770617502e+01,3.812092175512850645e+01,7.970560256871421501e-03,-2.150487645375813202e+02,1.012522870745993231e-01,0.000000000000000000e+00,1.236631513791539305e+01,1.000000000000000000e+00
1.219000000000000000e+03,7.901950697843447813e+01,4.904206951484893295e+01,-2.617255908290097577e-02,6.868047043874462361e+02,6.552994922164734337e-02,0.000000000000000000e+00,6.096302197601524142e+00,1.000000000000000000e+00
1.219000000000000000e+03,3.115257447145292957e+01,1.459474758654263304e+01,-4.410625031493998864e-03,1.227830411901580305e+02,1.795210658043966401e-01,0.000000000000000000e+00,7.363003594633574345e+00,1.000000000000000000e+00
1.219000000000000000e+03,4.857085595400823053e+01,2.842129948302413567e+01,8.408600413756026418e-03,-2.264018059193643353e+02,5.544111654874150918e-02,0.000000000000000000e+00,7.977493638903056627e+00,1.000000000000000000e+00
1.220000000000000000e+03,8.557373656539290607e+01,5.112174610889298698e+00,-8.519913802141098821e-03,2.292868051250767110e+02,8.773099787003235672e-02,0.000000000000000000e+00,9.901785077207824415e+00,1.000000000000000000e+00
1.220000000000000000e+03,1.055038241929519671e+02,2.195669778143224704e+01,6.170098061617423565e-03,-1.683847281751815785e+02,2.745939094554009641e-01,0.000000000000000000e+00,7.135706449543655516e+00,1.000000000000000000e+00
1.220000000000000000e+03,4.301392447877516645e+01,7.486265112122525878e+00,-3.741345453136981150e-03,1.054367805114340655e+02,2.525537869525515955e-01,0.000000000000000000e+00,1.006429998293097761e+01,1.000000000000000000e+00
1.220000000000000000e+03,1.096996242988275014e+02,1.618490707095133274e+01,-7.869310622644440367e-03,2.124245957959649616e+02,1.545775731767811134e-01,0.000000000000000000e+00,7.135706449543655516e+00,1.000000000000000000e+00
1.220000000000000000e+03,7.405339275644696784e+01,1.669049283518784321e+01,5.384739551982168672e-03,-1.480299558574159562e+02,1.625172335217077713e-01,0.000000000000000000e+00,6.080735040002354985e+00,1.000000000000000000e+00
1.220000000000000000e+03,4.207816560214340740e+01,5.170353632115057962e+01,-8.623791374870853552e-03,2.319790842764394370e+02,1.669113141632085906e-01,0.000000000000000000e+00,9.853660148909165528e+00,1.000000000000000000e+00
1.221000000000000000e+03,1.100311633969579930e+02,4.425957269561317986e+01,-4.134463807921805178e-02,1.080031758997977931e+03,6.940836790604976159e-03,0.000000000000000000e+00,8.510815416150606438e+00,1.000000000000000000e+00
1.221000000000000000e+03,1.416064151112694276e+02,7.909195482452885173e+00,-8.656833027639525280e-03,2.328354515416535548e+02,1.598520029113786878e-01,0.000000000000000000e+00,6.191405889114327543e+00,1.000000000000000000e+00
1.221000000000000000e+03,5.269445684401826924e+01,1.565114920743695137e+01,-7.494881783988774186e-03,2.027202204482258878e+02,1.892517298229298151e-01,0.000000000000000000e+00,5.788178878652065151e+00,1.000000000000000000e+00
1.221000000000000000e+03,7.296278512825652740e+01,4.104943330897585696e+01,-3.368986306290271127e-02,8.816367576206031345e+02,2.735665083723759494e-02,0.000000000000000000e+00,5.285826207555847311e+00,1.000000000000000000e+00
1.221000000000000000e+03,4.905168196498156874e+01,4.474187790756628402e+01,-4.314794847235695757e-02,1.126769614410852000e+03,1.170935797597161265e-02,0.000000000000000000e+00,9.853660148909165528e+00,1.000000000000000000e+00
1.221000000000000000e+03,1.354227028402745248e+02,7.600635223659507389e+00,-9.511488570183695632e-03,2.549862511639590821e+02,2.266319400069778389e-01,0.000000000000000000e+00,6.191405889114327543e+00,1.000000000000000000e+00
1.221000000000000000e+03,8.045549289940146309e+01,2.702262257756359531e+01,7.119227895387919731e-03,-1.929840944892611105e+02,1.804843058665186462e-01,0.000000000000000000e+00,6.291135891332793051e+00,1.000000000000000000e+00
1.221000000000000000e+03,1.470290262204027165e+01,2.805914937631118988e+01,2.895981846619672100e-03,-8.352680751785614177e+01,3.291418435041293389e-01,0.000000000000000000e+00,6.984217503552612172e+00,1.000000000000000000e+00
1.223000000000000000e+03,5.829432370249403306e+00,3.215993865624432857e+01,-8.054876350226126622e-03,2.172340529910744635e+02,6.238934799383843988e-02,0.000000000000000000e+00,9.775221073092518864e+00,1.000000000000000000e+00
1.223000000000000000e+03,1.327857970202542504e+02,3.714248157894163427e+01,-4.555781396991222948e-03,1.265451762328439287e+02,1.486544769894602158e-01,0.000000000000000000e+00,4.575932542327374897e+00,1.000000000000000000e+00
1.223000000000000000e+03,8.290875774644094065e+01,4.434753770134054918e+01,-3.567343336683070215e-02,9.330465550792017666e+02,1.441195596789256461e-01,0.000000000000000000e+00,6.096302197601524142e+00,1.000000000000000000e+00
1.223000000000000000e+03,1.234453026552334762e+02,1.223241588011636516e+01,-3.478229913475518100e-03,9.861740205259181380e+01,2.187017320900564998e-01,0.000000000000000000e+00,1.102801017236681247e+01,1.000000000000000000e+00
1.223000000000000000e+03,2.477585037858729322e+01,4.034783654541623577e+01,1.374459565194373258e-03,-4.409228273094981176e+01,4.613363553231160097e-01,0.000000000000000000e+00,1.225821541341890075e+01,1.000000000000000000e+00
1.224000000000000000e+03,7.104692618549246674e+01,2.197599161812645363e+01,-7.464159980021983429e-03,2.019239785825517117e+02,8.695250609444316048e-02,0.000000000000000000e+00,6.080735040002354985e+00,1.000000000000000000e+00
1.225000000000000000e+03,5.628387308277020651e+01,2.273633080542360574e+01,3.488473131669369426e-02,-9.126051255153332704e+02,1.209596476392005293e-02,0.000000000000000000e+00,7.942525241474831077e+00,1.000000000000000000e+00
1.225000000000000000e+03,8.126320801342649247e+01,5.297670755963235223e+01,-7.948043370206646710e-03,2.144651761562963372e+02,1.535717403315697283e-01,0.000000000000000000e+00,3.207975350454294272e+00,1.000000000000000000e+00
1.226000000000000000e+03,1.086930913180215725e+02,8.236070270959025663e+00,-3.769569835619368536e-02,9.854592340273036370e+02,1.899801025510061692e-02,0.000000000000000000e+00,8.396671557422287435e+00,1.000000000000000000e+00
1.226000000000000000e+03,1.108484603580209260e+01,1.897964570342556101e+01,-7.463905757567721073e-03,2.019173896933869514e+02,1.281795827496394757e-01,0.000000000000000000e+00,4.196495109807782065e+00,1.000000000000000000e+00
1.226000000000000000e+03,7.819800475052710453e+01,4.031975241771081642e+01,-4.091613262831788472e-02,1.068925836310458635e+03,6.990882096107242649e-02,0.000000000000000000e+00,5.285826207555847311e+00,1.000000000000000000e+00
1.226000000000000000e+03,6.983721893486179511e+01,7.012546820150940441e+00,1.769866444596507977e-03,-5.434036294446479332e+01,3.645296873774966917e-01,0.000000000000000000e+00,1.501226404824698157e+01,1.000000000000000000e+00
1.226000000000000000e+03,2.198164421225155962e+01,1.395286593382074081e+01,1.908360078074594537e-03,-5.792981456728576717e+01,4.166709580941726498e-01,0.000000000000000000e+00,8.490771817632021268e+00,1.000000000000000000e+00
1.226000000000000000e+03,2.167390518911341601e+01,2.848858778492214583e+01,-8.019966576159696242e-03,2.163292681137617421e+02,6.174426791752030130e-02,0.000000000000000000e+00,6.984217503552612172e+00,1.000000000000000000e+00
1.226000000000000000e+03,8.021033252393465318e+01,3.330897980520478541e+01,-8.492366717185379985e-03,2.285728450222540857e+02,4.165030211440671204e-01,0.000000000000000000e+00,6.291135891332793051e+00,1.000000000000000000e+00
1.226000000000000000e+03,1.172534373302902111e+02,3.649994134433156034e+01,-7.053365713086553156e-03,1.912770909887602784e+02,6.757630527021862843e-02,0.000000000000000000e+00,1.060061882513858933e+01,1.000000000000000000e+00
1.226000000000000000e+03,1.090905364894886631e+01,5.244574314673732118e+01,2.718641471186800020e-03,-7.893053343360428187e+01,4.155973841806415159e-01,0.000000000000000000e+00,9.933201409096440671e+00,1.000000000000000000e+00
1.227000000000000000e+03,4.203459836899831714e+01,6.129703401887932834e+00,-6.611736175681000999e-03,1.798310207260657592e+02,1.828372542415067636e-01,0.000000000000000000e+00,8.206062057141028987e+00,1.000000000000000000e+00
1.228000000000000000e+03,9.404236024003012062e+01,1.642729633659154587e+01,-8.192187708016260284e-03,2.207928626177244382e+02,8.156350711662296860e-02,0.000000000000000000e+00,9.854659121007111722e+00,1.000000000000000000e+00
1.228000000000000000e+03,1.067335234526638601e+02,2.182574979378649971e+01,-8.120529667520903772e-02,2.113132718882403879e+03,8.631271661386330507e-03,0.000000000000000000e+00,1.373023290960859555e+01,1.000000000000000000e+00
1.228000000000000000e+03,1.350510908853331102e+02,4.111835913449672830e+01,-6.872638892931933613e-03,1.865930476750008893e+02,7.830893031970520557e-02,0.000000000000000000e+00,4.575932542327374897e+00,1.000000000000000000e+00
1.228000000000000000e+03,1.527733393378950666e+01,1.916299354734444904e+01,5.464385644515222865e-03,-1.500942081187977521e+02,2.990929771429546857e-01,0.000000000000000000e+00,4.196495109807782065e+00,1.000000000000000000e+00
1.229000000000000000e+03,8.404476101179335501e+01,1.927679847896382270e+01,-7.914336499119743046e-03,2.135915678893701397e+02,4.360189425586957768e-02,0.000000000000000000e+00,1.001649617665152547e+01,1.000000000000000000e+00
1.229000000000000000e+03,1.370263628986721756e+02,2.687544551760403166e+01,-6.835657476921081811e-03,1.856345703762204096e+02,1.068394716181125803e-01,0.000000000000000000e+00,1.437923112773933987e+01,1.000000000000000000e+00
1.229000000000000000e+03,3.468934564758369987e+01,9.788489668425079060e+00,-8.014194179258114087e-03,2.161796602299507697e+02,1.944373381463717632e-01,0.000000000000000000e+00,4.423662697030255053e+00,1.000000000000000000e+00
1.229000000000000000e+03,3.430176570009319192e+01,3.095843342663075148e+01,-3.408472987478438493e-03,9.680945532655809416e+01,3.068588835712835472e-01,0.000000000000000000e+00,6.864686814265430925e+00,1.000000000000000000e+00
1.230000000000000000e+03,4.725178278877393723e+01,5.045777660304752743e+01,-7.417895037324474979e-03,2.007248926067218520e+02,2.105519625027519881e-01,0.000000000000000000e+00,6.123790684531621231e+00,1.000000000000000000e+00
1.230000000000000000e+03,1.168534273778532651e+02,6.257937658155979577e+00,-8.311924828212675573e-03,2.238961865006156984e+02,7.007687755032065979e-02,0.000000000000000000e+00,8.396671557422287435e+00,1.000000000000000000e+00
1.230000000000000000e+03,1.074125863978932038e+01,6.602054171308848751e+00,-7.210964326643943059e-03,1.953617018476227258e+02,1.764926074871053796e-01,0.000000000000000000e+00,1.238235940500138099e+01,1.000000000000000000e+00
1.230000000000000000e+03,1.918812542099535534e+01,4.695707656668542995e+01,6.841860965532748327e-03,-1.857953512128920011e+02,1.640036871891571435e-01,0.000000000000000000e+00,8.976561528330014639e+00,1.000000000000000000e+00
1.230000000000000000e+03,8.026131048981879701e+01,4.992919920011779311e+01,-8.952160246999567306e-03,2.404896861817089757e+02,1.268540828005028098e-01,0.000000000000000000e+00,3.207975350454294272e+00,1.000000000000000000e+00
1.231000000000000000e+03,1.289300959058629132e+02,4.697728477733058838e+01,-9.545445433076107586e-03,2.558663386709011434e+02,8.896395696619874283e-02,0.000000000000000000e+00,8.473109773097213804e+00,1.000000000000000000e+00
1.231000000000000000e+03,7.051436410912623387e+01,2.826157472957665107e+01,4.220927973274369270e-03,-1.178665089541938755e+02,2.163223175952072586e-01,0.000000000000000000e+00,8.149289754809323938e+00,1.000000000000000000e+00
1.231000000000000000e+03,9.759139903025811691e+01,3.988439879476886318e+01,4.150172472142567813e-03,-1.160326813479505716e+02,2.547033101930625820e-01,0.000000000000000000e+00,1.468455295259434479e+01,1.000000000000000000e+00
1.232000000000000000e+03,1.666689203688196130e+01,3.785694671056485561e+01,-3.286776836130971685e-02,8.603298636743738825e+02,1.469135320965708758e-02,0.000000000000000000e+00,6.968283693909685717e+00,1.000000000000000000e+00
1.232000000000000000e+03,4.205416021085896716e+01,4.011677480280340546e+01,-3.047685776270342428e-02,7.983626980172958838e+02,1.202927781220386461e-02,0.000000000000000000e+00,8.886364386720888575e+00,1.000000000000000000e+00
1.232000000000000000e+03,6.239407951550017373e+01,4.546859198356783338e+01,-7.942502811478721614e-03,2.143215770101274131e+02,1.141197826517185154e-01,0.000000000000000000e+00,4.949248805113111160e+00,1.000000000000000000e+00
1.233000000000000000e+03,3.027208381172670926e+01,9.550604127506096219e+00,-1.627691632871029054e-02,4.303313196487413279e+02,4.343149271959978464e-02,0.000000000000000000e+00,4.423662697030255053e+00,1.000000000000000000e+00
1.233000000000000000e+03,7.321069225413404524e+01,3.595187628688108106e+01,-8.183454814423651510e-03,2.205665251443641637e+02,8.537975130273778301e-02,0.000000000000000000e+00,8.149289754809323938e+00,1.000000000000000000e+00
1.233000000000000000e+03,5.181582343845791883e+01,2.111299374835857634e+01,-2.219015094780492445e-03,6.598131214048578386e+01,3.961327829613717766e-01,0.000000000000000000e+00,1.472561889356690656e+01,1.000000000000000000e+00
1.233000000000000000e+03,9.151297971960286759e+01,2.595181945190455508e+01,7.729063653999618776e-03,-2.087897015661336013e+02,1.137803568313673352e-01,0.000000000000000000e+00,9.854659121007111722e+00,1.000000000000000000e+00
1.233000000000000000e+03,4.115912165128895595e+01,3.127559965520768870e+01,4.819411283609378177e-03,-1.333778854381762926e+02,2.925125038420218759e-01,0.000000000000000000e+00,6.864686814265430925e+00,1.000000000000000000e+00
1.233000000000000000e+03,1.028622125318819336e+01,4.580175883589793528e+01,-7.832986087971730710e-03,2.114831434226339866e+02,2.462836010432613021e-01,0.000000000000000000e+00,5.333102302751753676e+00,1.000000000000000000e+00
1.234000000000000000e+03,1.300677155408629062e+02,4.925137620055316745e+00,-7.149333298498179202e-03,1.937643605949005234e+02,8.800599887273907740e-02,0.000000000000000000e+00,1.328133154456351406e+01,1.000000000000000000e+00
1.234000000000000000e+03,1.053146961509224440e+02,5.237386543684311135e+01,-3.476387279696403071e-02,9.094727374128575548e+02,7.651637087203844168e-03,0.000000000000000000e+00,1.257374529795120566e+01,1.000000000000000000e+00
1.234000000000000000e+03,9.687631032020527755e+01,1.227906771265480224e+01,-8.835239417077329904e-02,2.298369830940497650e+03,7.522963268470128639e-03,0.000000000000000000e+00,7.815611882663236365e+00,1.000000000000000000e+00
1.234000000000000000e+03,2.881935437636194663e+01,3.532557081112992137e+01,-5.170989487618301433e-02,1.348676511081177750e+03,1.159639031297854395e-02,0.000000000000000000e+00,7.009188459277353012e+00,1.000000000000000000e+00
1.236000000000000000e+03,5.980829628248184093e+00,2.651125726428519158e+01,4.209262720467174708e-03,-1.175641711530412579e+02,1.727817809124357895e-01,0.000000000000000000e+00,1.014473308933553675e+01,1.000000000000000000e+00
1.236000000000000000e+03,1.369049539514641083e+02,3.434520043590319460e+01,-2.897894727881338787e-03,8.357638521017685207e+01,3.267111538047282604e-01,0.000000000000000000e+00,1.493880569712402639e+01,1.000000000000000000e+00
1.236000000000000000e+03,1.000136220933758224e+01,3.582527504493484827e+01,3.813516780836131732e-03,-1.073073032410716650e+02,3.362657333753339417e-01,0.000000000000000000e+00,6.968283693909685717e+00,1.000000000000000000e+00
1.236000000000000000e+03,2.744843527776522052e+01,4.371600262978028439e+01,7.756488673413311843e-03,-2.095004979974796697e+02,3.552919137955586892e-01,0.000000000000000000e+00,3.124418004023683082e+00,1.000000000000000000e+00
1.236000000000000000e+03,8.304738337868366216e+01,4.916984308369605117e+01,4.067777476457437591e-03,-1.138971835380738895e+02,3.095694388627235893e-01,0.000000000000000000e+00,1.526765804127821724e+01,1.000000000000000000e+00
1.237000000000000000e+03,1.242008938704238261e+02,2.527675225828487271e+01,-7.656992720313569693e-03,2.069217808294121994e+02,6.333273109500126008e-02,0.000000000000000000e+00,1.560864808024161654e+01,1.000000000000000000e+00
1.237000000000000000e+03,5.211585719662047644e+00,4.744189735855078283e+01,-3.828803105850880559e-03,1.077034913022350793e+02,2.431951632690682041e-01,0.000000000000000000e+00,5.333102302751753676e+00,1.000000000000000000e+00
1.238000000000000000e+03,1.791350510843623667e+01,1.395398273132141220e+01,-8.569256750149918667e-03,2.305656662565023112e+02,1.702664837540123211e-01,0.000000000000000000e+00,1.311961168228554442e+01,1.000000000000000000e+00
1.238000000000000000e+03,8.194439076829146984e+01,3.394207931593199845e+01,-3.397823593228984501e-02,8.891107507421927494e+02,2.043524620203285291e-02,0.000000000000000000e+00,6.859449286082244690e+00,1.000000000000000000e+00
1.238000000000000000e+03,1.172633748593738119e+02,4.737966354819921122e+01,-3.687179934921237801e-02,9.641055764375662420e+02,2.750432821599302358e-02,0.000000000000000000e+00,3.712140793405810602e+00,1.000000000000000000e+00
1.238000000000000000e+03,9.363907433824702764e+01,5.165412372568273014e+00,-8.892223802051372680e-03,2.389362648136469147e+02,3.953585292377316263e-01,0.000000000000000000e+00,7.815611882663236365e+00,1.000000000000000000e+00
1.238000000000000000e+03,8.258837864867301448e+01,8.587283165446276456e+00,3.798784183210450645e-03,-1.069254665809465195e+02,2.373491997689349819e-01,0.000000000000000000e+00,7.519049618117793266e+00,1.000000000000000000e+00
1.239000000000000000e+03,4.563802010526998743e+01,4.441898062591462093e+01,-7.315619636342913026e-03,1.980741382376697857e+02,8.002386489133506142e-02,0.000000000000000000e+00,1.153580282167730608e+01,1.000000000000000000e+00
1.239000000000000000e+03,3.659919311827289334e+01,5.338547083010610805e+01,-7.989766587356693373e-03,2.155465505541472453e+02,2.211134496184485876e-01,0.000000000000000000e+00,8.464817972650946487e+00,1.000000000000000000e+00
1.240000000000000000e+03,9.488446665723203921e+01,1.363443405547920406e+01,6.364701385430881174e-03,-1.734284200686367114e+02,2.607580275256993207e-01,0.000000000000000000e+00,8.560101067966567001e+00,1.000000000000000000e+00
1.240000000000000000e+03,6.074916922406718101e+01,1.931404659085232822e+01,3.448154398710754666e-03,-9.783791058740010271e+01,2.366539667904455913e-01,0.000000000000000000e+00,1.211136733300945423e+01,1.000000000000000000e+00
1.240000000000000000e+03,2.668271312664952433e+01,4.674513739917534849e+01,-7.006438723651705648e-03,1.900608462116480553e+02,2.116849759750053517e-01,0.000000000000000000e+00,3.124418004023683082e+00,1.000000000000000000e+00
1.241000000000000000e+03,5.349483781227809942e+01,5.599497223580131688e+00,-8.408087933786691920e-03,2.263885235610970597e+02,2.571815491004003640e-01,0.000000000000000000e+00,1.551496659936514178e+01,1.000000000000000000e+00
1.241000000000000000e+03,7.963444402040489933e+01,1.550178801913145143e+01,-7.536559992123291474e-03,2.038004283109821415e+02,8.364166780114723476e-02,0.000000000000000000e+00,7.180648829910898812e+00,1.000000000000000000e+00
1.241000000000000000e+03,5.692008730979478770e+01,4.682516148636631925e+01,3.855041960331226890e-03,-1.083835449366885797e+02,2.895474048690299673e-01,0.000000000000000000e+00,1.153580282167730608e+01,1.000000000000000000e+00
1.242000000000000000e+03,4.313742356578425330e+01,1.765683535283143613e+01,-7.570544603061839413e-03,2.046812349865006126e+02,1.164976071335457330e-01,0.000000000000000000e+00,1.584048354689175042e+01,1.000000000000000000e+00
1.242000000000000000e+03,8.243242063515475948e+00,3.766377580501345079e+01,-3.187658324230176025e-03,9.108642292836084664e+01,2.758236124011873569e-01,0.000000000000000000e+00,1.023731416451493281e+01,1.000000000000000000e+00
1.243000000000000000e+03,7.251625627123706863e+01,1.644683869824753586e+01,-1.088931954749729203e-02,2.906966120902167177e+02,6.825476026330679069e-02,0.000000000000000000e+00,7.180648829910898812e+00,1.000000000000000000e+00
1.243000000000000000e+03,1.387750743023419773e+02,1.939949308152368346e+01,-9.061688468648368411e-03,2.433284177758525573e+02,9.698130352372147378e-02,0.000000000000000000e+00,1.144120980742758142e+01,1.000000000000000000e+00
1.243000000000000000e+03,2.861365579043960139e+01,2.397989541954031623e+01,-4.937064680250066034e-03,1.364272037706983554e+02,1.273278718814989663e-01,0.000000000000000000e+00,1.176174985325234168e+01,1.000000000000000000e+00
1.243000000000000000e+03,6.539717150534821144e+01,3.783424140929018620e+01,-1.518947615817325437e-02,4.021472523611103611e+02,2.249537645544974485e-01,0.000000000000000000e+00,7.499656388008890673e+00,1.000000000000000000e+00
1.243000000000000000e+03,7.691404406612468847e+01,3.860551759303334762e+01,-1.110824824306433228e-01,2.887483930572840563e+03,2.680627458655282513e-02,0.000000000000000000e+00,3.704623442276406386e+00,1.000000000000000000e+00
1.244000000000000000e+03,8.047882643740028641e+01,4.718908179807057124e+00,-8.544157329052476380e-03,2.299151442395148877e+02,5.369444002050938192e-02,0.000000000000000000e+00,1.081589012959356211e+01,1.000000000000000000e+00
1.244000000000000000e+03,1.084128023145268429e+02,1.254393365772921065e+01,-8.165493385170830357e-03,2.201010042409074572e+02,1.340728561516342232e-01,0.000000000000000000e+00,4.837124799860822222e+00,1.000000000000000000e+00
1.244000000000000000e+03,1.210456718593963927e+02,2.814403981780237984e+01,4.571604438402666545e-03,-1.269552748073842281e+02,3.192273540185088798e-01,0.000000000000000000e+00,4.332913817755862596e+00,1.000000000000000000e+00
1.244000000000000000e+03,1.199505077436941463e+02,3.233626568382842237e+01,-3.944561671028387444e-03,1.107036997536768297e+02,3.861507520765360413e-01,0.000000000000000000e+00,4.332913817755862596e+00,1.000000000000000000e+00
1.245000000000000000e+03,4.429199670483555451e+01,5.270506274590213991e+01,-9.712785191019701614e-03,2.602034186552178880e+02,1.424222226865264895e-01,0.000000000000000000e+00,3.894105528397744376e+00,1.000000000000000000e+00
1.246000000000000000e+03,9.917503182315171273e+01,1.665232125764538651e+01,-3.969717513627575578e-03,1.113556840924036493e+02,2.713773375303818458e-01,0.000000000000000000e+00,6.249959306433053641e+00,1.000000000000000000e+00
1.246000000000000000e+03,9.116478646141294462e+01,3.274417928670751365e+01,-7.454646154851734402e-03,2.016774010732542308e+02,7.818426411247436647e-02,0.000000000000000000e+00,1.342976211661090780e+01,1.000000000000000000e+00
1.246000000000000000e+03,9.476487227531320556e+00,2.204307974272233750e+01,-3.834666049664122670e-03,1.078554459636620209e+02,2.247425647912162372e-01,0.000000000000000000e+00,7.973668845108428549e+00,1.000000000000000000e+00
1.246000000000000000e+03,1.408528666588517240e+02,3.066645592243443730e+01,-3.705314502582260881e-03,1.045029371953737183e+02,1.901919714282361840e-01,0.000000000000000000e+00,8.155920367868880305e+00,1.000000000000000000e+00
1.247000000000000000e+03,1.374120756400897676e+02,8.039760844174258736e+00,-7.301996990898454269e-03,1.977210691068388542e+02,1.406664412655094232e-01,0.000000000000000000e+00,8.971999318516701294e+00,1.000000000000000000e+00
1.247000000000000000e+03,2.876097931064369106e+01,3.574072257543696907e+01,5.621854754103998431e-02,-1.465530912385969259e+03,2.334036948662590039e-01,0.000000000000000000e+00,4.607769116362228523e+00,1.000000000000000000e+00
1.247000000000000000e+03,5.889876476853431342e+01,1.083582519739406003e+01,-5.367049058094716142e-03,1.475714570051718226e+02,1.436058974382012909e-01,0.000000000000000000e+00,1.105392675072380726e+01,1.000000000000000000e+00
1.247000000000000000e+03,1.420618680558976443e+01,2.846252962201624470e+01,4.236439624532843673e-03,-1.182685369780392790e+02,2.581391114947284571e-01,0.000000000000000000e+00,7.973668845108428549e+00,1.000000000000000000e+00
1.247000000000000000e+03,5.678745289495361703e+01,4.111597514748186910e+01,-4.158251486988515447e-03,1.162420717164556407e+02,1.911888815434993338e-01,0.000000000000000000e+00,7.131593806036311989e+00,1.000000000000000000e+00
1.248000000000000000e+03,5.113649230077056984e+01,1.870579487627874826e+01,-9.042740032975881206e-03,2.428373158279403583e+02,7.422159100310277147e-02,0.000000000000000000e+00,1.105392675072380726e+01,1.000000000000000000e+00
1.248000000000000000e+03,1.334626909883888004e+02,3.411672266671904907e+01,-3.568300066209303609e-03,1.009518231214792507e+02,2.971048371237178243e-01,0.000000000000000000e+00,8.155920367868880305e+00,1.000000000000000000e+00
1.248000000000000000e+03,2.490962074910989088e+01,3.827026274317533705e+01,-6.282405505553911862e-02,1.636731198435412125e+03,2.086462138403559763e-01,0.000000000000000000e+00,4.607769116362228523e+00,1.000000000000000000e+00
1.249000000000000000e+03,1.039966881431905819e+02,1.057017785845928870e+01,-6.717878208643788922e-03,1.825819897265872385e+02,8.912839641246361744e-02,0.000000000000000000e+00,4.837124799860822222e+00,1.000000000000000000e+00
1.249000000000000000e+03,7.678128722338738044e+01,4.003109209665178270e+01,-6.457461263701608570e-03,1.758325529318576343e+02,1.298167185037705229e-01,0.000000000000000000e+00,3.084485921719734236e+00,1.000000000000000000e+00
1.250000000000000000e+03,9.582997633289619444e+01,1.137287099278062996e+01,-9.231278555649395298e-03,2.477238213602094277e+02,1.116344737969146017e-01,0.000000000000000000e+00,6.249959306433053641e+00,1.000000000000000000e+00
1.250000000000000000e+03,7.558725749271350480e+01,8.015649093684780624e+00,2.209218830296743458e-03,-6.572741442283842161e+01,4.225820085465782361e-01,0.000000000000000000e+00,5.840636821397167111e+00,1.000000000000000000e+00
1.250000000000000000e+03,4.979311278432395227e+01,4.250839628748675381e+01,2.546996039514761410e-03,-7.448185981740883221e+01,3.819865401055422272e-01,0.000000000000000000e+00,3.674755162338779968e+00,1.000000000000000000e+00
1.251000000000000000e+03,1.298381667001127937e+02,5.035179134180375371e+01,3.622941691793981223e-03,-1.023680143694295026e+02,3.221292444000589672e-01,0.000000000000000000e+00,7.342302767586851964e+00,1.000000000000000000e+00
1.251000000000000000e+03,4.453641164219926907e+01,4.821051440254178289e+01,-4.627017684657046097e-03,1.283914647729326077e+02,4.012978189418311414e-01,0.000000000000000000e+00,5.728647854722107802e+00,1.000000000000000000e+00
1.252000000000000000e+03,1.200492739168492022e+02,1.177198759038055442e+01,-8.069675450910279713e-03,2.176176132648066641e+02,7.942491547669283669e-02,0.000000000000000000e+00,4.340481437184862124e+00,1.000000000000000000e+00
1.252000000000000000e+03,1.396749099596032124e+02,1.672171641961325506e+01,-8.340454247145733316e-03,2.246356065484231976e+02,5.127221844135143591e-02,0.000000000000000000e+00,8.971999318516701294e+00,1.000000000000000000e+00
1.253000000000000000e+03,5.978638739388748746e+01,7.012742566512256026e+00,-7.550965691294257709e-03,2.041737924792005856e+02,7.765052771526326225e-02,0.000000000000000000e+00,1.454469516493431414e+01,1.000000000000000000e+00
1.253000000000000000e+03,1.112854985288982732e+02,4.518113249446132329e+01,-8.123437966397452359e-03,2.190110199046353898e+02,9.188666229672115549e-02,0.000000000000000000e+00,5.818717446140515115e+00,1.000000000000000000e+00
1.253000000000000000e+03,7.418571646814746146e+01,5.325612064718387018e+01,-3.918609942459952075e-03,1.100310877939384824e+02,1.293107196149325677e-01,0.000000000000000000e+00,1.293072735079357294e+01,1.000000000000000000e+00
1.253000000000000000e+03,1.410510251737227918e+02,5.350224913644962754e+01,2.302534966016634484e-03,-6.814596426071341284e+01,3.888520383617074527e-01,0.000000000000000000e+00,1.164704166151441456e+01,1.000000000000000000e+00
1.254000000000000000e+03,1.379693550662684061e+02,2.617212463939288725e+01,4.886694052542981705e-03,-1.351217074325268470e+02,4.568520992123652480e-01,0.000000000000000000e+00,8.928278449777591774e+00,1.000000000000000000e+00
1.254000000000000000e+03,4.476667444014157127e+01,2.488340207781357094e+01,2.280183633536392047e-03,-6.756666668126105435e+01,3.933754687091944868e-01,0.000000000000000000e+00,1.545270314829840785e+01,1.000000000000000000e+00
1.254000000000000000e+03,1.331004655682988869e+02,3.365597866879011235e+01,-3.189968790313948976e-02,8.352393386853664197e+02,9.486445655355613127e-03,0.000000000000000000e+00,8.928278449777591774e+00,1.000000000000000000e+00
1.254000000000000000e+03,1.232999250966610845e+02,4.701101199174084400e+01,-3.978072939960651012e-03,1.115722384412024013e+02,3.183122000306547461e-01,0.000000000000000000e+00,5.988723096526825884e+00,1.000000000000000000e+00
1.254000000000000000e+03,5.795796323285113516e+01,5.211955216486614972e+01,-5.194839782643042962e-03,1.431081697932535803e+02,1.263427617956046634e-01,0.000000000000000000e+00,9.688385403829084197e+00,1.000000000000000000e+00
1.254000000000000000e+03,2.097261524680540035e+01,1.000044325393148625e+01,3.559258138932933340e-03,-1.007174761719443410e+02,2.314940189745966492e-01,0.000000000000000000e+00,8.710857275406249656e+00,1.000000000000000000e+00
1.254000000000000000e+03,1.024261247160135611e+02,2.606396282855372704e+01,-6.468257506484775821e-02,1.684899966168072751e+03,9.623706930561803929e-03,0.000000000000000000e+00,1.557318343108788916e+01,1.000000000000000000e+00
1.255000000000000000e+03,7.610091782109772396e+01,3.694796160737485025e+01,-8.302677402694110323e-03,2.236565134867671247e+02,5.673940200147054025e-02,0.000000000000000000e+00,8.398363774602788823e+00,1.000000000000000000e+00
1.255000000000000000e+03,5.098170392130511885e+01,3.903117374467685607e+01,-3.693273258512698182e-03,1.041908545242730497e+02,3.707157604459820899e-01,0.000000000000000000e+00,3.674755162338779968e+00,1.000000000000000000e+00
1.255000000000000000e+03,5.645995222030290961e+01,4.254767801507642844e+01,-5.051778782667837482e-03,1.394003420352025557e+02,1.638909521111429068e-01,0.000000000000000000e+00,6.509762415726907392e+00,1.000000000000000000e+00
1.256000000000000000e+03,6.898936839820444789e+01,4.141544175800861893e+01,3.579386005728657071e-03,-1.012391463911408493e+02,3.011684075825123985e-01,0.000000000000000000e+00,8.398363774602788823e+00,1.000000000000000000e+00
1.256000000000000000e+03,1.196444833118655566e+02,4.226732674872094719e+01,6.649953764555710523e-03,-1.808215369177601417e+02,1.777638024535782568e-01,0.000000000000000000e+00,5.988723096526825884e+00,1.000000000000000000e+00
1.256000000000000000e+03,1.329667273652340214e+02,4.344978304427261406e+01,-7.591760154538843008e-03,2.052310956101676425e+02,8.709755940260155427e-02,0.000000000000000000e+00,7.577968749904718138e+00,1.000000000000000000e+00
1.257000000000000000e+03,1.182188382701656622e+02,1.570763041587889752e+01,-6.997202634154909250e-03,1.898214670026532929e+02,2.358193301502548023e-01,0.000000000000000000e+00,4.340481437184862124e+00,1.000000000000000000e+00
1.257000000000000000e+03,1.229840430455036966e+02,2.839810674344043662e+01,2.040523670726969007e-03,-6.135520539724748801e+01,3.445420240682891544e-01,0.000000000000000000e+00,1.140119387797164485e+01,1.000000000000000000e+00
1.257000000000000000e+03,8.640576093304005667e+01,4.076858834218228367e+01,-3.957719519436254246e-02,1.034223510835495745e+03,7.268032720895822862e-03,0.000000000000000000e+00,7.698991534197973330e+00,1.000000000000000000e+00
1.259000000000000000e+03,4.130366701037051769e+01,4.037084008403463287e+01,-7.743962477065832219e-03,2.091758464255765375e+02,4.131636965567209163e-02,0.000000000000000000e+00,9.770317515322663127e+00,1.000000000000000000e+00
1.259000000000000000e+03,1.408809530455017978e+02,4.023112651217121538e+01,4.277108325470129965e-03,-1.193225806254713603e+02,2.664305121154832978e-01,0.000000000000000000e+00,8.543694633462092014e+00,1.000000000000000000e+00
1.259000000000000000e+03,5.262979778560175070e+00,4.740449305508529676e+01,3.524993266497696443e-03,-9.982940573231741155e+01,1.927943716175761768e-01,0.000000000000000000e+00,6.907454236023892413e+00,1.000000000000000000e+00
1.260000000000000000e+03,1.383715132186201515e+02,2.553458338271413197e+01,-7.988964593307602141e-03,2.155257646250853156e+02,1.190757365960131153e-01,0.000000000000000000e+00,6.748636902930932990e+00,1.000000000000000000e+00
1.260000000000000000e+03,5.604055227092263181e+01,3.389836024577534346e+01,-2.234699247655168221e-03,6.638781102837498338e+01,3.689835039376521131e-01,0.000000000000000000e+00,6.559667859130613898e+00,1.000000000000000000e+00
1.260000000000000000e+03,6.489070095641515046e+00,4.060672676334476705e+01,-3.997376199050672180e-03,1.120725366348906533e+02,1.815449322359918849e-01,0.000000000000000000e+00,6.907454236023892413e+00,1.000000000000000000e+00
1.260000000000000000e+03,1.402381263765715573e+02,4.926624303585186482e+01,-3.895654964617213493e-03,1.094361450489170977e+02,2.828114017874303610e-01,0.000000000000000000e+00,9.057955438330166587e+00,1.000000000000000000e+00
1.261000000000000000e+03,1.106267620207538016e+02,1.033023378677935611e+01,-3.603270481050231677e-02,9.423580839497644774e+02,1.929574561331459659e-02,0.000000000000000000e+00,9.303548585541689064e+00,1.000000000000000000e+00
1.261000000000000000e+03,9.811270171272975915e+01,1.213744413013129275e+01,8.961669559668166210e-03,-2.407361467368478998e+02,9.019995790997548113e-02,0.000000000000000000e+00,1.264388052055147327e+01,1.000000000000000000e+00
1.261000000000000000e+03,7.365572901528214800e+01,1.594334421454280104e+01,-7.804834877769777947e-03,2.107535257167069744e+02,2.257715480021379451e-01,0.000000000000000000e+00,8.044141085198420527e+00,1.000000000000000000e+00
1.261000000000000000e+03,1.307122472974745051e+02,1.268640492116426088e+01,-7.197224056979065025e-03,1.950055841546430315e+02,8.978523986457820349e-02,0.000000000000000000e+00,1.285352374306578227e+01,1.000000000000000000e+00
1.261000000000000000e+03,6.690342395992016122e+01,2.031536688579122085e+01,4.128750209291416270e-03,-1.154774632182469389e+02,4.698362311536856684e-01,0.000000000000000000e+00,5.692332307873843256e+00,1.000000000000000000e+00
1.261000000000000000e+03,1.150434269172792767e+02,3.797858253930019856e+01,3.249456109932848807e-03,-9.268808617169180764e+01,3.007407193489851638e-01,0.000000000000000000e+00,6.289916282432008288e+00,1.000000000000000000e+00
1.262000000000000000e+03,1.073855396388068506e+01,1.771813533303892996e+01,-5.836767742333146859e-03,1.597455364272107374e+02,1.475999386146186199e-01,0.000000000000000000e+00,7.305197784059833666e+00,1.000000000000000000e+00
1.263000000000000000e+03,4.761988596771055882e+01,1.397515406921607983e+01,-1.973363358490785521e-02,5.199218593240174187e+02,2.422846244352494516e-02,0.000000000000000000e+00,6.949212191473082889e+00,1.000000000000000000e+00
1.263000000000000000e+03,3.867256851388603422e+01,1.581158657573518767e+01,7.400489371759634040e-03,-2.002737758807109003e+02,1.087236708187530043e-01,0.000000000000000000e+00,9.133836760667065846e+00,1.000000000000000000e+00
1.263000000000000000e+03,9.621772209329840564e+01,3.554668409558044573e+01,-9.156975444935272143e-03,2.457980474842885883e+02,1.098298180742810493e-01,0.000000000000000000e+00,3.422002000598526550e+00,1.000000000000000000e+00
1.263000000000000000e+03,8.312149018052167548e+01,4.861205934482320856e+01,-2.117526325598214840e-02,5.572857426476740557e+02,1.883357786221706576e-02,0.000000000000000000e+00,1.094362351125740496e+01,1.000000000000000000e+00
1.263000000000000000e+03,6.211353297188456679e+01,5.306180633622481224e+01,-8.266841185710216769e-03,2.227277172383175241e+02,6.888390790472087577e-02,0.000000000000000000e+00,1.053297683989595157e+01,1.000000000000000000e+00
1.264000000000000000e+03,1.032353247097960462e+02,5.328803016415692184e+01,-3.803902387814921734e-03,1.070581192333614524e+02,2.090120527821315299e-01,0.000000000000000000e+00,1.883312025820000812e+01,1.000000000000000000e+00
1.264000000000000000e+03,7.245095353830690499e+01,5.104157438352903853e+01,-6.294863720683422162e-03,1.716183807710436042e+02,7.586593140906872090e-02,0.000000000000000000e+00,1.053297683989595157e+01,1.000000000000000000e+00
1.265000000000000000e+03,1.459422669606157541e+01,4.702497400260211791e+00,-7.429994258741871339e-03,2.010384779236845816e+02,1.159322855108093631e-01,0.000000000000000000e+00,8.175492305280121386e+00,1.000000000000000000e+00
1.265000000000000000e+03,1.316512879900344331e+02,2.615318901207846025e+01,-4.369930645800845781e-02,1.141059605702511135e+03,1.716434978128331679e-01,0.000000000000000000e+00,3.672222527199862085e+00,1.000000000000000000e+00
1.265000000000000000e+03,3.533902100824374770e+01,7.259311462692873640e+00,3.114786623558969680e-03,-8.919774806538691792e+01,1.548218464573875019e-01,0.000000000000000000e+00,9.178994965764870173e+00,1.000000000000000000e+00
1.265000000000000000e+03,6.081727794277609433e+01,7.655138767456163507e+00,-4.981131396098546944e-03,1.375693165216050318e+02,1.221667755480018158e-01,0.000000000000000000e+00,1.196195495847290147e+01,1.000000000000000000e+00
1.265000000000000000e+03,1.396571906005895869e+02,3.925153938908766804e+01,2.404951717612924603e-03,-7.080038212808436526e+01,3.953431077527845838e-01,0.000000000000000000e+00,1.003153903986461515e+01,1.000000000000000000e+00
1.265000000000000000e+03,5.830311259409307212e+01,4.005547509009375062e+01,4.091088748895133943e-03,-1.145013606585676627e+02,3.124113669904571289e-01,0.000000000000000000e+00,6.559667859130613898e+00,1.000000000000000000e+00
1.266000000000000000e+03,6.125507861712654289e+01,1.960907941471021942e+01,-3.426168581292730886e-02,8.964571507787227347e+02,9.125680531962165887e-03,0.000000000000000000e+00,5.692332307873843256e+00,1.000000000000000000e+00
1.266000000000000000e+03,8.875834155554702676e+00,3.622920039123738434e+01,-7.510816920377682941e-03,2.031332242790488465e+02,1.223030911314342273e-01,0.000000000000000000e+00,8.767436336839324440e+00,1.000000000000000000e+00
1.266000000000000000e+03,8.965180890456814211e+00,1.063145327394471096e+01,-2.934725012009453335e-03,8.453094550159657672e+01,4.283409882170908789e-01,0.000000000000000000e+00,7.305197784059833666e+00,1.000000000000000000e+00
1.266000000000000000e+03,1.077337570833245053e+02,2.118051251020999715e+01,-2.406308960116417678e-02,6.321318760100351710e+02,2.201489447415683198e-02,0.000000000000000000e+00,8.061009402761886378e+00,1.000000000000000000e+00
1.266000000000000000e+03,3.827873625797369783e+01,4.612618320050255960e+01,2.413962262987298137e-03,-7.103391572745856308e+01,3.122434031452130387e-01,0.000000000000000000e+00,1.389918390735376796e+01,1.000000000000000000e+00
1.267000000000000000e+03,3.784713794174234636e+01,2.554378777022760616e+01,-7.670819099096667232e-03,2.072801302821224283e+02,7.656267214095890949e-02,0.000000000000000000e+00,3.273738800924664627e+00,1.000000000000000000e+00
1.267000000000000000e+03,3.012474737542556014e+01,3.192864162135161266e+01,-2.088494719695154801e-03,6.259850991055224512e+01,3.775146642257648510e-01,0.000000000000000000e+00,8.862323984011819533e+00,1.000000000000000000e+00
1.268000000000000000e+03,4.937967606527288211e+01,3.776218602898448751e+01,4.062167878539304881e-03,-1.137517950473184527e+02,2.030518130586108638e-01,0.000000000000000000e+00,8.573008596522170066e+00,1.000000000000000000e+00
1.268000000000000000e+03,4.817475783404179879e+01,7.048129650746616015e+00,-3.271616915635501208e-03,9.326244571439953290e+01,3.365546949987633374e-01,0.000000000000000000e+00,6.949212191473082889e+00,1.000000000000000000e+00
1.268000000000000000e+03,1.026110004813877055e+02,5.433380805911642852e+00,-7.039187661837973883e-03,1.909096269560493226e+02,2.191897584433729618e-01,0.000000000000000000e+00,7.821727450904454315e+00,1.000000000000000000e+00
1.269000000000000000e+03,1.142361977616292847e+02,5.733367887007875474e+00,-3.305303415382762622e-02,8.651315472096092662e+02,1.887897797337267924e-02,0.000000000000000000e+00,8.959919878868136678e+00,1.000000000000000000e+00
1.270000000000000000e+03,2.360510390223326738e+01,1.129750091434486947e+01,2.999639571097684459e-03,-8.621338868409007716e+01,3.009321642904986271e-01,0.000000000000000000e+00,1.116646673641638188e+01,1.000000000000000000e+00
1.271000000000000000e+03,1.094415528917238589e+02,1.330248572247760563e+01,-8.499665878994871679e-03,2.287620233082469952e+02,1.908389766474964944e-01,0.000000000000000000e+00,8.061009402761886378e+00,1.000000000000000000e+00
1.271000000000000000e+03,1.315066783243875363e+02,2.619363793315214295e+01,4.126134662385983615e-02,-1.077873026916983008e+03,6.049734294763631226e-03,0.000000000000000000e+00,1.155188071710199793e+01,1.000000000000000000e+00
1.271000000000000000e+03,3.840494017976324415e+01,2.876965546744312263e+01,6.027407946089043296e-03,-1.646865129296056978e+02,1.087157260870017517e-01,0.000000000000000000e+00,3.273738800924664627e+00,1.000000000000000000e+00
1.271000000000000000e+03,1.206731669776276874e+02,2.218352820874576992e+01,-8.097610575085135640e-03,2.183416304942268766e+02,8.305547017626768724e-02,0.000000000000000000e+00,1.155188071710199793e+01,1.000000000000000000e+00
1.271000000000000000e+03,9.744612553016378342e+01,3.010737708717948280e+01,-3.219236648349018022e-03,9.190486392025148632e+01,3.498929993482191581e-01,0.000000000000000000e+00,1.118753894851747788e+01,1.000000000000000000e+00
1.271000000000000000e+03,1.125865965322633429e+02,5.265513502394684053e+01,-3.341007787853952915e-02,8.743853384843393997e+02,1.220423438053575005e-02,0.000000000000000000e+00,1.755473748498418018e+01,1.000000000000000000e+00
1.272000000000000000e+03,6.521117924191075588e+01,2.504084179836243962e+01,3.649551474077404947e-03,-1.030576816400572397e+02,2.193113378426135851e-01,0.000000000000000000e+00,1.027253212213268085e+01,1.000000000000000000e+00
1.272000000000000000e+03,9.485111391237838063e+01,4.842048379232051758e+01,-2.806472422976551487e-02,7.358454803891306710e+02,7.181292852391052417e-02,0.000000000000000000e+00,3.597267480167454234e+00,1.000000000000000000e+00
1.274000000000000000e+03,1.157268203808313700e+01,1.223138284750226390e+01,-4.851585527989291449e-03,1.342117713779281303e+02,1.506768641320156421e-01,0.000000000000000000e+00,1.206860851059292195e+01,1.000000000000000000e+00
1.274000000000000000e+03,4.953455557076282645e+01,2.796282927309139055e+01,-7.445077324355270539e-03,2.014293979463851088e+02,9.382349616798346670e-02,0.000000000000000000e+00,1.014774678233366068e+01,1.000000000000000000e+00
1.274000000000000000e+03,3.223635961084854529e+01,3.564910032362718795e+01,5.131760722041220184e-03,-1.414732987110456008e+02,3.480824360565901721e-01,0.000000000000000000e+00,4.395127231749686558e+00,1.000000000000000000e+00
1.274000000000000000e+03,4.538656862685863302e+01,5.010884754760851933e+01,-2.082790491966395041e-02,5.482829754252007888e+02,1.326239251353411586e-02,0.000000000000000000e+00,1.314382634299034258e+01,1.000000000000000000e+00
1.275000000000000000e+03,6.011957372256319587e+01,1.611893228102271181e+01,-8.058697226095146160e-03,2.173330817243397917e+02,5.344467986419587646e-02,0.000000000000000000e+00,1.027253212213268085e+01,1.000000000000000000e+00
1.275000000000000000e+03,1.109518663386362221e+02,3.100436481951951251e+01,-2.430956374548701865e-02,6.385199459530699642e+02,1.511495558214326351e-02,0.000000000000000000e+00,9.473146140079943933e+00,1.000000000000000000e+00
1.276000000000000000e+03,7.708675643611555017e+01,4.327757684765502688e+01,-3.495437483345451707e-02,9.144101329223751691e+02,1.216541806536186598e-02,0.000000000000000000e+00,1.849383379361736246e+01,1.000000000000000000e+00
1.277000000000000000e+03,1.204239932458290809e+02,3.114332396943276038e+01,-8.262627353631972482e-03,2.226185039408417197e+02,1.407428583138776723e-01,0.000000000000000000e+00,9.473146140079943933e+00,1.000000000000000000e+00
1.277000000000000000e+03,5.062094993865647297e+01,3.805225502661037495e+01,-7.694223686269169998e-03,2.078867259161454797e+02,7.510722140478942599e-02,0.000000000000000000e+00,7.344899871984086559e+00,1.000000000000000000e+00
1.278000000000000000e+03,1.419693906804389201e+02,5.548672366306656834e+00,2.339251003099012891e-03,-6.909756351895478588e+01,4.372369200169720083e-01,0.000000000000000000e+00,2.857457245130792955e+01,1.000000000000000000e+00
1.278000000000000000e+03,7.848601196733747543e+01,1.057537177932759320e+01,-7.981493146672296798e-03,2.153321210937806143e+02,7.320242311033398064e-02,0.000000000000000000e+00,7.812250295299719483e+00,1.000000000000000000e+00
1.278000000000000000e+03,7.087310501918818773e+01,1.232891176325463434e+01,-4.925853354285725759e-03,1.361366307590296003e+02,2.174096687669435646e-01,0.000000000000000000e+00,3.290592625529495052e+00,1.000000000000000000e+00
1.278000000000000000e+03,1.870152755470415329e+01,3.742981483903074746e+01,-2.172509647108023401e-03,6.477599280250788638e+01,4.853266270585332443e-01,0.000000000000000000e+00,1.365146962687178167e+01,1.000000000000000000e+00
1.278000000000000000e+03,9.166683902827431396e+00,4.962055849769765103e+01,-4.406668840988108883e-03,1.226805053978986422e+02,4.659373285386861907e-01,0.000000000000000000e+00,1.547667517321020725e+01,1.000000000000000000e+00
1.279000000000000000e+03,1.144792955738290061e+02,1.334616310401116657e+01,-8.121203952365908807e-03,2.189531191543298121e+02,7.968042156270760401e-02,0.000000000000000000e+00,1.133193504361336501e+01,1.000000000000000000e+00
1.279000000000000000e+03,1.319141891551729486e+02,4.436434940543874461e+01,-2.018356292727880100e-02,5.315830423514935319e+02,1.928607982166685719e-02,0.000000000000000000e+00,1.751628144369174578e+01,1.000000000000000000e+00
1.280000000000000000e+03,3.425717536662038754e+01,2.243235395992001102e+01,-2.778340148306281121e-02,7.285542110049083249e+02,1.722671918534579572e-02,0.000000000000000000e+00,8.800103099529641426e+00,1.000000000000000000e+00
1.281000000000000000e+03,3.517223114837816667e+01,1.305551230337821345e+01,-2.748813134094596489e-02,7.209014556819743120e+02,3.838891869667848677e-02,0.000000000000000000e+00,9.421384533898713443e+00,1.000000000000000000e+00
1.281000000000000000e+03,2.731281773056132067e+01,4.825750893141648845e+01,-2.781935206931629434e-02,7.294859714543108566e+02,1.055048190522656082e-02,0.000000000000000000e+00,1.216399715110354585e+01,1.000000000000000000e+00
1.281000000000000000e+03,7.444370003252874568e+00,7.175755131954853816e+00,-4.154697205805946668e-03,1.161499525335131864e+02,1.946425325905342119e-01,0.000000000000000000e+00,2.834441440704417303e+01,1.000000000000000000e+00
1.282000000000000000e+03,7.470719913895548814e+01,3.035498614015684282e+01,-7.556505349481870346e-03,2.043173682853371531e+02,9.852417772080579450e-02,0.000000000000000000e+00,8.048461333065867862e+00,1.000000000000000000e+00
1.282000000000000000e+03,6.511975675438378630e+01,3.119214859207714241e+01,-5.984905039993843739e-03,1.635849307021297818e+02,1.327947762678957089e-01,0.000000000000000000e+00,9.623922924067249696e+00,1.000000000000000000e+00
1.282000000000000000e+03,4.031305261848958565e+01,2.881734928275654184e+01,-4.075177122153199154e-03,1.140889661462986453e+02,3.898071694233175011e-01,0.000000000000000000e+00,8.800103099529641426e+00,1.000000000000000000e+00
1.282000000000000000e+03,7.612096536037847727e+01,3.827830582959382610e+01,2.853541268370115430e-03,-8.242684069161617799e+01,3.409732695724300156e-01,0.000000000000000000e+00,8.048461333065867862e+00,1.000000000000000000e+00
1.282000000000000000e+03,9.574638503280893076e+01,4.988068744645082120e+01,4.069438535823361250e-03,-1.139402345584484806e+02,3.513230868344026092e-01,0.000000000000000000e+00,6.335445446255572044e+00,1.000000000000000000e+00
1.283000000000000000e+03,1.111723344802475140e+02,2.418483277137399057e+01,-3.653178082261014648e-02,9.552930410057863355e+02,1.094442951753660243e-02,0.000000000000000000e+00,1.032433249234988182e+01,1.000000000000000000e+00
1.284000000000000000e+03,8.487214388138562526e+01,2.518983740079334410e+01,-1.080635987803776205e-02,2.885464791729709759e+02,7.591605041388982400e-02,0.000000000000000000e+00,1.140196751075911585e+01,1.000000000000000000e+00
1.284000000000000000e+03,1.220826808841397622e+02,2.564513348102755685e+01,-3.497739142130419556e-03,9.912303852624532396e+01,2.562486379059087938e-01,0.000000000000000000e+00,9.173929098514150837e+00,1.000000000000000000e+00
1.285000000000000000e+03,9.106261428626091003e+01,4.561452282277987536e+01,-8.606463924038064775e-03,2.315299947049614389e+02,1.514752405365180632e-01,0.000000000000000000e+00,6.335445446255572044e+00,1.000000000000000000e+00
1.286000000000000000e+03,5.952413845966554362e+01,1.987895481367919004e+01,-5.108895637468307757e-03,1.408806858026756004e+02,1.358147231552976342e-01,0.000000000000000000e+00,9.039621456540936961e+00,1.000000000000000000e+00
1.286000000000000000e+03,5.233966872289872185e+01,3.376820034376308399e+01,-2.187918860165190618e-02,5.755299457269363756e+02,1.799482974331589880e-02,0.000000000000000000e+00,6.423525022024323405e+00,1.000000000000000000e+00
1.286000000000000000e+03,3.684748096474910994e+01,4.070416373192488635e+01,-6.452079087503869055e-03,1.756930587139494833e+02,1.036445525886370289e-01,0.000000000000000000e+00,6.595638868516809694e+00,1.000000000000000000e+00
1.287000000000000000e+03,9.168284315313673005e+01,9.404668017927162893e+00,-9.307525966740568327e-03,2.496999872431011909e+02,1.267006904640574083e-01,0.000000000000000000e+00,1.719177701740011699e+01,1.000000000000000000e+00
1.287000000000000000e+03,1.621803401517756882e+01,2.531652894957781541e+01,-2.637512132680923729e-02,6.920546740565126811e+02,1.970557034297393262e-02,0.000000000000000000e+00,7.207463563164652420e+00,1.000000000000000000e+00
1.287000000000000000e+03,1.014844470689709794e+02,2.775368117373309929e+01,-8.970192873931193134e-03,2.409570523730486968e+02,1.069695685120717332e-01,0.000000000000000000e+00,9.166299441552087757e+00,1.000000000000000000e+00
1.287000000000000000e+03,2.787690140072532685e+01,3.257861457316337095e+01,-7.963860890213298599e-03,2.148751316281185382e+02,8.677810731090696006e-02,0.000000000000000000e+00,7.345746330784342248e+00,1.000000000000000000e+00
1.287000000000000000e+03,1.199982911280247322e+02,3.457913003627467674e+01,-9.800082091111644161e-03,2.624659630901708738e+02,6.047336391530211408e-02,0.000000000000000000e+00,4.307040231951837050e+00,1.000000000000000000e+00
1.287000000000000000e+03,1.198741626041506976e+02,4.440144819816799071e+01,3.694522210004665130e-03,-1.042232246112371996e+02,2.374749986266079249e-01,0.000000000000000000e+00,9.512370397498616015e+00,1.000000000000000000e+00
1.288000000000000000e+03,1.112754888159425803e+02,5.916247272103922761e+00,-7.428342131712340791e-03,2.009956584099038821e+02,6.123729931854404729e-02,0.000000000000000000e+00,1.826887672959432862e+01,1.000000000000000000e+00
1.288000000000000000e+03,5.228338459946872518e+01,1.446727858411776424e+01,5.015819822637611163e-03,-1.384683645558488081e+02,2.584757061665773348e-01,0.000000000000000000e+00,9.039621456540936961e+00,1.000000000000000000e+00
1.288000000000000000e+03,2.046688557750328386e+01,4.579626690651621601e+01,-7.625852212173554572e-03,2.061146870686991122e+02,8.436444997319680894e-02,0.000000000000000000e+00,9.550357434093744047e+00,1.000000000000000000e+00
1.288000000000000000e+03,3.458718730834681310e+01,4.690041458794397045e+01,-2.176176217240265425e-03,6.487102226906776536e+01,4.925671110815229570e-01,0.000000000000000000e+00,6.595638868516809694e+00,1.000000000000000000e+00
1.289000000000000000e+03,1.422170361974108062e+02,2.003209006742575227e+01,-6.656520901961894901e-03,1.809917427346480849e+02,9.523136657205255595e-02,0.000000000000000000e+00,9.489719807304062726e+00,1.000000000000000000e+00
1.289000000000000000e+03,1.290035172845193472e+02,4.172935656440259322e+01,3.978026852768013280e-03,-1.115710439621187646e+02,1.593637094421642697e-01,0.000000000000000000e+00,9.512370397498616015e+00,1.000000000000000000e+00
1.290000000000000000e+03,6.830458238591890563e+01,3.025701548971116495e+01,-8.463096838962885088e-03,2.278142338915689322e+02,7.778688641566078310e-02,0.000000000000000000e+00,1.138399833866659350e+01,1.000000000000000000e+00
1.290000000000000000e+03,1.019344171352278750e+02,3.690892952599918431e+01,1.055087089964858692e-02,-2.819247644770604211e+02,2.145999395619202499e-01,0.000000000000000000e+00,3.827129987812149192e+00,1.000000000000000000e+00
1.291000000000000000e+03,2.465624855460513487e+01,7.987108500754544593e+00,2.965283091660175091e-03,-8.532294399162053367e+01,3.710417126291640777e-01,0.000000000000000000e+00,8.622418603665620296e+00,1.000000000000000000e+00
1.291000000000000000e+03,2.071401549037080514e+01,3.094979457344691909e+01,-8.133668700104616789e-03,2.192761781128907899e+02,1.466495536968485114e-01,0.000000000000000000e+00,7.207463563164652420e+00,1.000000000000000000e+00
1.291000000000000000e+03,4.800055260249087752e+01,3.850462779514343481e+01,-3.509571509235368241e-03,9.942970756394799992e+01,2.767301596015255827e-01,0.000000000000000000e+00,6.423525022024323405e+00,1.000000000000000000e+00
1.292000000000000000e+03,9.355002301698587530e+01,3.838769680316772082e+01,-2.272260008453788269e-02,5.973893239519285316e+02,1.949837302296242303e-02,0.000000000000000000e+00,8.513801582726454598e+00,1.000000000000000000e+00
1.292000000000000000e+03,1.869639168299056564e+01,1.421817651889618261e+01,3.563088137626389297e-03,-1.008167413488364019e+02,2.967911521724145851e-01,0.000000000000000000e+00,8.622418603665620296e+00,1.000000000000000000e+00
1.292000000000000000e+03,1.214189002990097634e+02,3.051311661487959270e+01,5.050215211731546618e-03,-1.393598177013850545e+02,1.712090679253656100e-01,0.000000000000000000e+00,4.307040231951837050e+00,1.000000000000000000e+00
1.292000000000000000e+03,5.918589497663700882e+01,3.743114188377276008e+01,2.705609668141064923e-03,-7.859277764356504292e+01,3.671310518764892006e-01,0.000000000000000000e+00,9.672735920238482166e+00,1.000000000000000000e+00
1.292000000000000000e+03,2.926580931603390923e+01,4.208301117030952554e+01,-4.161929129115629622e-03,1.163373881448704736e+02,2.553564506487507879e-01,0.000000000000000000e+00,7.178052620683979868e+00,1.000000000000000000e+00
1.292000000000000000e+03,6.915788001068106894e+01,4.160898894538568982e+01,-4.736451773590891895e-03,1.312277566532931701e+02,2.249830702325649190e-01,0.000000000000000000e+00,1.081179409669951674e+01,1.000000000000000000e+00
1.293000000000000000e+03,1.421657277181927839e+02,1.017101078985457541e+01,-7.849417364392805019e-03,2.119090061163438463e+02,9.357616893288189797e-02,0.000000000000000000e+00,6.462936135046436270e+00,1.000000000000000000e+00
1.293000000000000000e+03,1.360474573002399836e+02,1.225339177768860566e+01,-5.551209882232949547e-03,1.523445021803323414e+02,2.283815137379107130e-01,0.000000000000000000e+00,6.462936135046436270e+00,1.000000000000000000e+00
1.293000000000000000e+03,1.293312003376613291e+02,2.664780445538621123e+01,-6.499423577687459333e-03,1.769201241959740116e+02,1.343458276739221136e-01,0.000000000000000000e+00,3.696122038798235199e+00,1.000000000000000000e+00
1.293000000000000000e+03,4.546804724196963576e+01,5.004431351271080075e+01,1.870615446493167910e-02,-4.932918511280325333e+02,1.855114712661620757e-02,0.000000000000000000e+00,1.132595308767736775e+01,1.000000000000000000e+00
1.294000000000000000e+03,8.361996383248649067e+01,2.316654204641774228e+01,4.584652880518743680e-03,-1.272934618456804685e+02,2.806494134085941727e-01,0.000000000000000000e+00,6.391679746880968516e+00,1.000000000000000000e+00
1.294000000000000000e+03,1.382218617137386332e+02,2.863984023028212178e+01,-2.818076783802448207e-02,7.388530765328845291e+02,1.072704660050893821e-02,0.000000000000000000e+00,9.111095775620951187e+00,1.000000000000000000e+00
1.294000000000000000e+03,1.036768837125925131e+02,4.031638226527205404e+01,-8.506828732336503204e-03,2.289476687773234858e+02,1.555667753635122663e-01,0.000000000000000000e+00,3.827129987812149192e+00,1.000000000000000000e+00
1.295000000000000000e+03,1.199807645103549270e+01,2.016107994385672342e+01,1.824179573927918116e-02,-4.812566900920692774e+02,1.626705458627997203e-02,0.000000000000000000e+00,8.954637238048734460e+00,1.000000000000000000e+00
1.295000000000000000e+03,1.293947719457398193e+02,5.212001164029958744e+01,-7.855975832182301652e-03,2.120789872357572108e+02,2.573030789440925448e-01,0.000000000000000000e+00,1.473189278331478214e+01,1.000000000000000000e+00
1.295000000000000000e+03,7.951432822637676168e+01,2.806524863658339086e+01,4.378067429939330908e-03,-1.219392194721434350e+02,3.267064725963771954e-01,0.000000000000000000e+00,6.391679746880968516e+00,1.000000000000000000e+00
1.296000000000000000e+03,7.673411097397803360e+01,6.974812065710549014e+00,-7.557276179885418117e-03,2.043373465209675146e+02,5.472195423850556573e-02,0.000000000000000000e+00,1.323214222580863009e+01,1.000000000000000000e+00
1.297000000000000000e+03,4.967688190006657578e+01,3.920328479344011896e+01,4.496372708270256029e-03,-1.250054331501925304e+02,1.373198040596681491e-01,0.000000000000000000e+00,9.672735920238482166e+00,1.000000000000000000e+00
1.297000000000000000e+03,3.679536120104417307e+01,3.145584246319755195e+01,-3.303026966635513092e-03,9.407652543563612824e+01,2.915967950471809456e-01,0.000000000000000000e+00,1.220052641936621285e+01,1.000000000000000000e+00
1.297000000000000000e+03,1.439495373089596058e+02,4.984240978731918403e+01,3.416142217212756512e-03,-9.700822496256442662e+01,3.203406097147379894e-01,0.000000000000000000e+00,1.473189278331478214e+01,1.000000000000000000e+00
1.298000000000000000e+03,2.131758489156943526e+01,3.103193249680089139e+01,-9.219816072469688706e-03,2.474267389036540123e+02,7.495998629564881721e-02,0.000000000000000000e+00,9.238127794504961798e+00,1.000000000000000000e+00
1.298000000000000000e+03,2.406232440168506415e+01,1.277712649655656740e+01,4.133529273556377573e-03,-1.156013260959159368e+02,2.879486387674046188e-01,0.000000000000000000e+00,5.054724743818771238e+00,1.000000000000000000e+00
1.298000000000000000e+03,2.336641621020516979e+01,1.778371755483214045e+01,-3.303389455691400304e-03,9.408592035796745279e+01,3.910979854457240501e-01,0.000000000000000000e+00,5.054724743818771238e+00,1.000000000000000000e+00
1.298000000000000000e+03,5.396320353558207472e+01,2.113879864667731212e+01,4.973862730037495634e-03,-1.373809286186137228e+02,2.505752447407971761e-01,0.000000000000000000e+00,7.903571684713065260e+00,1.000000000000000000e+00
1.298000000000000000e+03,1.292502384949912368e+02,3.034303967194841078e+01,-8.416274915856164843e-03,2.266007122035441341e+02,9.623802364221722971e-02,0.000000000000000000e+00,3.696122038798235199e+00,1.000000000000000000e+00
1.298000000000000000e+03,4.574608045343425289e+01,1.282614167266939020e+01,-3.513549616830619754e-02,9.191044011929360522e+02,2.502748248461195146e-02,0.000000000000000000e+00,3.847870454309908261e+00,1.000000000000000000e+00
1.299000000000000000e+03,7.100282962465779235e+01,1.890133720838985809e+01,-8.661797012056948047e-03,2.329641071446246201e+02,8.808360589306085675e-02,0.000000000000000000e+00,8.772110982645498822e+00,1.000000000000000000e+00
1.299000000000000000e+03,6.220226616947502407e+01,2.887326230384235259e+01,4.520731965834061221e-03,-1.256367717496448364e+02,1.680171603099986921e-01,0.000000000000000000e+00,7.529890104594298528e+00,1.000000000000000000e+00
1.300000000000000000e+03,1.029243208448878164e+02,4.764594939713985156e+01,-6.785429971377639202e-02,1.767104121711724929e+03,4.848807564349466581e-03,0.000000000000000000e+00,7.235337158855971396e+00,1.000000000000000000e+00
1.300000000000000000e+03,1.122969960362339350e+02,3.128059383534627713e+01,-3.973675609536996695e-03,1.114582692685489604e+02,3.458120786245048039e-01,0.000000000000000000e+00,4.016531966695959355e+00,1.000000000000000000e+00
1.300000000000000000e+03,1.105177295132097157e+02,3.488152978028278994e+01,3.964936482638492174e-03,-1.112317702415533347e+02,3.267853815628325442e-01,0.000000000000000000e+00,4.016531966695959355e+00,1.000000000000000000e+00
1.300000000000000000e+03,7.116275555563890975e+01,4.761459014283508395e+01,2.196967812821574127e-03,-6.540989488455282697e+01,4.797979487660982700e-01,0.000000000000000000e+00,3.563248259536443641e+00,1.000000000000000000e+00
1.301000000000000000e+03,9.151395626338533873e+01,3.427782451923437890e+01,6.797017959473814451e-03,-1.846331187201191142e+02,5.672955230220178002e-02,0.000000000000000000e+00,1.252310039939177067e+01,1.000000000000000000e+00
1.301000000000000000e+03,7.710558450285660115e+00,2.765768066027002092e+01,-1.939392683951715428e-03,5.873411173769411420e+01,4.965639496344604886e-01,0.000000000000000000e+00,1.142348995676482737e+01,1.000000000000000000e+00
1.301000000000000000e+03,9.022150913179054044e+00,4.998086134676296410e+01,4.236154321891890534e-03,-1.182611425585136544e+02,3.393795162520581998e-01,0.000000000000000000e+00,3.383996427919482297e+00,1.000000000000000000e+00
1.302000000000000000e+03,5.487566806427552990e+01,3.061113605994614772e+01,-4.130702194332816317e-03,1.155280543948852880e+02,1.085918257803147879e-01,0.000000000000000000e+00,7.529890104594298528e+00,1.000000000000000000e+00
1.302000000000000000e+03,3.311715809108984843e+01,4.308871256440539099e+01,-2.748918569167886281e-02,7.209287821435175374e+02,2.761772103641002563e-02,0.000000000000000000e+00,7.424178008305927889e+00,1.000000000000000000e+00
1.302000000000000000e+03,1.039116773554978721e+02,3.604546569759448715e+01,-3.641635491348230603e-03,1.028525167069128230e+02,2.925475075122637714e-01,0.000000000000000000e+00,6.707806789854455332e+00,1.000000000000000000e+00
1.303000000000000000e+03,1.204629118654758599e+02,1.139003133001271628e+01,4.388223560723673346e-03,-1.222024441360497917e+02,2.303441408013572334e-01,0.000000000000000000e+00,9.660984654383211634e+00,1.000000000000000000e+00
1.303000000000000000e+03,6.381406065663559701e+01,1.387425735859128118e+01,-6.768721855610044733e-03,1.838997456878534251e+02,8.555882066763076388e-02,0.000000000000000000e+00,7.164995484753504229e+00,1.000000000000000000e+00
1.303000000000000000e+03,6.927914483413752578e+01,4.458990027295841685e+01,-3.370949363142958666e-03,9.583692517565823721e+01,4.021715502665770270e-01,0.000000000000000000e+00,3.563248259536443641e+00,1.000000000000000000e+00
1.305000000000000000e+03,7.241688231320009095e+01,3.845334362633089142e+01,-8.611438901767553764e-03,2.316589352305014700e+02,1.166987151788571042e-01,0.000000000000000000e+00,5.147252716878503165e+00,1.000000000000000000e+00
1.305000000000000000e+03,1.010707071953788727e+02,1.082513052339966997e+01,-3.400714324819293505e-02,8.898599650517166992e+02,2.144984152090922969e-02,0.000000000000000000e+00,1.019799519003436572e+01,1.000000000000000000e+00
1.305000000000000000e+03,1.165049293292752424e+02,2.755599564726857409e+01,7.633983177575612636e-03,-2.063254238818258557e+02,5.074787070933417521e-02,0.000000000000000000e+00,5.619549293432451798e+00,1.000000000000000000e+00
1.305000000000000000e+03,1.424897495139061618e+02,4.670710866028581165e+01,-7.743673158154143824e-03,2.091683479131107219e+02,8.756689579750187580e-02,0.000000000000000000e+00,1.646185203766937732e+01,1.000000000000000000e+00
1.305000000000000000e+03,6.924867739995572435e+01,5.166302128615620859e+01,-7.387171247687741513e-03,1.999285992768322160e+02,5.528683617864038613e-02,0.000000000000000000e+00,4.478112315281511435e+00,1.000000000000000000e+00
1.305000000000000000e+03,6.016892313141863724e+01,2.004273632173878283e+01,4.986327289020323766e-03,-1.377039826850357827e+02,1.818155611022900242e-01,0.000000000000000000e+00,7.164995484753504229e+00,1.000000000000000000e+00
1.305000000000000000e+03,3.811497516748298153e+01,4.857872563997511861e+01,-8.444506569810408120e-03,2.273324148353262046e+02,2.307811701293418505e-01,0.000000000000000000e+00,7.424178008305927889e+00,1.000000000000000000e+00
1.306000000000000000e+03,5.486712622320817445e+01,7.790034343098475311e+00,-4.228665008257082893e-03,1.180670359537177774e+02,2.002687061529720980e-01,0.000000000000000000e+00,1.081967677235792813e+01,1.000000000000000000e+00
1.306000000000000000e+03,2.462754272042687376e+01,3.677216197743442905e+01,-6.254276886119682424e-03,1.705664589206934636e+02,1.468000571194029158e-01,0.000000000000000000e+00,5.976582763584254998e+00,1.000000000000000000e+00
1.306000000000000000e+03,1.260740286608909599e+02,4.547557247080487741e+01,3.285932376484804358e-03,-9.363347110297880249e+01,4.829195741633821592e-01,0.000000000000000000e+00,4.386340045639668617e+00,1.000000000000000000e+00
1.306000000000000000e+03,1.210500280286996144e+02,4.899543908193233221e+01,4.031883647533193726e-03,-1.129668941143237930e+02,2.834677989745332249e-01,0.000000000000000000e+00,5.049773809859404494e+00,1.000000000000000000e+00
1.306000000000000000e+03,6.756251398406055486e+00,5.249425172892075864e+01,-8.410848529946975474e-03,2.264600721667522976e+02,6.264811121277624739e-02,0.000000000000000000e+00,3.383996427919482297e+00,1.000000000000000000e+00
1.307000000000000000e+03,5.552249814922999605e+01,4.396634158852000240e+01,4.989543224042851041e-03,-1.377873326766245441e+02,1.744504116619419731e-01,0.000000000000000000e+00,4.427169534764376913e+00,1.000000000000000000e+00
1.308000000000000000e+03,7.910851014272304838e+01,6.360735314899645942e+00,-2.294626733010229902e-03,6.794100018340817826e+01,3.170688571845443615e-01,0.000000000000000000e+00,1.704034033062487907e+01,1.000000000000000000e+00
1.308000000000000000e+03,4.887943991498161722e+01,3.426216354939118247e+01,-7.714674407491074228e-03,2.084167638148871333e+02,9.955525040804169556e-02,0.000000000000000000e+00,7.229195716699709173e+00,1.000000000000000000e+00
1.308000000000000000e+03,1.270120405107517492e+01,4.337720317518176927e+01,3.591780845502392638e-03,-1.015603934883764197e+02,1.902414428257614976e-01,0.000000000000000000e+00,1.088407260053477366e+01,1.000000000000000000e+00
1.309000000000000000e+03,2.653378325691970829e+01,3.110773009532975308e+01,-4.884985373335373575e-03,1.350774222101624673e+02,1.855905940071379545e-01,0.000000000000000000e+00,5.976582763584254998e+00,1.000000000000000000e+00
1.310000000000000000e+03,1.056356938948065647e+02,1.994434114329503061e+01,-8.677741136717917469e-03,2.333773439317714633e+02,1.556394390754459733e-01,0.000000000000000000e+00,6.785708557505615524e+00,1.000000000000000000e+00
1.310000000000000000e+03,1.260249566657332991e+02,4.986163801241200844e+01,-4.875024711310496986e-03,1.348192636683460250e+02,2.451230868243505778e-01,0.000000000000000000e+00,4.386340045639668617e+00,1.000000000000000000e+00
1.310000000000000000e+03,5.971725069549544429e+01,3.493708863868858572e+01,4.057828957342281273e-03,-1.136393397138795223e+02,2.715313907764332901e-01,0.000000000000000000e+00,3.801161483321564560e+00,1.000000000000000000e+00
1.310000000000000000e+03,6.968568485025508608e+01,4.281622924823480503e+01,-4.788865568878409446e-03,1.325862074197881668e+02,2.040812235166363786e-01,0.000000000000000000e+00,5.147252716878503165e+00,1.000000000000000000e+00
1.310000000000000000e+03,1.020494714643665191e+02,4.583054886986759868e+01,2.465120276739622002e-03,-7.235981938722954965e+01,4.416111113986114223e-01,0.000000000000000000e+00,1.132039849246705998e+01,1.000000000000000000e+00
1.311000000000000000e+03,1.049486138341296382e+01,2.740323556191620114e+01,-5.980305420700330471e-02,1.558433473652010889e+03,1.027986735813379848e-02,0.000000000000000000e+00,1.612561903546044206e+01,1.000000000000000000e+00
1.311000000000000000e+03,5.609321705839715833e+01,3.379026309857031407e+01,-4.221548841279817825e-03,1.178826004929436948e+02,2.858167966504986390e-01,0.000000000000000000e+00,3.801161483321564560e+00,1.000000000000000000e+00
1.311000000000000000e+03,3.589292050791893729e+01,1.322476897630183679e+01,-1.725955117832914587e-03,5.320227753827359152e+01,4.123612033673291766e-01,0.000000000000000000e+00,8.062605744544677933e+00,1.000000000000000000e+00
1.311000000000000000e+03,6.052357951190638374e+01,2.365889167250555403e+01,4.333335708928564081e-03,-1.207798712440598905e+02,1.506923186796931269e-01,0.000000000000000000e+00,1.017820421841019751e+01,1.000000000000000000e+00
1.311000000000000000e+03,5.331106275503520919e+01,4.013106016640136176e+01,-2.657040941926937759e-03,7.733398264519978227e+01,4.404175602813928947e-01,0.000000000000000000e+00,4.427169534764376913e+00,1.000000000000000000e+00
1.312000000000000000e+03,5.109256407097598185e+01,1.983112615400844092e+01,-8.719224593109151447e-03,2.344525042559266979e+02,4.663495310082554912e-02,0.000000000000000000e+00,4.181266455887552524e+00,1.000000000000000000e+00
1.312000000000000000e+03,1.418378624648449033e+02,3.934226969675482621e+01,-3.559966986518441762e-02,9.311347666883576721e+02,3.043040606874047871e-02,0.000000000000000000e+00,1.836837150892794313e+01,1.000000000000000000e+00
1.312000000000000000e+03,6.298611538767531925e+01,1.198521939086941579e+01,1.885362675459853433e-03,-5.733377226510145874e+01,4.117570955765511576e-01,0.000000000000000000e+00,1.193057867324502119e+01,1.000000000000000000e+00
1.312000000000000000e+03,7.720198930834543205e+01,2.843549597501382920e+01,-7.200957495746737082e-03,1.951023467097639639e+02,1.952356492113228592e-01,0.000000000000000000e+00,6.416084998279148799e+00,1.000000000000000000e+00
1.312000000000000000e+03,1.192667635921139890e+02,3.363505087804990978e+01,2.390323041838014143e-03,-7.042123889470040865e+01,2.792281286109520311e-01,0.000000000000000000e+00,6.251318124401397114e+00,1.000000000000000000e+00
1.313000000000000000e+03,9.844191977791231807e+01,1.665471993717455490e+01,-8.743745630430652810e-03,2.350880358323355495e+02,8.074532302183135002e-02,0.000000000000000000e+00,7.910246122887398812e+00,1.000000000000000000e+00
1.313000000000000000e+03,7.510352809818766673e+01,3.769947929545300980e+01,-6.744962758368827985e-03,1.832839619293693829e+02,4.317222191443206292e-01,0.000000000000000000e+00,3.468359486779269751e+00,1.000000000000000000e+00
1.313000000000000000e+03,1.229841364486893980e+02,3.866099530051080535e+01,1.490935721246875682e-03,-4.711108956605792031e+01,4.422392007168207684e-01,0.000000000000000000e+00,6.251318124401397114e+00,1.000000000000000000e+00
1.314000000000000000e+03,1.274063339088525879e+02,2.797881707760890890e+01,-7.531496784280734477e-03,2.036692010541709124e+02,8.769702765469833405e-02,0.000000000000000000e+00,9.911891128658714578e+00,1.000000000000000000e+00
1.314000000000000000e+03,9.718721051022555457e+01,3.560754341931213673e+01,-3.491736050900098171e-02,9.134508027088430708e+02,1.559619442521853472e-02,0.000000000000000000e+00,1.132039849246705998e+01,1.000000000000000000e+00
1.314000000000000000e+03,1.078426106649011302e+02,2.652632041001941587e+01,-4.823556363380554490e-03,1.334853168264482122e+02,1.195909323032909866e-01,0.000000000000000000e+00,6.942112985087055321e+00,1.000000000000000000e+00
1.314000000000000000e+03,4.836592361995404588e+01,3.460842772720032912e+01,6.760409290768030523e-03,-1.836843022150190166e+02,1.261034324844010346e-01,0.000000000000000000e+00,7.413087759080343453e+00,1.000000000000000000e+00
1.315000000000000000e+03,8.185707548973819314e+01,6.250232703976037918e+00,-3.104098210822099808e-03,8.892072781918325575e+01,2.602370600542530665e-01,0.000000000000000000e+00,1.957831490830538357e+01,1.000000000000000000e+00
1.315000000000000000e+03,6.727354712365900546e+00,5.209032563834918506e+01,3.665186725036815706e-03,-1.034629130974177116e+02,3.315841998381632294e-01,0.000000000000000000e+00,2.497291578807528722e+01,1.000000000000000000e+00
1.316000000000000000e+03,2.783053885951724027e+01,1.328488176595912584e+01,1.990392385852839379e-03,-6.005591230104882783e+01,4.596585518230918987e-01,0.000000000000000000e+00,8.062605744544677933e+00,1.000000000000000000e+00
1.316000000000000000e+03,1.192114633466922413e+02,4.552723188485186512e+01,2.883722402094111934e-03,-8.320906956888308059e+01,2.461887922359932146e-01,0.000000000000000000e+00,7.834428324177612701e+00,1.000000000000000000e+00
1.317000000000000000e+03,8.336198322596395371e+01,3.023010502437404057e+01,-5.914155036266200045e-03,1.617512455765607342e+02,1.774141395996534643e-01,0.000000000000000000e+00,6.416084998279148799e+00,1.000000000000000000e+00
1.317000000000000000e+03,4.909231188205940555e+01,2.350290778638595768e+01,2.787733167587581103e-03,-8.072123886562314965e+01,3.122657281775245153e-01,0.000000000000000000e+00,4.181266455887552524e+00,1.000000000000000000e+00
1.317000000000000000e+03,1.081766827294893574e+02,5.307936657949978354e+01,-3.792523485122198390e-03,1.067632029999536485e+02,1.342451988010310293e-01,0.000000000000000000e+00,1.337165366422198609e+01,1.000000000000000000e+00
1.318000000000000000e+03,1.431804980597363226e+02,7.525177245377760116e+00,5.577750306691831896e-03,-1.530323718480695732e+02,1.723082606186711052e-01,0.000000000000000000e+00,1.255878859637334521e+01,1.000000000000000000e+00
1.318000000000000000e+03,3.522642877990200816e+01,4.814436713517333999e+01,-6.661247485851753969e-02,1.734918741560848730e+03,7.687023141288995554e-03,0.000000000000000000e+00,1.122681705131196317e+01,1.000000000000000000e+00
1.319000000000000000e+03,3.293737261321148679e+01,4.726069712908637754e+00,-9.234117230885251909e-03,2.477973936044788275e+02,1.449407224207791556e-01,0.000000000000000000e+00,9.045888025361486839e+00,1.000000000000000000e+00
1.319000000000000000e+03,3.949082738269837733e+01,3.402653211166191483e+01,-6.851964437420547151e-03,1.860572110735441811e+02,8.488124461988244551e-02,0.000000000000000000e+00,6.985032614131813311e+00,1.000000000000000000e+00
1.320000000000000000e+03,9.313073281684630444e+01,4.949241678244724341e+01,-2.794878105279157560e-02,7.328404872042997340e+02,1.109753829914972290e-02,0.000000000000000000e+00,1.546760542619117729e+01,1.000000000000000000e+00
1.320000000000000000e+03,1.321233854625991171e+02,1.348029538212592193e+01,-6.811056193414788754e-03,1.849969589944732888e+02,1.022036556377559080e-01,0.000000000000000000e+00,1.255878859637334521e+01,1.000000000000000000e+00
1.320000000000000000e+03,1.081380873291470266e+02,3.513204606723827084e+01,3.466815866002514318e-03,-9.832157494346039073e+01,2.272452439314813777e-01,0.000000000000000000e+00,7.674618736601993341e+00,1.000000000000000000e+00
1.321000000000000000e+03,7.331565074042472929e+01,1.024016026670378032e+01,-4.573282660425889885e-03,1.269987706462428889e+02,2.193246020625767567e-01,0.000000000000000000e+00,9.546941292202500762e+00,1.000000000000000000e+00
1.321000000000000000e+03,3.613714085603324122e+01,1.318713190152347536e+01,2.966147410863586350e-03,-8.534534525216520251e+01,2.432669821410610167e-01,0.000000000000000000e+00,8.307177123699769794e+00,1.000000000000000000e+00
1.321000000000000000e+03,6.213668099567064118e+00,5.158966646063488781e+01,-7.352849893073066731e-03,1.990390649428329937e+02,1.533943886045510130e-01,0.000000000000000000e+00,1.124031482238912893e+01,1.000000000000000000e+00
1.322000000000000000e+03,1.651559399183062737e+01,4.709355700725963345e+01,-9.682184006667265627e-03,2.594103029857421348e+02,1.387952647388273064e-01,0.000000000000000000e+00,1.039293495177439297e+01,1.000000000000000000e+00
1.322000000000000000e+03,1.206412321182632752e+02,4.721654306003100743e+01,-8.493120736689799277e-03,2.285923875562017145e+02,1.133532450924599200e-01,0.000000000000000000e+00,1.377453052142324452e+01,1.000000000000000000e+00
1.322000000000000000e+03,1.081546882682348212e+02,2.656981650291107400e+01,5.350723869864518895e-03,-1.471483438849935510e+02,3.263802298331847096e-01,0.000000000000000000e+00,3.438177796492985827e+00,1.000000000000000000e+00
1.322000000000000000e+03,4.618266151666793462e+01,4.569439053907131409e+01,1.946727695669504951e-03,-5.892421917478433357e+01,3.845694581156625658e-01,0.000000000000000000e+00,9.398026689999532834e+00,1.000000000000000000e+00
1.323000000000000000e+03,6.425623900407870792e+01,1.325199476217612116e+01,-7.551550664372808259e-03,2.041889537000695327e+02,1.407303243361706091e-01,0.000000000000000000e+00,8.064927627644113528e+00,1.000000000000000000e+00
1.323000000000000000e+03,7.719880563188462474e+01,2.874880780951763626e+01,3.312423297423883802e-03,-9.432005774791542763e+01,2.041332292614811417e-01,0.000000000000000000e+00,1.657938291498760819e+01,1.000000000000000000e+00
1.323000000000000000e+03,1.050736906198910532e+02,2.809576540480705020e+01,-7.575903476578151226e-03,2.048201252499484326e+02,2.266088957031450191e-01,0.000000000000000000e+00,3.438177796492985827e+00,1.000000000000000000e+00
1.324000000000000000e+03,1.185752809331020785e+02,2.382637719107483321e+01,-2.669816354099146388e-02,7.004272206553391698e+02,1.003674695513889770e-02,0.000000000000000000e+00,1.077567681144965483e+01,1.000000000000000000e+00
1.324000000000000000e+03,1.281827591133493627e+02,3.521341527504743851e+01,-1.993970070854887006e-02,5.252626677986562527e+02,1.871820793790068826e-02,0.000000000000000000e+00,1.284924830406113294e+01,1.000000000000000000e+00
1.324000000000000000e+03,8.523580125769771598e+01,6.152326960863629957e+00,-6.677353294402896614e-03,1.815316727153748104e+02,1.010305709730714430e-01,0.000000000000000000e+00,9.637204052001766996e+00,1.000000000000000000e+00
1.324000000000000000e+03,8.726338426795730641e+01,1.557382413893601658e+01,-8.262211562305868742e-03,2.226077275404198588e+02,9.042990600775979715e-02,0.000000000000000000e+00,9.637204052001766996e+00,1.000000000000000000e+00
1.324000000000000000e+03,4.615517583120128364e+01,3.193437045982379274e+01,-6.866978736210343701e-03,1.864463488108040110e+02,8.856369681402687100e-02,0.000000000000000000e+00,6.985032614131813311e+00,1.000000000000000000e+00
1.325000000000000000e+03,3.722818075494024725e+01,4.854749059932021993e+01,5.376769285785361514e-03,-1.478233840156931933e+02,1.441394198042723618e-01,0.000000000000000000e+00,9.398026689999532834e+00,1.000000000000000000e+00
1.326000000000000000e+03,5.743966330864371628e+01,2.466905333330412731e+01,-8.846771800243184020e-03,2.377582484849997115e+02,9.076448988127139295e-02,0.000000000000000000e+00,3.671609377266013219e+00,1.000000000000000000e+00
1.326000000000000000e+03,9.818001668741808885e+01,2.378114455781629744e+01,-5.928638729028009799e-03,1.621266311678164129e+02,9.761144157367962482e-02,0.000000000000000000e+00,8.132569909969692645e+00,1.000000000000000000e+00
1.326000000000000000e+03,1.074473583355514847e+02,4.931319131802447409e+00,-3.381138234307037426e-03,9.610099839849272030e+01,3.172238790468162595e-01,0.000000000000000000e+00,2.100475041066725268e+01,1.000000000000000000e+00
1.326000000000000000e+03,5.104900150266298198e+01,1.968184142153644345e+01,6.984996455799900687e-03,-1.895051095961465251e+02,2.866959174155040424e-01,0.000000000000000000e+00,5.253652601490101048e+00,1.000000000000000000e+00
1.326000000000000000e+03,1.406966810859717896e+02,2.049734453044636950e+01,-8.756238026522866758e-03,2.354118113756583739e+02,9.573267944257402018e-02,0.000000000000000000e+00,1.564689977630519202e+01,1.000000000000000000e+00
1.326000000000000000e+03,2.260113315647410559e+01,3.866863504991165001e+01,3.560339812112195239e-03,-1.007455107714501565e+02,2.095076614130518822e-01,0.000000000000000000e+00,6.580276598835677504e+00,1.000000000000000000e+00
1.327000000000000000e+03,4.579926733908731507e+01,1.988471297925265802e+01,-7.619135923047808297e-03,2.059406155659425224e+02,2.144195325957013454e-01,0.000000000000000000e+00,5.253652601490101048e+00,1.000000000000000000e+00
1.327000000000000000e+03,3.343879730824394869e+01,2.474520774940881296e+01,-7.184854348791323148e-03,1.946849884130681119e+02,1.128789327085796268e-01,0.000000000000000000e+00,1.328177807351456785e+01,1.000000000000000000e+00
1.327000000000000000e+03,1.053814805807727311e+02,3.509896396961330112e+01,-3.469305499487139455e-02,9.076372951021738800e+02,9.143012248964743627e-03,0.000000000000000000e+00,7.009958972641985753e+00,1.000000000000000000e+00
1.328000000000000000e+03,1.184576465273783974e+01,4.649607405747455857e+01,-3.368824485939164032e-02,8.815948173301145516e+02,1.010600398122374344e-02,0.000000000000000000e+00,1.051022295895650771e+01,1.000000000000000000e+00
1.328000000000000000e+03,1.362052328891278705e+02,4.884624546354254448e+01,-8.105067393701726255e-03,2.185348948993277816e+02,7.718720610280427330e-02,0.000000000000000000e+00,6.256988739810943834e+00,1.000000000000000000e+00
1.328000000000000000e+03,1.407792482819393172e+02,4.850662605262056282e+00,-1.754261090138441647e-03,5.393590633893377628e+01,4.100803978679840034e-01,0.000000000000000000e+00,1.564689977630519202e+01,1.000000000000000000e+00
1.329000000000000000e+03,6.366068520927057506e+01,1.680952361709826803e+01,3.104670945491177884e-03,-8.893557184728577170e+01,3.438029601997503182e-01,0.000000000000000000e+00,7.308924269233909143e+00,1.000000000000000000e+00
1.329000000000000000e+03,4.213420546957283364e+01,5.986483918661229531e+00,-2.725054690618664878e-03,7.909675003374032087e+01,3.731893499472334064e-01,0.000000000000000000e+00,1.162352198691058369e+01,1.000000000000000000e+00
1.329000000000000000e+03,1.158068250263270755e+02,3.866876438231543744e+01,2.562900826661142651e-03,-7.489407706234257489e+01,2.643642728147673759e-01,0.000000000000000000e+00,1.101958628057238698e+01,1.000000000000000000e+00
1.330000000000000000e+03,1.192234933161370805e+02,2.271909202572038211e+01,-3.315909135892868009e-02,8.678803176577619070e+02,8.315496661780219512e-03,0.000000000000000000e+00,9.828768143461360296e+00,1.000000000000000000e+00
1.331000000000000000e+03,1.393396666786849103e+01,1.144442805542549735e+01,-7.464232954387995181e-03,2.019258699182754242e+02,8.054679810889975311e-02,0.000000000000000000e+00,1.776234138077890634e+01,1.000000000000000000e+00
1.331000000000000000e+03,5.767587692571607505e+01,2.100505025656724811e+01,6.461525943430509143e-03,-1.759379005271422614e+02,9.371126695340092905e-02,0.000000000000000000e+00,3.671609377266013219e+00,1.000000000000000000e+00
1.331000000000000000e+03,3.256822786986155904e+01,4.158476394996754522e+01,6.801128360337795227e-03,-1.847396513070773096e+02,2.334744537977501144e-01,0.000000000000000000e+00,7.690872787402650346e+00,1.000000000000000000e+00
1.331000000000000000e+03,5.724302245842779513e+01,4.324330848845536224e+01,-3.842705499938623565e-03,1.080638109051375721e+02,2.398281428890133293e-01,0.000000000000000000e+00,1.589566260722854807e+01,1.000000000000000000e+00
1.331000000000000000e+03,2.228079465617673449e+01,4.524110972558835897e+01,3.410656781983125146e-03,-9.686605449672858015e+01,3.102895241210457122e-01,0.000000000000000000e+00,6.580276598835677504e+00,1.000000000000000000e+00
1.331000000000000000e+03,1.008562357987240858e+02,4.724821991000288790e+01,-5.043277640463838737e-03,1.391800110502060477e+02,2.825183197483766007e-01,0.000000000000000000e+00,5.919448782730356129e+00,1.000000000000000000e+00
1.332000000000000000e+03,7.049050544438121335e+01,3.198208923026938066e+01,-6.908248314919122543e-03,1.875159658939084579e+02,1.239689918626341036e-01,0.000000000000000000e+00,7.465682800189963331e+00,1.000000000000000000e+00
1.333000000000000000e+03,1.319290756216712168e+02,5.341400061395270882e+01,4.199254068787204586e-03,-1.173047688244814850e+02,2.464229960387956941e-01,0.000000000000000000e+00,6.256988739810943834e+00,1.000000000000000000e+00
1.334000000000000000e+03,3.169284625168486613e+01,1.109376118382118293e+01,-3.324589953458193664e-02,8.701301954257676243e+02,9.458312940273216896e-03,0.000000000000000000e+00,1.162352198691058369e+01,1.000000000000000000e+00
1.334000000000000000e+03,1.407331469097216541e+02,1.740063570597839160e+01,-6.094887926296534142e-02,1.588130749283404157e+03,1.142997471923312691e-02,0.000000000000000000e+00,1.313566328480753143e+01,1.000000000000000000e+00
1.334000000000000000e+03,1.270878237598740554e+02,4.201114901156267223e+01,-8.048322556095137068e-03,2.170641930026524165e+02,1.855059216685959189e-01,0.000000000000000000e+00,6.917452070341959747e+00,1.000000000000000000e+00
1.334000000000000000e+03,8.784823450039463921e+01,3.597604696179676864e+01,-7.549365030615968683e-03,2.041323068605119886e+02,1.873903312264258991e-01,0.000000000000000000e+00,3.830060122957734681e+00,1.000000000000000000e+00
1.335000000000000000e+03,8.533933043727299150e+01,8.622604671897883932e+00,-3.504993462266676324e-02,9.168868333442657104e+02,7.017709168960828414e-03,0.000000000000000000e+00,8.177564686212720702e+00,1.000000000000000000e+00
1.335000000000000000e+03,1.275650628634058705e+02,2.791744760282347571e+01,8.305590892217964288e-03,-2.237320247535079716e+02,2.304649964546067187e-01,0.000000000000000000e+00,7.274326910476686336e+00,1.000000000000000000e+00
1.335000000000000000e+03,1.281175279514422130e+02,3.517076507326321178e+01,1.864673450208911842e-02,-4.917518158448443160e+02,3.752449391548839941e-02,0.000000000000000000e+00,4.487671198930310190e+00,1.000000000000000000e+00
1.335000000000000000e+03,9.659794763398960527e+01,3.006601473839801741e+01,-5.156490166190030866e-02,1.344918604560605445e+03,9.247856012481459054e-03,0.000000000000000000e+00,7.597824218611532565e+00,1.000000000000000000e+00
1.335000000000000000e+03,7.785807280486858417e+01,3.318847675579068124e+01,-6.943537509056983692e-03,1.884305845083896145e+02,2.225650080878128767e-01,0.000000000000000000e+00,7.058959056149009648e+00,1.000000000000000000e+00
1.336000000000000000e+03,1.026110026900130805e+02,4.159484330406163366e+01,-8.404998041455571944e-03,2.263084403199852090e+02,7.944399568639248788e-02,0.000000000000000000e+00,5.919448782730356129e+00,1.000000000000000000e+00
1.336000000000000000e+03,5.411870830693167989e+01,1.509200082671324772e+01,-7.524418948011296800e-03,2.034857590413839716e+02,1.020929327888774329e-01,0.000000000000000000e+00,6.900550857892520540e+00,1.000000000000000000e+00
1.336000000000000000e+03,4.534703689380567226e+01,1.889217823396694484e+01,-8.090588344689470662e-03,2.181596296638888646e+02,1.618566007932140671e-01,0.000000000000000000e+00,7.002917864994175901e+00,1.000000000000000000e+00
1.337000000000000000e+03,1.090137134261138669e+02,2.344259489380387507e+01,-7.928926265704901860e-03,2.139697026817825645e+02,4.288815851184069050e-02,0.000000000000000000e+00,1.407199099781713514e+01,1.000000000000000000e+00
1.338000000000000000e+03,8.406226294823925116e+01,3.655551219090127546e+01,-7.758133082192808505e-03,2.095431174711255835e+02,1.482561345156641064e-01,0.000000000000000000e+00,3.830060122957734681e+00,1.000000000000000000e+00
1.338000000000000000e+03,1.336683113191724601e+02,6.326623424499287829e+00,-8.335167792358941577e-03,2.244985932198183036e+02,1.738700759223608117e-01,0.000000000000000000e+00,1.313566328480753143e+01,1.000000000000000000e+00
1.338000000000000000e+03,6.332925333012617131e+01,3.533881101397582825e+01,-6.366197423138707755e-03,1.734671940890974327e+02,2.379516552457049405e-01,0.000000000000000000e+00,8.864865113007994069e+00,1.000000000000000000e+00
1.339000000000000000e+03,4.980924625476015422e+01,2.428935770503002800e+01,-9.128417844860915384e-03,2.450578970430266565e+02,1.197449058877197992e-01,0.000000000000000000e+00,7.002917864994175901e+00,1.000000000000000000e+00
1.339000000000000000e+03,1.572987881637422447e+01,2.981768510081505497e+01,-4.692166102895569020e-03,1.300799690723557660e+02,2.212413957262071573e-01,0.000000000000000000e+00,3.146660228569996942e+00,1.000000000000000000e+00
1.339000000000000000e+03,9.423753517170713678e+01,1.655346994151866014e+01,2.969320819453834335e-03,-8.542759305177933982e+01,4.532576111988971812e-01,0.000000000000000000e+00,6.316701509142348847e+00,1.000000000000000000e+00
1.339000000000000000e+03,3.502625440789052647e+01,4.278669979411544233e+01,5.949678041510331541e-03,-1.626719240627757586e+02,3.825355807483185044e-01,0.000000000000000000e+00,4.989738044445888754e+00,1.000000000000000000e+00
1.340000000000000000e+03,8.224843464933263704e+01,1.619353112942512141e+01,4.237576588919459049e-03,-1.182980046045296518e+02,1.796254415924568582e-01,0.000000000000000000e+00,3.842568557277926011e+00,1.000000000000000000e+00
1.340000000000000000e+03,3.139226418388559736e+01,2.247576331872162214e+01,-8.329422281076671875e-03,2.243496821523695530e+02,1.299519335249150753e-01,0.000000000000000000e+00,6.054766270049237953e+00,1.000000000000000000e+00
1.340000000000000000e+03,3.418098614175357852e+01,3.786907767458932739e+01,-8.105297456617427052e-03,2.185408576261721407e+02,2.953309504713331757e-01,0.000000000000000000e+00,4.989738044445888754e+00,1.000000000000000000e+00
1.340000000000000000e+03,5.734310968785764118e+01,2.880031594508158932e+01,-8.145507354605127995e-03,2.195830101061145285e+02,9.873686951262738987e-02,0.000000000000000000e+00,8.781107132477803390e+00,1.000000000000000000e+00
1.341000000000000000e+03,6.409751611461278742e+01,1.055449064228589151e+01,-2.761460532994563372e-02,7.241793844477853099e+02,1.197677153408382988e-02,0.000000000000000000e+00,1.096200729503586047e+01,1.000000000000000000e+00
1.341000000000000000e+03,2.510870732698946384e+01,2.661853292103620205e+01,-7.480511301382784632e-03,2.023477690162331442e+02,1.212380606665152127e-01,0.000000000000000000e+00,7.526328902706027613e+00,1.000000000000000000e+00
1.341000000000000000e+03,3.790433785239084585e+01,1.018844816601583148e+01,2.097851525216251969e-03,-6.284101781448008950e+01,3.137361686210253797e-01,0.000000000000000000e+00,6.827779058463081974e+00,1.000000000000000000e+00
1.341000000000000000e+03,9.018819525035385709e+01,2.768900755303604555e+01,-7.863478411318888806e-03,2.122734376533024090e+02,1.652222782489400910e-01,0.000000000000000000e+00,9.119809042421779921e+00,1.000000000000000000e+00
1.341000000000000000e+03,4.990223629644587078e+01,3.411281476256674949e+01,-4.019618825301542360e-03,1.126490167869881844e+02,3.423395338413764977e-01,0.000000000000000000e+00,9.142715160869933300e+00,1.000000000000000000e+00
1.343000000000000000e+03,1.389752578575117958e+01,2.725956998119460906e+01,3.593942271357916749e-03,-1.016164129121569601e+02,2.094202780771554639e-01,0.000000000000000000e+00,3.146660228569996942e+00,1.000000000000000000e+00
1.344000000000000000e+03,8.023897147291351928e+01,1.946880071527550626e+01,-7.977095735906750487e-03,2.152181498388412990e+02,7.694247338454363039e-02,0.000000000000000000e+00,3.842568557277926011e+00,1.000000000000000000e+00
1.344000000000000000e+03,1.135322490029344777e+02,2.524466470166477805e+01,-3.028062696877312568e-02,7.932768256632283510e+02,3.503805152871342088e-02,0.000000000000000000e+00,3.868347752204659873e+00,1.000000000000000000e+00
1.344000000000000000e+03,9.729792603162697162e+01,3.349183595980100137e+01,-8.858087206638864605e-03,2.380515190334706688e+02,1.736176872655976755e-01,0.000000000000000000e+00,5.617255800780913688e+00,1.000000000000000000e+00
1.344000000000000000e+03,9.643514910751331115e+01,1.063137479328339019e+01,1.489323573442353534e-02,-3.944693494635605475e+02,2.038582942400910536e-01,0.000000000000000000e+00,6.316701509142348847e+00,1.000000000000000000e+00
1.344000000000000000e+03,1.636303493544350474e+01,1.557334323255660991e+01,-5.010225152084314855e-03,1.383233629496929780e+02,1.303922970884436872e-01,0.000000000000000000e+00,1.101935508922311691e+01,1.000000000000000000e+00
1.344000000000000000e+03,2.705109642267922965e+01,1.825504571930935427e+01,-6.051013347702823182e-03,1.652983132340820021e+02,2.913001840327842373e-01,0.000000000000000000e+00,6.054766270049237953e+00,1.000000000000000000e+00
1.345000000000000000e+03,3.201671990587290395e+01,4.769047062469840625e+01,7.641369781599795588e-03,-2.065168684784898403e+02,4.101512870986023795e-02,0.000000000000000000e+00,1.005702778261179020e+01,1.000000000000000000e+00
1.345000000000000000e+03,7.990888208256551195e+01,4.953756347949951078e+01,-7.841464098024268636e-03,2.117028748729333927e+02,5.739709902825107513e-02,0.000000000000000000e+00,1.523442107477010765e+01,1.000000000000000000e+00
1.345000000000000000e+03,4.139411315721419982e+01,2.159915210394464680e+01,-6.806763374011345728e-03,1.848856985185424264e+02,5.685017873913911224e-02,0.000000000000000000e+00,6.892247830539764308e+00,1.000000000000000000e+00
1.345000000000000000e+03,1.333023869341283500e+02,4.364173855734488683e+01,1.036413184538167304e-02,-2.770848972243286426e+02,6.110793118839563665e-02,0.000000000000000000e+00,3.726080784531415446e+00,1.000000000000000000e+00
1.345000000000000000e+03,1.018793042672780729e+02,3.706946549534065127e+01,-7.273311646130612741e-03,1.969776078029342159e+02,3.431715933014704012e-01,0.000000000000000000e+00,5.812784154917783219e+00,1.000000000000000000e+00
1.346000000000000000e+03,5.980911925031161047e+01,4.657066900492712591e+01,-1.244611295777134884e-02,3.310452872788809486e+02,4.058915519556527407e-02,0.000000000000000000e+00,1.173781263420041476e+01,1.000000000000000000e+00
1.346000000000000000e+03,7.594456436242508346e+01,3.482798257122139063e+01,-2.788405870506504083e-02,7.311630257192808813e+02,4.002193943976195545e-02,0.000000000000000000e+00,8.421955587179496661e+00,1.000000000000000000e+00
1.346000000000000000e+03,6.332439144330085412e+01,3.537160177391223925e+01,7.514112390831811233e-03,-2.032186356548100150e+02,1.064076011020140822e-01,0.000000000000000000e+00,1.170395888956635666e+01,1.000000000000000000e+00
1.346000000000000000e+03,3.385012948718892289e+01,4.694636974983347422e+00,-7.874134203432645376e-03,2.125496124444073018e+02,1.462402777380097385e-01,0.000000000000000000e+00,6.827779058463081974e+00,1.000000000000000000e+00
1.346000000000000000e+03,1.342089774530892612e+02,1.908645880390055183e+01,3.296866510661094433e-03,-9.391685991066314898e+01,3.275236042437800199e-01,0.000000000000000000e+00,2.138985486689635707e+01,1.000000000000000000e+00
1.346000000000000000e+03,8.615404719806500466e+00,2.770517519375324866e+01,-3.982379412408317866e-03,1.116838527741338680e+02,2.249941370896958448e-01,0.000000000000000000e+00,5.300883601887140806e+00,1.000000000000000000e+00
1.347000000000000000e+03,3.074740145633951371e+01,1.213675903084226526e+01,7.026362153232062861e-03,-1.905772178660222380e+02,2.644450770013370144e-01,0.000000000000000000e+00,7.148153810889629867e+00,1.000000000000000000e+00
1.347000000000000000e+03,3.472499817487592821e+01,2.333868810815130956e+01,3.739436217789474885e-03,-1.053872973132223620e+02,3.112223918287851943e-01,0.000000000000000000e+00,6.892247830539764308e+00,1.000000000000000000e+00
1.348000000000000000e+03,1.095703055931648180e+02,4.349272280298479387e+01,-6.492060858293215164e-02,1.691069273567383561e+03,6.039298016205840725e-03,0.000000000000000000e+00,1.002046584920060290e+01,1.000000000000000000e+00
1.349000000000000000e+03,4.529239201461739839e+01,3.104985882284638876e+01,-7.494604199314390709e-03,2.027130260614882502e+02,9.652167193793237399e-02,0.000000000000000000e+00,3.505171170790929214e+00,1.000000000000000000e+00
1.350000000000000000e+03,4.757776490645549927e+01,5.114789171822955183e+01,-8.482013185915977110e-03,2.283045041701616640e+02,5.837983441251104466e-02,0.000000000000000000e+00,1.305974719709915988e+01,1.000000000000000000e+00
1.350000000000000000e+03,7.663887882570804777e+01,6.351368169847496858e+00,-4.192735099683357440e-03,1.171358114244821138e+02,3.709414922518803337e-01,0.000000000000000000e+00,4.441111954968443243e+00,1.000000000000000000e+00
1.350000000000000000e+03,1.619180233446950368e+01,8.261902699839787090e+00,-1.966849591175559575e-03,5.944573463123215618e+01,3.476444712940504056e-01,0.000000000000000000e+00,7.327839072530889730e+00,1.000000000000000000e+00
1.351000000000000000e+03,9.504173430447129078e+01,2.463797651481445072e+01,-6.299766658881413017e-02,1.641230829098600907e+03,5.708017769635920224e-03,0.000000000000000000e+00,1.755609515605424775e+01,1.000000000000000000e+00
1.351000000000000000e+03,3.804416212792577312e+01,3.375797522775776116e+01,-7.931786502965550850e-03,2.140438337665050597e+02,7.229743348829975602e-02,0.000000000000000000e+00,7.737617912050180458e+00,1.000000000000000000e+00
1.351000000000000000e+03,7.257216783163387674e+01,4.254525395115428665e+01,-4.137027391917338578e-03,1.156919896615415553e+02,2.320696964662468664e-01,0.000000000000000000e+00,8.421955587179496661e+00,1.000000000000000000e+00
1.353000000000000000e+03,4.377775673640355336e+01,7.291390283002562533e+00,1.050926422824660644e-02,-2.808464106897171746e+02,2.959353753375849605e-01,0.000000000000000000e+00,1.211734590260635791e+01,1.000000000000000000e+00
1.353000000000000000e+03,1.043114435626400223e+02,9.728618131656162404e+00,-7.890506676889537732e-03,2.129739510940877665e+02,3.565830189629203284e-01,0.000000000000000000e+00,7.711566930664004893e+00,1.000000000000000000e+00
1.355000000000000000e+03,3.188150119876515376e+01,4.987225378613383775e+00,3.849242362899001763e-03,-1.082332320747034657e+02,2.666523038532444545e-01,0.000000000000000000e+00,4.898012102369778020e+00,1.000000000000000000e+00
1.355000000000000000e+03,2.547404321411048400e+01,2.644959393854461638e+01,-5.031760779200205799e-03,1.388815192328251840e+02,1.482184184904389301e-01,0.000000000000000000e+00,1.102922345672466875e+01,1.000000000000000000e+00
1.355000000000000000e+03,1.241526760185619054e+02,4.280416947459898580e+01,-7.557478559766427940e-03,2.043425917641897058e+02,5.324549882555829061e-02,0.000000000000000000e+00,3.128512754406315466e+01,1.000000000000000000e+00
1.355000000000000000e+03,8.100652845511339706e+01,5.546935381282199096e+00,-3.616703374573535575e-03,1.022063308515070617e+02,2.878072759627687827e-01,0.000000000000000000e+00,4.441111954968443243e+00,1.000000000000000000e+00
1.355000000000000000e+03,7.851230187905484570e+01,1.225118126971197086e+01,-5.090364930895274059e-03,1.404004104780259468e+02,1.363681718210402183e-01,0.000000000000000000e+00,6.190113775218004655e+00,1.000000000000000000e+00
1.356000000000000000e+03,1.246384275551402823e+02,9.902415612126022282e+00,3.336225721916104541e-03,-9.493696445384132687e+01,3.515733721058832417e-01,0.000000000000000000e+00,9.770916816775159219e+00,1.000000000000000000e+00
1.357000000000000000e+03,4.159649871037093050e+01,4.257579110606772588e+01,-3.838597551655947501e-03,1.079573418837146477e+02,2.448005449648785747e-01,0.000000000000000000e+00,8.631210315107557207e+00,1.000000000000000000e+00
1.357000000000000000e+03,1.340064425917404094e+02,7.125527116998151556e+00,-3.108952649650269240e-03,8.904654424042990968e+01,4.409600134540730965e-01,0.000000000000000000e+00,6.452429988625141277e+00,1.000000000000000000e+00
1.357000000000000000e+03,1.393643350186151224e+02,1.072091882029664411e+01,-3.688155919092394892e-03,1.040582242955366610e+02,3.147991391062872069e-01,0.000000000000000000e+00,4.575525946677577060e+00,1.000000000000000000e+00
1.359000000000000000e+03,1.107302493952146136e+02,1.138764144267036471e+01,-2.525604256997551755e-02,6.630506039133399554e+02,4.782717498646782417e-02,0.000000000000000000e+00,1.398725546688661403e+01,1.000000000000000000e+00
1.359000000000000000e+03,5.914102622228811867e+01,2.284207711024534504e+01,-7.649867843192556006e-03,2.067371196207908213e+02,1.117723254178749626e-01,0.000000000000000000e+00,1.155971446761315136e+01,1.000000000000000000e+00
1.359000000000000000e+03,4.437513839780076808e+01,2.805184959726062033e+01,-4.774295933462164784e-03,1.322085943831786210e+02,1.451980398295860120e-01,0.000000000000000000e+00,1.422403512707447959e+01,1.000000000000000000e+00
1.359000000000000000e+03,3.425116284682555801e+01,3.804326062571425382e+01,7.749176369936137260e-03,-2.093109791082459878e+02,1.096693253646027211e-01,0.000000000000000000e+00,8.631210315107557207e+00,1.000000000000000000e+00
1.359000000000000000e+03,2.094705903962886850e+01,3.948925878692509883e+01,-3.031076001212495985e-03,8.702815209420136000e+01,3.821351348260517700e-01,0.000000000000000000e+00,1.072503381153152269e+01,1.000000000000000000e+00
1.360000000000000000e+03,3.529951933322629287e+01,8.495454930318290465e+00,3.089986970930710692e-03,-8.855499539050683211e+01,3.873636309914549880e-01,0.000000000000000000e+00,4.898012102369778020e+00,1.000000000000000000e+00
1.360000000000000000e+03,1.360409119404996545e+02,1.386580303637984457e+01,3.860147547978462490e-03,-1.085158705852081908e+02,2.393612664837645454e-01,0.000000000000000000e+00,4.575525946677577060e+00,1.000000000000000000e+00
1.360000000000000000e+03,9.270401955355328028e+01,3.678942476070708523e+01,3.252513014080766780e-03,-9.276731443135248867e+01,3.894989061717250012e-01,0.000000000000000000e+00,1.129756874158707269e+01,1.000000000000000000e+00
1.360000000000000000e+03,1.051420393220514526e+01,4.731748624355076771e+01,2.866766327597204331e-03,-8.276960525856711115e+01,3.207777191260684502e-01,0.000000000000000000e+00,4.988641814968612920e+00,1.000000000000000000e+00
1.360000000000000000e+03,7.751932816819930849e+01,5.301048521791153689e+01,-3.045764332428520585e-02,7.978647018608676262e+02,8.478688305729087382e-02,0.000000000000000000e+00,1.776138408078305631e+01,1.000000000000000000e+00
1.361000000000000000e+03,7.602265856488171991e+00,8.249828705247896465e+00,-8.667846829094980055e-03,2.331209051507103425e+02,7.617408422569194038e-02,0.000000000000000000e+00,1.666000931249710604e+01,1.000000000000000000e+00
1.361000000000000000e+03,5.323495158883622480e+01,1.244805004024514439e+01,-8.119007856722874200e-03,2.188962011655978017e+02,1.227771152691679024e-01,0.000000000000000000e+00,4.873297570811453205e+00,1.000000000000000000e+00
1.361000000000000000e+03,1.356529613431978873e+02,2.533917382479545921e+01,-4.234990105213536776e-03,1.182309686123149390e+02,1.305615214749206165e-01,0.000000000000000000e+00,1.147992782705603787e+01,1.000000000000000000e+00
1.362000000000000000e+03,8.498885556937190700e+01,2.853646746237602372e+01,-2.706122003763504133e-02,7.098368498081420057e+02,1.543613155807010973e-02,0.000000000000000000e+00,1.129756874158707269e+01,1.000000000000000000e+00
1.363000000000000000e+03,8.440113608478273477e+01,1.450505089585491625e+01,-6.021907459450710071e-02,1.569215810843621966e+03,1.165720223664334920e-02,0.000000000000000000e+00,4.000333836683871880e+00,1.000000000000000000e+00
1.363000000000000000e+03,7.118172415126450403e+01,3.299220137131669617e+01,4.778836444210459063e-03,-1.323262744762240573e+02,2.394530209096350504e-01,0.000000000000000000e+00,1.346666697190968875e+01,1.000000000000000000e+00
1.363000000000000000e+03,2.700880345584542042e+01,4.833694802711441696e+01,4.552043416116442059e-03,-1.264482959562557767e+02,2.135972982834102307e-01,0.000000000000000000e+00,5.243573756520199858e+00,1.000000000000000000e+00
1.363000000000000000e+03,4.369998143827721293e+01,9.310725472633185618e+00,-2.409877187223727346e-03,7.092803951163080001e+01,4.926011091341407910e-01,0.000000000000000000e+00,8.439930665329127280e+00,1.000000000000000000e+00
1.363000000000000000e+03,5.784438435631835773e+01,3.653875788472372221e+01,4.581305643257574736e-03,-1.272067087876709763e+02,3.038500471135285874e-01,0.000000000000000000e+00,9.916464138363304315e+00,1.000000000000000000e+00
1.363000000000000000e+03,3.633787976437872658e+01,5.115328376624224660e+01,2.085365309001365342e-03,-6.251740244004116676e+01,4.341774934369031502e-01,0.000000000000000000e+00,5.720717875873595482e+00,1.000000000000000000e+00
1.364000000000000000e+03,5.259355448372549802e+01,7.617145469956843939e+00,-7.036438907284853911e-03,1.908383852589138598e+02,1.982177393748185690e-01,0.000000000000000000e+00,4.873297570811453205e+00,1.000000000000000000e+00
1.364000000000000000e+03,1.278362072828993519e+02,4.183952830100083986e+01,-4.048636240413230197e-02,1.057787133469745186e+03,5.617042379067238578e-03,0.000000000000000000e+00,1.177811376397573184e+01,1.000000000000000000e+00
1.364000000000000000e+03,9.504554706827684640e+01,5.012978816135408522e+01,-5.090113304165266167e-03,1.403938888643482130e+02,9.502240937865624737e-02,0.000000000000000000e+00,1.354429941944320426e+01,1.000000000000000000e+00
1.365000000000000000e+03,1.135480106336787713e+02,3.074176130754175773e+01,-7.890676057019473458e-03,2.129783410560448829e+02,1.255282818439297232e-01,0.000000000000000000e+00,6.365988806391689181e+00,1.000000000000000000e+00
1.366000000000000000e+03,6.537981897792391806e+01,7.483917454125370128e+00,-7.877629765340064469e-03,2.126402097523567818e+02,5.433319099815103748e-02,0.000000000000000000e+00,1.041771197842260577e+01,1.000000000000000000e+00
1.366000000000000000e+03,5.782916345288145976e+01,1.466140475871293347e+01,-8.932832140025612558e-03,2.399887439852960540e+02,7.134250778552897465e-02,0.000000000000000000e+00,5.099580547603657088e+00,1.000000000000000000e+00
1.367000000000000000e+03,2.256896424957098546e+01,8.746440666085801396e+00,-7.468326710956209660e-03,2.020319711215450695e+02,1.800703262593610354e-01,0.000000000000000000e+00,1.287314199968137807e+01,1.000000000000000000e+00
1.367000000000000000e+03,1.394138481546884520e+02,5.022050826240693056e+01,-9.623079484762292468e-03,2.578784432407132954e+02,9.375717197106581136e-02,0.000000000000000000e+00,1.429274617663141278e+01,1.000000000000000000e+00
1.367000000000000000e+03,1.240503217856104072e+02,1.819435027481602418e+01,-3.802457044015562868e-03,1.070206590879680846e+02,2.574734377138334640e-01,0.000000000000000000e+00,5.162702683325613329e+00,1.000000000000000000e+00
1.367000000000000000e+03,6.025554120792551061e+01,4.615762391167270806e+01,-7.828169381732709084e-03,2.113583049474484596e+02,5.827491576008470009e-02,0.000000000000000000e+00,6.668304611095737577e+00,1.000000000000000000e+00
1.367000000000000000e+03,7.458411521390576127e+01,5.185516239648121228e+01,-8.698784698312174782e-03,2.339227469544049143e+02,7.776882819949482162e-02,0.000000000000000000e+00,1.541979175704804739e+01,1.000000000000000000e+00
1.367000000000000000e+03,1.341314786601588196e+02,1.602253545794945211e+01,-3.587447380900398580e-03,1.014480795779284961e+02,4.911691309701774477e-01,0.000000000000000000e+00,6.097832649775978275e+00,1.000000000000000000e+00
1.367000000000000000e+03,6.238638483416909075e+00,2.463926296217454137e+01,-7.406216259795947096e-03,2.004222042744168846e+02,1.023794547481416961e-01,0.000000000000000000e+00,1.047572352830661124e+01,1.000000000000000000e+00
1.368000000000000000e+03,3.069109215423825532e+01,5.207001857048160076e+01,-5.428283894282260116e-03,1.491585298301571925e+02,2.472621520069614443e-01,0.000000000000000000e+00,5.243573756520199858e+00,1.000000000000000000e+00
1.368000000000000000e+03,1.387412992273879695e+02,1.094303102365620362e+01,-8.220254551029981815e-03,2.215202937109306447e+02,7.545104042266370659e-02,0.000000000000000000e+00,6.859432262225034549e+00,1.000000000000000000e+00
1.368000000000000000e+03,1.406909745101793590e+02,1.942570087376106613e+01,-6.066586764978692051e-03,1.657019420978057553e+02,1.723028153305572463e-01,0.000000000000000000e+00,7.389757821052928222e+00,1.000000000000000000e+00
1.368000000000000000e+03,1.552343593596705063e+01,4.866412521361369414e+01,-3.736911104839544390e-02,9.769948063671350837e+02,8.481669779217493321e-03,0.000000000000000000e+00,3.648657165071291786e+00,1.000000000000000000e+00
1.368000000000000000e+03,3.528257546368876518e+01,6.726075639606849066e+00,3.285663754497196356e-03,-9.362650900945052967e+01,2.183070553054854424e-01,0.000000000000000000e+00,8.565977554719218290e+00,1.000000000000000000e+00
1.368000000000000000e+03,8.776671067006550686e+01,3.268023894116078765e+01,2.155799317125615608e-03,-6.434289765172812281e+01,2.890540702117814220e-01,0.000000000000000000e+00,1.483014134870401435e+01,1.000000000000000000e+00
1.369000000000000000e+03,4.456179548972861681e+01,1.782949841883559117e+01,-3.626196493513039742e-02,9.483000042079589775e+02,2.180811283874539708e-02,0.000000000000000000e+00,3.982112088794094173e+00,1.000000000000000000e+00
1.369000000000000000e+03,1.189517114898365975e+02,3.410714843835798149e+01,-3.664311832185191374e-03,1.034402377910719082e+02,1.871053931327814057e-01,0.000000000000000000e+00,6.365988806391689181e+00,1.000000000000000000e+00
1.369000000000000000e+03,3.236522227563970944e+01,3.442207803912569375e+01,-8.674011014929875613e-03,2.332806673454969939e+02,9.241619466687589490e-02,0.000000000000000000e+00,7.343254913498680203e+00,1.000000000000000000e+00
1.370000000000000000e+03,4.374346836850638454e+01,5.388442385997959327e+00,-9.095929202257511947e-03,2.442158625899809294e+02,7.102135721382341060e-02,0.000000000000000000e+00,8.565977554719218290e+00,1.000000000000000000e+00
1.370000000000000000e+03,9.346035074919554120e+01,9.938803060083229113e+00,4.263170122147792035e-03,-1.189613329256448395e+02,2.037296591436579263e-01,0.000000000000000000e+00,1.340429874040836644e+01,1.000000000000000000e+00
1.371000000000000000e+03,5.959162102959567875e+01,2.337488582692027705e+01,8.927808014603777140e-03,-2.398585296592236773e+02,1.802724709801984959e-01,0.000000000000000000e+00,4.405179424079372907e+00,1.000000000000000000e+00
1.371000000000000000e+03,8.384419698386404107e+00,3.613995620857045310e+01,2.639132801229812728e-03,-7.686984286438325853e+01,3.031211281183489037e-01,0.000000000000000000e+00,7.778532480388690828e+00,1.000000000000000000e+00
1.371000000000000000e+03,3.800884188874663749e+01,3.912026390041059187e+01,-7.167569613132101884e-03,1.942370059253255192e+02,1.591730308294542207e-01,0.000000000000000000e+00,7.343254913498680203e+00,1.000000000000000000e+00
1.371000000000000000e+03,5.418991246260009831e+01,4.338734697420910180e+01,3.128472306794926033e-03,-8.955245099769527428e+01,2.852795939306811412e-01,0.000000000000000000e+00,6.668304611095737577e+00,1.000000000000000000e+00
1.372000000000000000e+03,1.281175374817230193e+02,1.501453023624266336e+01,-1.789895286896847973e-03,5.485946666564454688e+01,4.671915149124670208e-01,0.000000000000000000e+00,5.162702683325613329e+00,1.000000000000000000e+00
1.372000000000000000e+03,7.520644720836577335e+01,2.479526118626311515e+01,-4.530577734867176701e-03,1.258919525167768398e+02,2.717570587087306810e-01,0.000000000000000000e+00,9.458103606870871261e+00,1.000000000000000000e+00
1.372000000000000000e+03,1.026175904049258918e+02,2.606382550168287793e+01,6.164365297021401173e-03,-1.682361474739199707e+02,1.166103620410494646e-01,0.000000000000000000e+00,1.062691270123058196e+01,1.000000000000000000e+00
1.372000000000000000e+03,1.439928549205514940e+01,3.120771969430884596e+01,2.151703695417549102e-03,-6.423674810811891689e+01,4.615513749522847098e-01,0.000000000000000000e+00,7.778532480388690828e+00,1.000000000000000000e+00
1.372000000000000000e+03,1.051765745788726463e+02,4.290034773958119985e+01,1.787655604754396273e-03,-5.480141901031966967e+01,4.995377450945840403e-01,0.000000000000000000e+00,6.841344078611518498e+00,1.000000000000000000e+00
1.373000000000000000e+03,6.177564400304751757e+01,1.483856170271073438e+01,-3.508255752671875401e-03,9.939560603585997001e+01,2.394060518658478465e-01,0.000000000000000000e+00,8.811287414568159448e+00,1.000000000000000000e+00
1.373000000000000000e+03,6.264538870784615909e+01,3.371532369347854541e+01,-8.480708156311786428e-03,2.282706806613623769e+02,1.073449662956501571e-01,0.000000000000000000e+00,5.571534664853939667e+00,1.000000000000000000e+00
1.374000000000000000e+03,5.548157163256050950e+01,2.496016173737344346e+01,-2.913627989711481403e-03,8.398415689462333944e+01,3.659482177258350788e-01,0.000000000000000000e+00,4.405179424079372907e+00,1.000000000000000000e+00
1.374000000000000000e+03,4.586784600424172709e+01,4.065467277583241668e+01,-7.282435469820216015e-03,1.972140773281139445e+02,1.463207379922051299e-01,0.000000000000000000e+00,7.236510661288315660e+00,1.000000000000000000e+00
1.374000000000000000e+03,1.092420171351502205e+02,1.263013530220160341e+01,3.619355144608293971e-03,-1.022750589223617794e+02,1.802419511473566383e-01,0.000000000000000000e+00,1.497821958310632695e+01,1.000000000000000000e+00
1.374000000000000000e+03,4.074131795570936987e+01,1.670648101034439748e+01,4.402396280798822822e-03,-1.225697699964228775e+02,2.213091190259088847e-01,0.000000000000000000e+00,3.982112088794094173e+00,1.000000000000000000e+00
1.374000000000000000e+03,9.213447804380511741e+01,2.432151990745071046e+01,-7.199746023313912356e-03,1.950709479979185232e+02,1.958132005306946199e-01,0.000000000000000000e+00,6.256690797509303792e+00,1.000000000000000000e+00
1.374000000000000000e+03,6.917722423461034964e+01,3.521596394550861220e+01,-4.615043803657457519e-03,1.280811280050533867e+02,2.544954860296232413e-01,0.000000000000000000e+00,6.701999441563069482e+00,1.000000000000000000e+00
1.375000000000000000e+03,1.242208781423430395e+02,2.270034859685036821e+01,3.798439476119226318e-03,-1.069165325281895917e+02,2.333775888311186986e-01,0.000000000000000000e+00,4.432318971453018008e+00,1.000000000000000000e+00
1.375000000000000000e+03,1.299182233652798573e+02,3.004527221768443823e+01,-3.230975613603451115e-03,9.220911218657653308e+01,4.038756663211188203e-01,0.000000000000000000e+00,4.019008731911878129e+00,1.000000000000000000e+00
1.375000000000000000e+03,1.001267879707078094e+02,4.751593481101122052e+01,4.013334336126652899e-03,-1.124861365931417510e+02,2.858502793599889680e-01,0.000000000000000000e+00,6.841344078611518498e+00,1.000000000000000000e+00
1.375000000000000000e+03,1.239307132889578043e+02,6.824197485790053364e+00,-8.627009931379206117e-03,2.320625022111986766e+02,1.281263727319329471e-01,0.000000000000000000e+00,8.298555193842584998e+00,1.000000000000000000e+00
1.375000000000000000e+03,8.042499713340757239e+01,6.815538608667553788e+00,3.277079219521310000e-03,-9.340401666647048273e+01,2.228064668029829942e-01,0.000000000000000000e+00,9.805390787518719620e+00,1.000000000000000000e+00
1.375000000000000000e+03,1.322090583415614446e+02,7.403007899729343144e+00,4.890694949767865167e-03,-1.352254019250167971e+02,2.807394802480146501e-01,0.000000000000000000e+00,8.298555193842584998e+00,1.000000000000000000e+00
1.375000000000000000e+03,7.558801370788813756e+01,1.534485744648850059e+01,3.475756506199703666e-03,-9.855329675376250975e+01,1.883424006144479579e-01,0.000000000000000000e+00,9.458103606870871261e+00,1.000000000000000000e+00
1.376000000000000000e+03,8.642370220137483727e+01,2.176550366862273123e+01,-8.339261616794829343e-03,2.246046961820694037e+02,7.672747841585347839e-02,0.000000000000000000e+00,6.256690797509303792e+00,1.000000000000000000e+00
1.376000000000000000e+03,1.438946056603815578e+02,1.674894584629809557e+01,3.406141522511811279e-03,-9.674902886147199865e+01,2.504301175569394466e-01,0.000000000000000000e+00,8.154737415796464717e+00,1.000000000000000000e+00
1.376000000000000000e+03,1.274818494251779271e+02,3.324160030021540990e+01,3.491700784461792325e-03,-9.896653752191390652e+01,2.869329168932684970e-01,0.000000000000000000e+00,4.019008731911878129e+00,1.000000000000000000e+00
1.377000000000000000e+03,9.024301009008627972e+00,1.087553040351234834e+01,-1.030307138848472054e-02,2.755023439285943709e+02,4.392035379337733136e-02,0.000000000000000000e+00,1.825966299020696226e+01,1.000000000000000000e+00
1.377000000000000000e+03,4.027465022815923135e+01,4.524632254049787861e+01,-7.823689553223248452e-03,2.112421976051150239e+02,1.603084186519344589e-01,0.000000000000000000e+00,7.236510661288315660e+00,1.000000000000000000e+00
1.377000000000000000e+03,7.054550844337721571e+01,4.726516060243615414e+01,-1.248666164609598707e-02,3.320962204622692298e+02,5.468675411962831134e-02,0.000000000000000000e+00,8.133841112146516394e+00,1.000000000000000000e+00
1.377000000000000000e+03,5.613079178126511692e+01,4.772048227368291151e+01,-4.047757912583415871e-03,1.133783202933807956e+02,1.515784752875387609e-01,0.000000000000000000e+00,1.090831495468437673e+01,1.000000000000000000e+00
1.378000000000000000e+03,1.071125193118825791e+02,4.094387250963818303e+01,-2.878378160097705418e-02,7.544818724251952062e+02,1.293853877544515196e-02,0.000000000000000000e+00,9.591269220713185106e+00,1.000000000000000000e+00
1.378000000000000000e+03,1.840136874796676381e+01,3.325703782043418499e+01,-6.203083670311589082e-02,1.616172716208808879e+03,4.110164066970178887e-03,0.000000000000000000e+00,1.185299909521054751e+01,1.000000000000000000e+00
1.379000000000000000e+03,1.349363359463552001e+02,3.858289552115802934e+01,-7.293956750827031502e-03,1.975126836955570582e+02,7.301448419058820249e-02,0.000000000000000000e+00,9.170540002185155970e+00,1.000000000000000000e+00
1.379000000000000000e+03,1.222280918930019737e+02,2.665942101714524171e+01,-3.634339966666001471e-03,1.026634326872917882e+02,2.678949031932609248e-01,0.000000000000000000e+00,4.432318971453018008e+00,1.000000000000000000e+00
1.380000000000000000e+03,1.005478455409219976e+02,6.690377913047069747e+00,-7.527677971916186400e-03,2.035702258024215610e+02,9.203688328712467115e-02,0.000000000000000000e+00,1.089411976267867921e+01,1.000000000000000000e+00
1.380000000000000000e+03,1.369455856303443966e+02,2.101636461444508086e+01,-7.228371097882939529e-03,1.958128472302859393e+02,5.915245577476713201e-02,0.000000000000000000e+00,8.154737415796464717e+00,1.000000000000000000e+00
1.380000000000000000e+03,8.555416519503518202e+01,4.171566352714296499e+01,-2.475034560501765749e-02,6.499440462620032122e+02,4.165893263749942399e-02,0.000000000000000000e+00,4.585961708622068755e+00,1.000000000000000000e+00
1.380000000000000000e+03,1.946001243421043014e+01,4.649051564204194875e+01,-9.861576913104453529e-03,2.640597741777549459e+02,1.030646728915579624e-01,0.000000000000000000e+00,8.448102000389289046e+00,1.000000000000000000e+00
1.380000000000000000e+03,6.201793951185118203e+01,2.360058171416127237e+01,-1.841959700913347597e-01,4.782425382703169817e+03,5.410056199352974993e-03,0.000000000000000000e+00,1.588407683404324011e+01,1.000000000000000000e+00
1.380000000000000000e+03,8.107422341236105012e+01,2.762205630454178973e+01,-5.208471101112202920e-03,1.434614637098873686e+02,2.359520866573956432e-01,0.000000000000000000e+00,7.931968992085060677e+00,1.000000000000000000e+00
1.381000000000000000e+03,1.112149473799175183e+02,4.477962093160460455e+00,3.493685994947347447e-03,-9.901798982928762882e+01,3.035969515578986755e-01,0.000000000000000000e+00,9.162459715325931953e+00,1.000000000000000000e+00
1.381000000000000000e+03,1.291673191984550044e+02,1.595677956012135645e+01,3.154143346231525532e-03,-9.021778810995887454e+01,2.509735758181145249e-01,0.000000000000000000e+00,9.279053271072072562e+00,1.000000000000000000e+00
1.382000000000000000e+03,7.756711735662018725e+01,5.137081274394932962e+01,-4.509205196763158008e-02,1.177156518637388899e+03,7.761555706314759995e-03,0.000000000000000000e+00,8.133841112146516394e+00,1.000000000000000000e+00
1.382000000000000000e+03,2.473525723523181341e+01,2.018042948806091985e+01,4.751679618858980526e-03,-1.316224290475173859e+02,2.035346812964290431e-01,0.000000000000000000e+00,8.031292789200749738e+00,1.000000000000000000e+00
1.382000000000000000e+03,6.746546727804474841e+00,3.541544260855950199e+01,5.622836242192793405e-02,-1.465785292600035746e+03,1.042561918152740130e-02,0.000000000000000000e+00,1.185299909521054751e+01,1.000000000000000000e+00
1.382000000000000000e+03,2.964606026599269128e+01,5.330913294751475462e+01,-4.196458865622093234e-03,1.172323232810644242e+02,2.977537475236555764e-01,0.000000000000000000e+00,1.225761446570454538e+01,1.000000000000000000e+00
1.383000000000000000e+03,4.683319569558886997e+01,4.124722438644523237e+01,-3.834407478455521476e-03,1.078487443643103489e+02,1.284934769785298636e-01,0.000000000000000000e+00,6.187201457440790087e+00,1.000000000000000000e+00
1.383000000000000000e+03,4.795381766403056645e+01,5.033207909537818381e+01,-7.833212868181943858e-03,2.114890210689425487e+02,6.235979131399582709e-02,0.000000000000000000e+00,9.153708465893775070e+00,1.000000000000000000e+00
1.383000000000000000e+03,2.040713119023791222e+01,1.341515131162845265e+01,3.124812263675604603e-03,-8.945759069701350086e+01,3.395731555263136192e-01,0.000000000000000000e+00,7.537782128341254051e+00,1.000000000000000000e+00
1.384000000000000000e+03,6.338659826927057139e+01,4.126431712314304434e+01,4.023799586723546262e-03,-1.127573729654923227e+02,1.906278648012863508e-01,0.000000000000000000e+00,1.097588019378610547e+01,1.000000000000000000e+00
1.384000000000000000e+03,5.703413659670979463e+00,1.292124970625673619e+01,-2.832311087045132070e-03,8.187660089433478561e+01,1.845957968597952137e-01,0.000000000000000000e+00,1.471201033219084309e+01,1.000000000000000000e+00
1.385000000000000000e+03,2.296621025477868017e+01,3.880435897879184637e+01,4.157949444191475462e-03,-1.162342434287519382e+02,1.821166605559538798e-01,0.000000000000000000e+00,8.448102000389289046e+00,1.000000000000000000e+00
1.386000000000000000e+03,1.114711708801262660e+02,2.249676131785070865e+01,-6.958378183658567827e-03,1.888152222869979937e+02,1.236047212954317631e-01,0.000000000000000000e+00,8.096939722880692969e+00,1.000000000000000000e+00
1.386000000000000000e+03,1.267910729483951826e+02,2.999382236949577774e+01,-8.182122260822077484e-03,2.205319882738413639e+02,1.151405781866665645e-01,0.000000000000000000e+00,7.326359495495120555e+00,1.000000000000000000e+00
1.386000000000000000e+03,1.004263510355004030e+02,5.236668359656837168e+01,-3.759023219806929828e-02,9.827257822221548622e+02,1.312560164719334121e-02,0.000000000000000000e+00,1.020586223949415050e+01,1.000000000000000000e+00
1.386000000000000000e+03,2.209007192023701194e+01,5.220969054717361502e+00,-5.041451439569097012e-03,1.391326799231310645e+02,2.044268099758630441e-01,0.000000000000000000e+00,8.217034483855506721e+00,1.000000000000000000e+00
1.386000000000000000e+03,1.157913003468337365e+02,1.241569864441785853e+01,-3.829356249886304263e-03,1.077178275840246755e+02,2.256362926567216931e-01,0.000000000000000000e+00,9.162459715325931953e+00,1.000000000000000000e+00
1.386000000000000000e+03,1.260024349009692770e+02,3.727761214456368322e+01,-7.060899055313577324e-03,1.914723387182260126e+02,1.226838430561379978e-01,0.000000000000000000e+00,7.326359495495120555e+00,1.000000000000000000e+00
1.386000000000000000e+03,1.234199959181569994e+02,4.765472318921427330e+01,-2.970772220481861063e-03,8.546521018727199248e+01,3.003853915309252498e-01,0.000000000000000000e+00,9.525171575755026154e+00,1.000000000000000000e+00
1.386000000000000000e+03,9.023320384267921668e+01,5.185739550814088972e+01,-4.164173042325644905e-03,1.163955454601988606e+02,1.816887494503051093e-01,0.000000000000000000e+00,6.667855184629877918e+00,1.000000000000000000e+00
1.387000000000000000e+03,1.010170861509125473e+02,1.903106972946793007e+01,-3.528064314836433426e-03,9.990900057842262072e+01,3.496199966190740582e-01,0.000000000000000000e+00,7.602253027494274562e+00,1.000000000000000000e+00
1.387000000000000000e+03,9.900020622797899250e+01,3.276468777775065888e+01,-1.430029026447042148e-02,3.791015016721722191e+02,3.057449705491432912e-02,0.000000000000000000e+00,8.536447069625561213e+00,1.000000000000000000e+00
1.387000000000000000e+03,4.893649424203731968e+01,3.542849625226803312e+01,-6.734228182262766600e-03,1.830057452297526766e+02,7.945357277083875402e-02,0.000000000000000000e+00,6.187201457440790087e+00,1.000000000000000000e+00
1.387000000000000000e+03,5.393511334204010410e+01,8.213590941313526628e+00,3.260932213364981305e-03,-9.298552163535626391e+01,2.972180007085567510e-01,0.000000000000000000e+00,1.138942945782339677e+01,1.000000000000000000e+00
1.387000000000000000e+03,1.041509933268984156e+02,2.595731524246775024e+01,-7.343108632211848945e-03,1.987865927986015322e+02,2.157914857216919335e-01,0.000000000000000000e+00,7.602253027494274562e+00,1.000000000000000000e+00
1.387000000000000000e+03,2.677929845783597074e+01,2.920546370028774419e+01,-8.515237261188017548e-03,2.291655994270842314e+02,4.751006115503697558e-01,0.000000000000000000e+00,5.975476232795379872e+00,1.000000000000000000e+00
1.388000000000000000e+03,4.575155517880725853e+01,1.613498470527453676e+01,-3.035782462420106784e-02,7.952776197979106882e+02,1.039162793913872562e-02,0.000000000000000000e+00,1.066711388606126043e+01,1.000000000000000000e+00
1.388000000000000000e+03,6.105821060364904440e+01,1.937227854703616714e+01,8.219129743242877331e-03,-2.214911411568717483e+02,7.801550049316385849e-02,0.000000000000000000e+00,1.152248163107092438e+01,1.000000000000000000e+00
1.389000000000000000e+03,5.994759781941121446e+01,3.084111118954405129e+01,-2.726881788369683868e-02,7.152173312550279434e+02,1.486060193578386812e-02,0.000000000000000000e+00,1.097588019378610547e+01,1.000000000000000000e+00
1.389000000000000000e+03,1.350312102624253043e+02,4.166687823057957729e+01,3.335808928102239595e-03,-9.492616207113255200e+01,2.326746378884142485e-01,0.000000000000000000e+00,9.897338599559480699e+00,1.000000000000000000e+00
1.389000000000000000e+03,3.468047607161453527e+01,4.671160342555248945e+01,-6.629398187127702111e-03,1.802887813758336506e+02,1.604427076907911642e-01,0.000000000000000000e+00,5.943519099637788017e+00,1.000000000000000000e+00
1.389000000000000000e+03,1.143798621084725653e+02,5.065553545434714522e+01,-2.759063695593233848e-02,7.235581766937696102e+02,1.977033161777619341e-02,0.000000000000000000e+00,9.525171575755026154e+00,1.000000000000000000e+00
1.389000000000000000e+03,1.163348067485702870e+02,3.069407859908228886e+01,-7.099517367706864590e-03,1.924732407857757721e+02,1.941224905324608896e-01,0.000000000000000000e+00,9.399072742024861427e+00,1.000000000000000000e+00
1.390000000000000000e+03,8.544344774799066045e+01,4.170930545517848742e+01,2.648975173752999082e-02,-6.950256432155488255e+02,4.975365834962641731e-02,0.000000000000000000e+00,8.465816689754744218e+00,1.000000000000000000e+00
1.390000000000000000e+03,3.240527126476877839e+01,2.719182366682718310e+01,-3.522194475585777029e-02,9.213449592249895659e+02,1.798534057809153541e-02,0.000000000000000000e+00,5.975476232795379872e+00,1.000000000000000000e+00
1.391000000000000000e+03,1.353281255747891265e+01,3.223462481296714799e+01,-7.875114011126733982e-03,2.125750069136639127e+02,1.345953746286387975e-01,0.000000000000000000e+00,7.070692351934999564e+00,1.000000000000000000e+00
1.391000000000000000e+03,8.435596329186765274e+01,3.331362622225034897e+01,-6.513058948855707242e-02,1.696511518698283680e+03,1.213633296571403619e-02,0.000000000000000000e+00,8.465816689754744218e+00,1.000000000000000000e+00
1.391000000000000000e+03,8.499691036267890354e+01,9.005596539604020734e+00,5.218515054924465976e-03,-1.437217809923902507e+02,4.242836721386621379e-01,0.000000000000000000e+00,4.376687892988013751e+00,1.000000000000000000e+00
1.391000000000000000e+03,3.516759781093976756e+01,1.746433232473470198e+01,-7.376119546418167215e-03,1.996421633876093154e+02,1.186064726583332396e-01,0.000000000000000000e+00,1.011209848439803949e+01,1.000000000000000000e+00
1.391000000000000000e+03,7.177602157295976326e+01,3.694548507905146550e+01,-3.624494317655985870e-02,9.478588375103289536e+02,6.015606983473298364e-02,0.000000000000000000e+00,1.309371346894546662e+01,1.000000000000000000e+00
1.392000000000000000e+03,2.843756089814886323e+01,4.509892898487509427e+01,-4.701545628118872569e-03,1.303230658211994921e+02,2.031121997784710587e-01,0.000000000000000000e+00,6.447845276889177413e+00,1.000000000000000000e+00
1.392000000000000000e+03,5.470471068370733292e+01,4.694969239703644348e+01,-9.502847692233818908e-03,2.547622985345070674e+02,5.170397153506300914e-02,0.000000000000000000e+00,7.107881055939441417e+00,1.000000000000000000e+00
1.392000000000000000e+03,1.260160493930054599e+02,3.758225023615814564e+01,6.199081178682192689e-03,-1.691359070847811097e+02,1.179484345849559634e-01,0.000000000000000000e+00,9.897338599559480699e+00,1.000000000000000000e+00
1.392000000000000000e+03,3.607083836777037789e+01,4.093299529095922651e+01,4.488411697172513606e-03,-1.247991011803651418e+02,2.593603218929650955e-01,0.000000000000000000e+00,5.943519099637788017e+00,1.000000000000000000e+00
1.392000000000000000e+03,1.380573041324684880e+02,5.266328444575820811e+01,4.401998597447378744e-03,-1.225594629150404273e+02,1.697099584758103852e-01,0.000000000000000000e+00,1.140518275870808473e+01,1.000000000000000000e+00
1.393000000000000000e+03,7.984014630725734207e+01,5.597154146592019153e+00,-4.662499971746615103e-03,1.293110879337705796e+02,2.422475679597854148e-01,0.000000000000000000e+00,6.091184075976044277e+00,1.000000000000000000e+00
1.393000000000000000e+03,5.623938426113647893e+01,6.187136209321708158e+00,-9.116697700913643093e-03,2.447541365837569742e+02,7.127431405957607158e-02,0.000000000000000000e+00,1.403812899873353359e+01,1.000000000000000000e+00
1.393000000000000000e+03,1.245540582257603859e+02,1.553397840542289288e+01,2.448346594698803773e-03,-7.192508228986235963e+01,2.803903791577492255e-01,0.000000000000000000e+00,6.970845206122707971e+00,1.000000000000000000e+00
1.394000000000000000e+03,2.573344167404492566e+01,2.375616843504433717e+01,-6.625755823937200251e-03,1.801943793001806853e+02,3.248026081925158293e-01,0.000000000000000000e+00,4.572648435910679154e+00,1.000000000000000000e+00
1.395000000000000000e+03,8.586730754945163824e+01,4.716330209579039590e+00,4.638441840184154112e-03,-1.286875538606856821e+02,3.324585191537482443e-01,0.000000000000000000e+00,4.376687892988013751e+00,1.000000000000000000e+00
1.395000000000000000e+03,1.024268819969054505e+02,1.965202154170723858e+01,-3.587119489345171747e-02,9.381721006716904867e+02,6.854576770247478024e-03,0.000000000000000000e+00,9.953824402356817203e+00,1.000000000000000000e+00
1.395000000000000000e+03,9.456866513262433216e+01,2.970001285889967235e+01,3.234247362520128490e-03,-9.229390875204673250e+01,2.997035573524463592e-01,0.000000000000000000e+00,9.616927600016992983e+00,1.000000000000000000e+00
1.396000000000000000e+03,4.579314406284577643e+01,1.981948975811428326e+01,7.538011505173137540e-03,-2.038380483498349349e+02,5.527938236222462720e-02,0.000000000000000000e+00,7.181136714353526962e+00,1.000000000000000000e+00
1.396000000000000000e+03,2.431998036722695034e+01,2.810487408759945183e+01,-5.918591150350310283e-03,1.618662199367413166e+02,3.150785980139324538e-01,0.000000000000000000e+00,4.066259055823119084e+00,1.000000000000000000e+00
1.396000000000000000e+03,1.349435621910991188e+02,1.631994471144793124e+01,-4.469604090208963848e-03,1.243116492041168897e+02,3.303641521439684148e-01,0.000000000000000000e+00,5.465491588394074896e+00,1.000000000000000000e+00
1.396000000000000000e+03,9.093833688300883011e+00,3.773827423264342684e+01,-2.466596518626994368e-03,7.239808034338493314e+01,2.664040170153414433e-01,0.000000000000000000e+00,7.070692351934999564e+00,1.000000000000000000e+00
1.396000000000000000e+03,9.820729967043061492e+01,4.836007046774555107e+01,2.477199756308571567e-03,-7.267289303872313155e+01,2.759794995201746426e-01,0.000000000000000000e+00,1.234721808347654104e+01,1.000000000000000000e+00
1.397000000000000000e+03,1.239919128105155721e+02,5.821041590052177028e+00,-7.674476074067863342e-03,2.073749110631252677e+02,1.461350717445945024e-01,0.000000000000000000e+00,9.729190564855054291e+00,1.000000000000000000e+00
1.397000000000000000e+03,6.795072321436003904e+01,1.521467873355613953e+01,-4.944860159270906934e-03,1.366292455116744975e+02,1.141547254239925202e-01,0.000000000000000000e+00,8.614928441359657185e+00,1.000000000000000000e+00
1.397000000000000000e+03,1.119957101988375712e+02,2.239358078324526247e+01,-6.437425104120631479e-03,1.753132595627915578e+02,1.415993353495896834e-01,0.000000000000000000e+00,4.114430570797728670e+00,1.000000000000000000e+00
1.397000000000000000e+03,4.787841704416680244e+01,4.893052258969589730e+01,4.278239038480690509e-03,-1.193518862299874144e+02,2.261217644766283508e-01,0.000000000000000000e+00,7.107881055939441417e+00,1.000000000000000000e+00
1.397000000000000000e+03,4.277540594259709650e+01,3.071461895761294869e+01,-2.324331659848782611e-03,6.871088682128957714e+01,3.814848067281308985e-01,0.000000000000000000e+00,8.433372152852479431e+00,1.000000000000000000e+00
1.397000000000000000e+03,5.897190853313232139e+01,3.976051039325824377e+01,-3.661107043015308146e-03,1.033571766755697610e+02,3.323217983017258126e-01,0.000000000000000000e+00,4.552530317236889168e+00,1.000000000000000000e+00
1.398000000000000000e+03,2.196694631632847816e+01,1.910831731285830415e+01,-8.164121049224109042e-03,2.200654362991378150e+02,1.214850889089109653e-01,0.000000000000000000e+00,5.982391439358137220e+00,1.000000000000000000e+00
1.398000000000000000e+03,1.232102527391281797e+02,2.237407121925379272e+01,-9.471890144298776223e-03,2.539599467015501943e+02,3.684105553352257090e-02,0.000000000000000000e+00,6.970845206122707971e+00,1.000000000000000000e+00
1.398000000000000000e+03,1.514247393432963662e+01,5.217156385211541192e+01,-2.596489555348165112e-02,6.814225205718062170e+02,2.776668329889075970e-02,0.000000000000000000e+00,1.564946957776641412e+01,1.000000000000000000e+00
1.398000000000000000e+03,3.935722363229599097e+01,2.300502781656971862e+01,2.025359189378953505e-03,-6.096217525703902140e+01,2.988163875932182689e-01,0.000000000000000000e+00,7.181136714353526962e+00,1.000000000000000000e+00
1.398000000000000000e+03,1.105193237680805964e+02,4.742848202867158136e+01,-7.644308299837349226e-03,2.065930284346667349e+02,1.026116327663558758e-01,0.000000000000000000e+00,8.007048922253879653e+00,1.000000000000000000e+00
1.399000000000000000e+03,8.388852776418416113e+01,1.026620337265262961e+01,-7.747366573586930011e-03,2.092640731510586818e+02,8.571220936757184550e-02,0.000000000000000000e+00,5.892084653565973440e+00,1.000000000000000000e+00
1.399000000000000000e+03,6.297390519691563782e+01,4.193066130792482937e+01,4.953855904055118158e-03,-1.368623955121709344e+02,3.139165403330970161e-01,0.000000000000000000e+00,4.552530317236889168e+00,1.000000000000000000e+00
1.400000000000000000e+03,6.068650985549979282e+01,1.984589847858054057e+01,3.484470779969400193e-03,-9.877915164209780130e+01,1.894124068796184668e-01,0.000000000000000000e+00,8.614928441359657185e+00,1.000000000000000000e+00
1.400000000000000000e+03,1.111669564566123682e+02,2.642368080144116860e+01,4.290025817513116492e-03,-1.196573737247065736e+02,3.139776458688456895e-01,0.000000000000000000e+00,4.114430570797728670e+00,1.000000000000000000e+00
1.400000000000000000e+03,5.123318121224227184e+01,2.922350559269094106e+01,-8.768973448798924458e-03,2.357418856253410411e+02,2.221936900703838091e-01,0.000000000000000000e+00,4.691458541189822640e+00,1.000000000000000000e+00
1.400000000000000000e+03,3.178058895808172224e+01,1.501895914487811190e+01,-4.232325677746922275e-03,1.181619124885513799e+02,9.989834759614213411e-02,0.000000000000000000e+00,1.004486596648372654e+01,1.000000000000000000e+00
1.400000000000000000e+03,1.161464250065349830e+02,4.173211791675316107e+01,3.506025228167731957e-03,-9.933779572646110978e+01,3.763645846331437061e-01,0.000000000000000000e+00,8.007048922253879653e+00,1.000000000000000000e+00
1.400000000000000000e+03,1.336383570090009414e+02,4.730916702700945109e+01,-3.909109492477485029e-03,1.097848569402112560e+02,2.482925237513454730e-01,0.000000000000000000e+00,1.246700804968060794e+01,1.000000000000000000e+00
1.401000000000000000e+03,1.105254185452496927e+02,1.240715783056008092e+01,-3.390673835126307295e-02,8.872576900505260937e+02,1.565758940289196932e-02,0.000000000000000000e+00,8.540320570062876371e+00,1.000000000000000000e+00
1.401000000000000000e+03,1.301100361742358587e+02,1.376874410249684999e+01,2.322108202085168289e-03,-6.865325966632622112e+01,3.715963887495198348e-01,0.000000000000000000e+00,5.465491588394074896e+00,1.000000000000000000e+00
1.401000000000000000e+03,2.640624404519521562e+01,2.461460668021447518e+01,-2.541065381813910687e-03,7.432815016033579525e+01,4.129472645004983455e-01,0.000000000000000000e+00,4.066259055823119084e+00,1.000000000000000000e+00
1.401000000000000000e+03,1.331858141898385668e+02,3.426001796721545389e+01,-3.260216803996995091e-03,9.296697979157319480e+01,2.241343400106153849e-01,0.000000000000000000e+00,1.305699376533120670e+01,1.000000000000000000e+00
1.401000000000000000e+03,3.849366195891786191e+01,4.685842243874271418e+01,-6.399119138349909641e-03,1.743204528355335867e+02,1.583397604577965190e-01,0.000000000000000000e+00,9.610787014895608493e+00,1.000000000000000000e+00
1.402000000000000000e+03,1.221068757872081392e+02,5.204743997632770203e+01,-8.254315285397960389e-03,2.224030733389989507e+02,9.609629247183959500e-02,0.000000000000000000e+00,1.191355709691997866e+01,1.000000000000000000e+00
1.402000000000000000e+03,9.690753487025028790e+01,2.531576854903791229e+01,-3.754616503648417619e-02,9.815836579187306370e+02,2.094214422785940499e-01,0.000000000000000000e+00,6.750509938662302645e+00,1.000000000000000000e+00
1.402000000000000000e+03,7.844137489777213545e+01,3.750196851597970493e+01,-7.433973667763478163e-03,2.011416154890134180e+02,6.406213685625861132e-02,0.000000000000000000e+00,1.377371617000120452e+01,1.000000000000000000e+00
1.403000000000000000e+03,5.498474952997233345e+01,5.314072615496669272e+01,-3.373912434922822501e-02,8.829135022600695493e+02,3.735327153396683642e-02,0.000000000000000000e+00,1.376561521129862342e+01,1.000000000000000000e+00
1.404000000000000000e+03,9.548373040073289530e+01,1.871711980368399608e+01,-1.010265132970747520e-01,2.626855237260113881e+03,1.268335902906758683e-02,0.000000000000000000e+00,6.750509938662302645e+00,1.000000000000000000e+00
1.404000000000000000e+03,4.972668994867704839e+01,3.366650765396714462e+01,1.716806105086189985e-02,-4.534278388804472115e+02,1.681689821730129042e-01,0.000000000000000000e+00,4.691458541189822640e+00,1.000000000000000000e+00
1.404000000000000000e+03,1.239883524170866735e+01,4.324288946552275092e+01,-8.105612613173284603e-03,2.185490257937799754e+02,6.561752366608530895e-02,0.000000000000000000e+00,1.142732614932247159e+01,1.000000000000000000e+00
1.404000000000000000e+03,7.009098120593816361e+01,4.845578896015040726e+01,-8.672382064586956624e-03,2.332384485206669638e+02,5.866453479546929195e-02,0.000000000000000000e+00,9.655571541656293277e+00,1.000000000000000000e+00
1.405000000000000000e+03,4.604209258191880849e+01,3.038793342769866612e+01,-1.679025639420517538e-02,4.436359697245240454e+02,2.178986243689082780e-01,0.000000000000000000e+00,4.932069212031975347e+00,1.000000000000000000e+00
1.405000000000000000e+03,1.075223973779397113e+02,4.412225729026804544e+00,-6.252219007274092619e-03,1.705131232086006889e+02,1.705161170169331442e-01,0.000000000000000000e+00,5.241586083737560742e+00,1.000000000000000000e+00
1.406000000000000000e+03,3.351461043172682253e+01,1.028313929681772798e+01,-6.851372511331677191e-03,1.860418696458776253e+02,1.097355171379283956e-01,0.000000000000000000e+00,6.507997903242161541e+00,1.000000000000000000e+00
1.406000000000000000e+03,1.610740899546627247e+01,2.791277384396691019e+01,4.293586207504769721e-03,-1.197496512345997388e+02,1.858438176116306018e-01,0.000000000000000000e+00,6.994898946772415194e+00,1.000000000000000000e+00
1.406000000000000000e+03,8.239123360198600210e+01,5.110737310107071352e+01,1.920681560839381050e-03,-5.824916041153081636e+01,3.553940701493518706e-01,0.000000000000000000e+00,8.262331699696861875e+00,1.000000000000000000e+00
1.407000000000000000e+03,4.909182384083854878e+00,3.461219522952634264e+01,-1.040455404504905465e-02,2.781325520987820141e+02,3.048870741642369930e-01,0.000000000000000000e+00,6.057363556951331773e+00,1.000000000000000000e+00
1.407000000000000000e+03,1.125333737832447696e+02,5.949866824571292234e+00,4.338606950368154892e-03,-1.209164902760286964e+02,3.996487865421374241e-01,0.000000000000000000e+00,4.560946291343370262e+00,1.000000000000000000e+00
1.408000000000000000e+03,1.390128423739519690e+02,8.680711482515420130e+00,6.613845061630456955e-03,-1.798856784305646386e+02,9.666587217541589006e-02,0.000000000000000000e+00,1.584190872530379934e+01,1.000000000000000000e+00
1.409000000000000000e+03,1.045598814683004036e+02,3.408560175505366630e+01,-4.100526066160572330e-02,1.071235839706928800e+03,8.006561929288613655e-03,0.000000000000000000e+00,9.363904843379378562e+00,1.000000000000000000e+00
1.409000000000000000e+03,1.320547076180274644e+02,4.250606179336612200e+01,-8.299318221715827962e-03,2.235694508737716149e+02,1.507411093493282728e-01,0.000000000000000000e+00,1.565458654374357472e+01,1.000000000000000000e+00
1.409000000000000000e+03,7.796383772079268226e+01,3.005211850180827327e+01,2.729989233731117734e-03,-7.922464258257490144e+01,2.689868800274516358e-01,0.000000000000000000e+00,1.078872298490792936e+01,1.000000000000000000e+00
1.410000000000000000e+03,1.438944108020371857e+02,3.226460152785185898e+01,-5.741406057857235262e-02,1.496515991662939541e+03,1.666724718699252872e-02,0.000000000000000000e+00,1.565458654374357472e+01,1.000000000000000000e+00
1.410000000000000000e+03,9.531210747334516498e+01,2.602395776916115722e+01,-8.432830898659924787e-03,2.270298070135359012e+02,3.083049159381752169e-01,0.000000000000000000e+00,3.944442623102959011e+00,1.000000000000000000e+00
1.410000000000000000e+03,9.620000521766790769e+01,2.986716804217224208e+01,9.116189096594076724e-03,-2.447409546738424524e+02,3.199001706646668053e-01,0.000000000000000000e+00,3.944442623102959011e+00,1.000000000000000000e+00
1.411000000000000000e+03,1.003395115627084166e+01,3.138289216343001087e+01,-4.141638357697050021e-02,1.081891245148136477e+03,1.113601704984656937e-02,0.000000000000000000e+00,6.057363556951331773e+00,1.000000000000000000e+00
1.411000000000000000e+03,7.482874680679540802e+01,4.777947307426949664e+01,-8.120189715361100097e-03,2.189268323527533653e+02,9.870294847436100749e-02,0.000000000000000000e+00,8.262331699696861875e+00,1.000000000000000000e+00
1.411000000000000000e+03,4.656288899433631912e+01,3.019633799525479034e+01,-1.205335020241668220e-01,3.132433656891152168e+03,5.949078968473076046e-03,0.000000000000000000e+00,6.808542641481084345e+00,1.000000000000000000e+00
1.412000000000000000e+03,1.108524784581839953e+02,1.018977507578471631e+01,8.581983804154978343e-03,-2.308955236189306106e+02,6.811059689571707931e-02,0.000000000000000000e+00,4.560946291343370262e+00,1.000000000000000000e+00
1.412000000000000000e+03,7.302599905959569071e+01,1.987858522324003729e+01,-7.525098914882819706e-03,2.035033822932921055e+02,5.615546369505830526e-02,0.000000000000000000e+00,7.030990119546003392e+00,1.000000000000000000e+00
1.412000000000000000e+03,1.158209460530839436e+02,2.982267454417890207e+01,-8.484402269291647924e-02,2.207440526983398740e+03,9.355374430708551792e-03,0.000000000000000000e+00,9.908662795441511406e+00,1.000000000000000000e+00
1.413000000000000000e+03,1.232346717328805283e+02,7.261062482907453486e+00,-4.670795877803429058e-03,1.295260996473820398e+02,1.560141629348058556e-01,0.000000000000000000e+00,1.272383856167697225e+01,1.000000000000000000e+00
1.414000000000000000e+03,8.289315750887649870e+01,3.964890703088850898e+01,-6.048601498557047880e-03,1.652358033871461771e+02,1.666143332981432357e-01,0.000000000000000000e+00,5.040188306297387122e+00,1.000000000000000000e+00
1.414000000000000000e+03,6.595331861897922465e+01,9.450774816349884588e+00,-6.029120334229125071e-03,1.647308942793757467e+02,9.420378101597859377e-02,0.000000000000000000e+00,1.260008089248340113e+01,1.000000000000000000e+00
1.414000000000000000e+03,2.752649455383006227e+01,1.359419044739762228e+01,-1.913836333502046214e-03,5.807174711275659718e+01,4.201093104607452888e-01,0.000000000000000000e+00,3.753380874168335435e+00,1.000000000000000000e+00
1.415000000000000000e+03,1.091030760002885458e+01,9.333581779045385218e+00,-7.719290911428665358e-03,2.085364134849434095e+02,6.400873541203999650e-02,0.000000000000000000e+00,5.852255955825754974e+00,1.000000000000000000e+00
1.415000000000000000e+03,5.361347910522957250e+01,4.745356350176619031e+01,-5.013129427850094612e-03,1.383986354160063854e+02,1.892243963863385892e-01,0.000000000000000000e+00,8.719966146577892374e+00,1.000000000000000000e+00
1.415000000000000000e+03,9.403803530422057122e+01,5.240653773580854846e+01,-8.042308953289993567e-03,2.169083335901593443e+02,1.132706049615606059e-01,0.000000000000000000e+00,4.092431655174788574e+00,1.000000000000000000e+00
1.416000000000000000e+03,1.574454793958312848e+01,1.663398416662479917e+01,2.013829391233211159e-03,-6.066334814401088238e+01,4.614471579952778013e-01,0.000000000000000000e+00,3.796111915310546259e+00,1.000000000000000000e+00
1.416000000000000000e+03,3.992768376582237977e+01,2.171176664531902389e+01,-6.791138487005776367e-03,1.844807356721642861e+02,2.120350531188220922e-01,0.000000000000000000e+00,1.077097485915966324e+01,1.000000000000000000e+00
1.417000000000000000e+03,9.227868370280839372e+01,1.914182951518318987e+01,-6.596259874578212085e-03,1.794299089008246426e+02,7.993830644443922218e-02,0.000000000000000000e+00,1.216635478950889926e+01,1.000000000000000000e+00
1.417000000000000000e+03,7.872244552840641063e+01,4.247886458161258361e+01,-7.718112200112817005e-03,2.085058638694899571e+02,1.400783993356911061e-01,0.000000000000000000e+00,5.040188306297387122e+00,1.000000000000000000e+00
1.417000000000000000e+03,8.895806596136361577e+01,4.523052407521437601e+01,-8.265160654476695623e-03,2.226841615497860403e+02,7.981179122574622031e-02,0.000000000000000000e+00,5.819862053964796722e+00,1.000000000000000000e+00
1.418000000000000000e+03,2.960481514419484839e+01,3.495948332821515692e+01,-6.789657121182446180e-03,1.844423419148123742e+02,1.043925970446534235e-01,0.000000000000000000e+00,1.076829082557572725e+01,1.000000000000000000e+00
1.418000000000000000e+03,1.074588557712052221e+02,4.107811641701877647e+01,-6.700208301400703038e-03,1.821240244350720161e+02,1.592241134796680280e-01,0.000000000000000000e+00,5.598999694843707964e+00,1.000000000000000000e+00
1.418000000000000000e+03,4.494473031272501373e+01,4.839728166409817334e+01,-3.313515775586271372e-03,9.434837238891658728e+01,3.798243213882914748e-01,0.000000000000000000e+00,8.719966146577892374e+00,1.000000000000000000e+00
1.418000000000000000e+03,9.782193708354155604e+01,5.084766500953223556e+01,4.388230345618370637e-03,-1.222026199856586999e+02,2.516681598907295481e-01,0.000000000000000000e+00,4.092431655174788574e+00,1.000000000000000000e+00
1.419000000000000000e+03,1.421071724407965462e+02,4.780852049938764736e+01,-7.057506893863046797e-03,1.913844213236303915e+02,4.860273252455427073e-02,0.000000000000000000e+00,1.668226553565328274e+01,1.000000000000000000e+00
1.419000000000000000e+03,2.397119998903882987e+01,1.479741467593467164e+01,4.148083818881305972e-03,-1.159785480304119574e+02,2.231154951142579890e-01,0.000000000000000000e+00,3.753380874168335435e+00,1.000000000000000000e+00
1.419000000000000000e+03,1.218467101154339929e+02,1.671356178825576677e+01,-4.058608761458985283e-03,1.136595505284988690e+02,1.547199984462600542e-01,0.000000000000000000e+00,5.168332235418475307e+00,1.000000000000000000e+00
1.420000000000000000e+03,1.266100005036541916e+02,4.163311400647620530e+01,-7.962386824660288090e-03,2.148369270777827751e+02,5.938373288943488149e-02,0.000000000000000000e+00,1.156743362234471206e+01,1.000000000000000000e+00
1.420000000000000000e+03,1.067315903787894058e+02,8.631311640010672193e+00,-1.072093411477628710e-02,2.863324305061191808e+02,6.888857789033198120e-02,0.000000000000000000e+00,1.618239831408329010e+01,1.000000000000000000e+00
1.420000000000000000e+03,3.518586973404772067e+01,4.416860472872131993e+01,-7.518421836873410806e-03,2.033303270567828918e+02,1.118133903867876144e-01,0.000000000000000000e+00,1.063565082248612903e+01,1.000000000000000000e+00
1.420000000000000000e+03,1.107455042628473052e+02,5.210447698605968014e+01,-2.648010059090033855e-02,6.947755066348130413e+02,2.065336756061586510e-02,0.000000000000000000e+00,1.150576749748200100e+01,1.000000000000000000e+00
1.420000000000000000e+03,1.231058631409929127e+01,1.501584535049464186e+01,2.367468698387181162e-03,-6.982890437268730466e+01,3.026183896824973241e-01,0.000000000000000000e+00,3.796111915310546259e+00,1.000000000000000000e+00
1.421000000000000000e+03,3.296616020905240418e+01,1.224005597329873751e+01,-3.628565079018570595e-03,1.025137602488041608e+02,3.423937276089523696e-01,0.000000000000000000e+00,6.811415778068634630e+00,1.000000000000000000e+00
1.422000000000000000e+03,6.895951057154761088e+01,2.665165824824608620e+01,-4.075479509785548404e-02,1.064744320915154958e+03,1.725416084747322110e-02,0.000000000000000000e+00,3.692450532201321689e+00,1.000000000000000000e+00
1.422000000000000000e+03,1.019876037297388507e+02,4.226731727541486805e+01,-1.918848012213454982e-02,5.057926756749528181e+02,2.270203589414776513e-02,0.000000000000000000e+00,5.598999694843707964e+00,1.000000000000000000e+00
1.422000000000000000e+03,8.368515559813558014e+01,4.769369492364160834e+01,3.979526159948404071e-03,-1.116099027201468914e+02,2.187512419730691660e-01,0.000000000000000000e+00,5.819862053964796722e+00,1.000000000000000000e+00
1.423000000000000000e+03,3.958329239453091475e+01,1.062483260124559159e+01,-8.982298078437776778e-03,2.412707927585777554e+02,5.535452434874355010e-02,0.000000000000000000e+00,6.811415778068634630e+00,1.000000000000000000e+00
1.423000000000000000e+03,1.226381956696931894e+02,1.160619370742736933e+01,-7.648240045612057260e-03,2.066949306730377032e+02,1.042523552667367071e-01,0.000000000000000000e+00,5.168332235418475307e+00,1.000000000000000000e+00
1.423000000000000000e+03,1.527972000711567802e+01,4.369696867948800900e+01,-6.005170036781598379e-03,1.641101550303497447e+02,2.076047142973141968e-01,0.000000000000000000e+00,7.231238301147657310e+00,1.000000000000000000e+00
1.424000000000000000e+03,3.239382034950473610e+01,2.717566052320593428e+01,3.466638322403951811e-02,-9.069460212241501722e+02,1.389728001563428350e-02,0.000000000000000000e+00,4.827248537324810407e+00,1.000000000000000000e+00
1.424000000000000000e+03,1.285023226204936009e+02,1.689837296465236705e+01,-4.836121796501246552e-03,1.338109853295686378e+02,1.574045373606586251e-01,0.000000000000000000e+00,6.658177903032250100e+00,1.000000000000000000e+00
1.424000000000000000e+03,8.158742726757812136e+01,3.661577507083888605e+01,3.426317545417520514e-03,-9.727194718155801922e+01,2.507087161984237200e-01,0.000000000000000000e+00,1.123554881541230621e+01,1.000000000000000000e+00
1.425000000000000000e+03,7.267889133265593671e+01,9.551944361371186076e+00,-7.260712710047905784e-03,1.966510709764233695e+02,9.698149720075166513e-02,0.000000000000000000e+00,1.014784491580355841e+01,1.000000000000000000e+00
1.425000000000000000e+03,5.619916854844886700e+01,2.032168059913553648e+01,-8.051395289233124683e-03,2.171438315150638232e+02,2.748191678418021588e-01,0.000000000000000000e+00,9.369075338558559451e+00,1.000000000000000000e+00
1.425000000000000000e+03,1.380982659249555127e+02,4.028208542902742550e+01,-4.128000701644242432e-03,1.154580376217563185e+02,1.113700263013673863e-01,0.000000000000000000e+00,5.572550082545326688e+00,1.000000000000000000e+00
1.425000000000000000e+03,8.202120067835019768e+01,2.538860277272124932e+01,-3.818468276328723567e-03,1.074356351584669085e+02,2.352012206151775642e-01,0.000000000000000000e+00,1.020989337411509190e+01,1.000000000000000000e+00
1.426000000000000000e+03,9.517695161058115616e+01,1.569203534686229418e+01,-8.330217335818698374e-03,2.243702882297922372e+02,1.119342459284120572e-01,0.000000000000000000e+00,7.604586930195300631e+00,1.000000000000000000e+00
1.426000000000000000e+03,2.217880264555451575e+01,3.089208752298775451e+01,-3.431150016395845270e-02,8.977482296439241054e+02,9.632338152816388721e-03,0.000000000000000000e+00,8.506408685142949011e+00,1.000000000000000000e+00
1.426000000000000000e+03,1.017446516579712039e+02,1.952544876918057426e+01,-4.543265987631167277e-03,1.262208042360269928e+02,3.063438472051243089e-01,0.000000000000000000e+00,7.604586930195300631e+00,1.000000000000000000e+00
1.426000000000000000e+03,1.467374863207837876e+01,5.090277231687782233e+01,-3.890880047858434002e-03,1.093123896655236109e+02,2.570925328092454887e-01,0.000000000000000000e+00,7.231238301147657310e+00,1.000000000000000000e+00
1.427000000000000000e+03,1.066735202513305012e+02,8.913411310497044937e+00,9.612281826247209837e-03,-2.575985915832307001e+02,2.236229984374702440e-01,0.000000000000000000e+00,7.097281216393072079e+00,1.000000000000000000e+00
1.427000000000000000e+03,1.008024182295954496e+01,2.260647436012648370e+01,-1.343538021697611266e-02,3.566849277430620191e+02,2.877174377042979181e-02,0.000000000000000000e+00,1.310424828535547803e+01,1.000000000000000000e+00
1.427000000000000000e+03,8.151967134985133612e+01,1.453384812627458444e+01,-4.480785145705009839e-03,1.246014376715519916e+02,2.245416377454695356e-01,0.000000000000000000e+00,1.014784491580355841e+01,1.000000000000000000e+00
1.428000000000000000e+03,1.434440989886474540e+02,6.073544319130171232e+00,-2.549401817948106566e-02,6.692184104491303742e+02,1.457709989897659764e-02,0.000000000000000000e+00,1.291602843444034576e+01,1.000000000000000000e+00
1.428000000000000000e+03,1.352764621072230398e+02,1.607921762443387692e+01,-8.301012640880685300e-03,2.236133665070631480e+02,7.364898758465943107e-02,0.000000000000000000e+00,6.823487470280535483e+00,1.000000000000000000e+00
1.428000000000000000e+03,2.835837018818493860e+01,4.522618087794399599e+01,4.708911041871753113e-03,-1.305139612124465600e+02,1.646137211022662417e-01,0.000000000000000000e+00,7.198482884553160766e+00,1.000000000000000000e+00
1.428000000000000000e+03,6.619764482181759035e+01,4.613263840869669252e+01,-3.435466746752941641e-02,8.988670315986731794e+02,4.243444949495078777e-02,0.000000000000000000e+00,3.482545387952534099e+00,1.000000000000000000e+00
1.429000000000000000e+03,9.560142450564185879e+00,9.512551351070872130e+00,-6.458842175123589470e-03,1.758683431311622485e+02,9.241695413607464715e-02,0.000000000000000000e+00,1.310424828535547803e+01,1.000000000000000000e+00
1.429000000000000000e+03,1.112534759987305506e+02,2.381562476194928735e+01,-4.470561444167245151e-03,1.243364617217241488e+02,2.572059875942986906e-01,0.000000000000000000e+00,1.043184309661271847e+01,1.000000000000000000e+00
1.429000000000000000e+03,3.228268154154063296e+01,3.200162950429862718e+01,-4.461362786351565426e-03,1.240980526599134350e+02,1.765882366505512335e-01,0.000000000000000000e+00,4.827248537324810407e+00,1.000000000000000000e+00
1.430000000000000000e+03,1.358187622926645872e+02,4.536708076952169222e+01,-6.835464608184811837e-03,1.856295716410366197e+02,1.066375063629977360e-01,0.000000000000000000e+00,5.572550082545326688e+00,1.000000000000000000e+00
1.430000000000000000e+03,3.870049712672779663e+01,4.412389106810020678e+01,3.216840603355969677e-03,-9.184276368233686583e+01,3.799605941624348837e-01,0.000000000000000000e+00,7.845448927659083971e+00,1.000000000000000000e+00
1.431000000000000000e+03,1.135898989794348068e+02,1.050561291644780937e+01,-1.220730103067957373e-02,3.248558052231284705e+02,5.508640370863393532e-02,0.000000000000000000e+00,7.097281216393072079e+00,1.000000000000000000e+00
1.431000000000000000e+03,8.701275964432389287e+01,2.370179410735679681e+01,3.553280644213129696e-02,-9.294018132206925884e+02,1.100543348437887925e-02,0.000000000000000000e+00,1.068762146237004984e+01,1.000000000000000000e+00
1.431000000000000000e+03,2.632026166429796277e+01,3.832224942665741452e+01,-7.829807802447181012e-03,2.114007692235651916e+02,1.110713049244748118e-01,0.000000000000000000e+00,7.198482884553160766e+00,1.000000000000000000e+00
1.431000000000000000e+03,1.251872030323278722e+02,1.470963875960649148e+01,2.678865780928214781e-03,-7.789963466691047245e+01,2.854388429421456097e-01,0.000000000000000000e+00,1.018179232489724129e+01,1.000000000000000000e+00
1.432000000000000000e+03,5.425213135990428981e+01,1.464480153136531015e+01,-7.874471706628126746e-03,2.125583597879659976e+02,1.287274550511663396e-01,0.000000000000000000e+00,9.302875003392028219e+00,1.000000000000000000e+00
1.432000000000000000e+03,7.474316945347821672e+01,4.279950225869011149e+01,-3.791218058816558240e-02,9.910699792965896222e+02,1.005345469049356844e-02,0.000000000000000000e+00,6.866758205732715226e+00,1.000000000000000000e+00
1.432000000000000000e+03,5.966175787182753965e+01,7.076484391456773437e+00,8.522758816842489552e-03,-2.293605416744067611e+02,1.513626710422104615e-01,0.000000000000000000e+00,9.302875003392028219e+00,1.000000000000000000e+00
1.432000000000000000e+03,2.490618730386650626e+01,2.839320465513194591e+01,3.366156020134123024e-03,-9.571269222422422729e+01,3.360262926980815967e-01,0.000000000000000000e+00,8.211784040665170536e+00,1.000000000000000000e+00
1.433000000000000000e+03,4.438423327990022926e+01,2.221480635572353890e+01,5.816419732131565198e-03,-1.592181605731372542e+02,1.244717814916118659e-01,0.000000000000000000e+00,1.243705694922052984e+01,1.000000000000000000e+00
1.434000000000000000e+03,9.963380971996959090e+01,4.115613956267322493e+01,-8.293265592470136505e-03,2.234125799814232209e+02,6.517213001922961269e-02,0.000000000000000000e+00,5.913086649435927100e+00,1.000000000000000000e+00
1.434000000000000000e+03,3.101086629912854065e+01,4.567973380171509490e+01,2.914940539621521925e-03,-8.401817531327775157e+01,2.300781243877346727e-01,0.000000000000000000e+00,7.845448927659083971e+00,1.000000000000000000e+00
1.435000000000000000e+03,6.403827083794023167e+01,3.563999097539952032e+01,3.521678528462903086e-03,-9.974349498306915507e+01,3.627247012030371254e-01,0.000000000000000000e+00,1.019487695654170700e+01,1.000000000000000000e+00
1.436000000000000000e+03,3.523043979648552693e+01,6.935476953092592822e+00,-3.399988899921137231e-03,9.658956636064741019e+01,2.952626474300451553e-01,0.000000000000000000e+00,1.020273383443554316e+01,1.000000000000000000e+00
1.437000000000000000e+03,1.740255797242258495e+01,9.889875540965158862e+00,-1.046549981408097588e-02,2.797121329362673237e+02,4.868420407380097403e-01,0.000000000000000000e+00,6.474941583929969546e+00,1.000000000000000000e+00
1.437000000000000000e+03,7.485442071495099015e+01,4.966535919084492434e+01,-1.835056279522232978e-02,4.840756939383823578e+02,1.630123866106325536e-02,0.000000000000000000e+00,6.866758205732715226e+00,1.000000000000000000e+00
1.437000000000000000e+03,1.015026652122003554e+02,1.101917099451743809e+01,2.405500682913688359e-03,-7.081461010622469132e+01,3.083967035734361817e-01,0.000000000000000000e+00,2.619304323768887244e+01,1.000000000000000000e+00
1.438000000000000000e+03,4.929875350972865533e+01,6.581414177442844959e+00,-4.190656735532967414e-02,1.094595734982972544e+03,1.044265666110311130e-02,0.000000000000000000e+00,3.889749196218582394e+00,1.000000000000000000e+00
1.438000000000000000e+03,2.008419104760795193e+01,4.554641394615006078e+01,-8.287711664990855473e-03,2.232686343465020968e+02,3.991620460660727510e-02,0.000000000000000000e+00,1.092748856032713434e+01,1.000000000000000000e+00
1.438000000000000000e+03,5.521942475923755467e+01,3.052496702636706871e+01,-6.852887212168998730e-03,1.860811273737750753e+02,1.509371844909843663e-01,0.000000000000000000e+00,8.659504268930447779e+00,1.000000000000000000e+00
1.439000000000000000e+03,1.150096474074690356e+01,5.467234213280825372e+00,-4.002339270548841560e-02,1.045787972971315639e+03,1.916844053121746771e-02,0.000000000000000000e+00,7.374859929890306809e+00,1.000000000000000000e+00
1.439000000000000000e+03,1.237123668569682451e+02,2.490458301223708659e+01,-6.212258610331482939e-02,1.618550659693763464e+03,5.364167166165612066e-03,0.000000000000000000e+00,1.415725508845928893e+01,1.000000000000000000e+00
1.439000000000000000e+03,9.418556147919538546e+01,4.345422242250186429e+01,-6.995741787455061859e-03,1.897836050560368903e+02,1.964058919502987832e-01,0.000000000000000000e+00,5.913086649435927100e+00,1.000000000000000000e+00
1.439000000000000000e+03,1.409747108575941468e+02,4.793874519420918290e+01,-2.836765115127846959e-02,7.436966826625758813e+02,1.479815344899815255e-02,0.000000000000000000e+00,9.795882420443577487e+00,1.000000000000000000e+00
1.440000000000000000e+03,3.746849272843105183e+01,4.169935481736325045e+01,-3.211200722637321675e-02,8.407421904786086770e+02,9.470382930713228120e-03,0.000000000000000000e+00,6.825855975878332593e+00,1.000000000000000000e+00
1.440000000000000000e+03,1.110746729551197376e+02,4.158975518413898698e+01,-3.234923826907119132e-02,8.468906994736485103e+02,7.600040014050457593e-03,0.000000000000000000e+00,1.694846419327716802e+01,1.000000000000000000e+00
1.441000000000000000e+03,2.357885596164122788e+01,1.183363778560293689e+01,-4.363514920371537424e-03,1.215620503000132260e+02,2.087220685030644063e-01,0.000000000000000000e+00,6.474941583929969546e+00,1.000000000000000000e+00
1.441000000000000000e+03,1.083894862396688907e+01,3.350598017451080324e+01,-8.360515385166588515e-03,2.251555473039380786e+02,6.291979546777881627e-02,0.000000000000000000e+00,1.121048176838613486e+01,1.000000000000000000e+00
1.441000000000000000e+03,6.682295354846668545e+01,3.602167653953270587e+01,-5.212275815362934876e-03,1.435600735694071659e+02,1.646831013130818366e-01,0.000000000000000000e+00,5.445121364188951318e+00,1.000000000000000000e+00
1.443000000000000000e+03,1.233959208873817488e+02,1.075086499936008444e+01,4.314649220426608651e-03,-1.202955583930378793e+02,1.536150472508418519e-01,0.000000000000000000e+00,1.415725508845928893e+01,1.000000000000000000e+00
1.443000000000000000e+03,4.658033303630730870e+01,3.111919626363392055e+01,-1.770829010931527711e-02,4.674293927559713779e+02,4.310219885155253117e-02,0.000000000000000000e+00,6.636088994606889280e+00,1.000000000000000000e+00
1.443000000000000000e+03,5.529774279590416342e+01,4.506950941091010776e+01,-2.569397916086740494e-03,7.506246738900705395e+01,2.533880936119506933e-01,0.000000000000000000e+00,9.350227933427159854e+00,1.000000000000000000e+00
1.443000000000000000e+03,1.311832845707785964e+02,4.823418328419245427e+01,3.570849724190069095e-03,-1.010179046715610838e+02,1.716464667841687275e-01,0.000000000000000000e+00,9.795882420443577487e+00,1.000000000000000000e+00
1.444000000000000000e+03,9.494218386673470889e+01,2.821395592077053749e+01,-3.446634635553011416e-02,9.017615037538311071e+02,1.033637227055317354e-02,0.000000000000000000e+00,1.023906736328929412e+01,1.000000000000000000e+00
1.445000000000000000e+03,6.322163847975074447e+01,4.010577698474538977e+01,-7.603822617064305567e-03,2.055437282171682511e+02,9.354806835293494327e-02,0.000000000000000000e+00,5.445121364188951318e+00,1.000000000000000000e+00
1.445000000000000000e+03,9.424497491771514035e+01,4.359267866759464738e+01,7.570273578726745105e-03,-2.046742106293876304e+02,6.683282150538039090e-02,0.000000000000000000e+00,1.052376063013941554e+01,1.000000000000000000e+00
1.445000000000000000e+03,1.147659082250387641e+01,6.429840161044095836e+00,2.751365037412729572e-03,-7.977865659236839235e+01,3.107795768139418602e-01,0.000000000000000000e+00,8.429851572460833609e+00,1.000000000000000000e+00
1.445000000000000000e+03,6.883486603166905127e+01,1.525323562980231173e+01,4.617116867608224949e-03,-1.281348572818108664e+02,1.408516502171781593e-01,0.000000000000000000e+00,1.031221004556074483e+01,1.000000000000000000e+00
1.445000000000000000e+03,1.439419092029888532e+02,1.835839646461527508e+01,2.888093817454445711e-03,-8.332236707985968849e+01,3.259961900505613519e-01,0.000000000000000000e+00,8.371424834798803616e+00,1.000000000000000000e+00
1.445000000000000000e+03,8.155209163572779119e+01,5.158846761393928659e+01,-4.385610054891102803e-03,1.221347077895017321e+02,2.760695891957221093e-01,0.000000000000000000e+00,6.186817594062636871e+00,1.000000000000000000e+00
1.446000000000000000e+03,1.007307383254926236e+02,7.740308108298600942e+00,-3.386697926005902831e-02,8.862272214949673526e+02,1.706773653009252545e-02,0.000000000000000000e+00,1.379472486949599563e+01,1.000000000000000000e+00
1.446000000000000000e+03,1.832073997245824870e+01,2.515746535467861023e+01,-6.203815320339108041e-02,1.616362343869854385e+03,8.173188477191284385e-03,0.000000000000000000e+00,3.029657477526418230e+00,1.000000000000000000e+00
1.446000000000000000e+03,8.766889552227149807e+01,5.251659592175388980e+01,-4.804340177799059156e-03,1.329872753873748366e+02,1.457759939369697166e-01,0.000000000000000000e+00,6.186817594062636871e+00,1.000000000000000000e+00
1.447000000000000000e+03,8.803029890971824045e+01,2.065986121584755608e+01,-5.444887369391969087e-03,1.495888555366918808e+02,3.285171120838301650e-01,0.000000000000000000e+00,6.958369584728325563e+00,1.000000000000000000e+00
1.447000000000000000e+03,5.235054853323067903e+01,2.784165293616926817e+01,-5.341321842536961642e-03,1.469046639308962483e+02,3.654768882667797092e-01,0.000000000000000000e+00,6.636088994606889280e+00,1.000000000000000000e+00
1.447000000000000000e+03,7.078137130420672918e+01,2.538007093248927504e+01,-9.529378669380075481e-03,2.554499233485944387e+02,1.054377931938987878e-01,0.000000000000000000e+00,1.031221004556074483e+01,1.000000000000000000e+00
1.447000000000000000e+03,1.251929731502428780e+02,2.575517359821953178e+01,-1.434731001473509536e-02,3.803201506068099320e+02,2.566508390922743743e-01,0.000000000000000000e+00,9.060028117355431121e+00,1.000000000000000000e+00
1.448000000000000000e+03,3.949927197872597162e+01,1.055180967310482387e+01,8.758482352483292280e-03,-2.354699793885733072e+02,1.593878701958435506e-01,0.000000000000000000e+00,3.654197855324710531e+00,1.000000000000000000e+00
1.448000000000000000e+03,2.773596593027956203e+01,4.358544501419835626e+01,-3.905558528670125418e-03,1.096928237363678136e+02,2.562056616451481306e-01,0.000000000000000000e+00,6.573223023402420040e+00,1.000000000000000000e+00
1.449000000000000000e+03,1.389179864175000887e+02,2.505473528595137722e+01,3.589343677007997020e-03,-1.014972274193839183e+02,2.955514239545400379e-01,0.000000000000000000e+00,8.371424834798803616e+00,1.000000000000000000e+00
1.449000000000000000e+03,1.217882302555523779e+02,3.415111519570135101e+01,-7.696858887327866564e-03,2.079550245554334253e+02,9.131205447492229954e-02,0.000000000000000000e+00,4.361465350549948106e+00,1.000000000000000000e+00
1.449000000000000000e+03,4.690057969893720013e+01,9.456266895979034359e+00,-6.932235968909610663e-03,1.881376733427021009e+02,2.078002387751658464e-01,0.000000000000000000e+00,3.610746641850017813e+00,1.000000000000000000e+00
1.449000000000000000e+03,1.190986010855849884e+02,1.590149122303571438e+01,-4.798407684556462924e-03,1.328335181570803343e+02,3.025495594445791747e-01,0.000000000000000000e+00,5.636138091533719141e+00,1.000000000000000000e+00
1.449000000000000000e+03,1.045055311795712072e+02,4.125376374871482454e+01,-3.255792255977960591e-03,9.285230519846501807e+01,1.746645042075311016e-01,0.000000000000000000e+00,1.052376063013941554e+01,1.000000000000000000e+00
1.449000000000000000e+03,1.313780288097134701e+02,4.792932012077707071e+01,-1.853734706844665592e-03,5.651404459660699331e+01,4.818265145187250464e-01,0.000000000000000000e+00,9.584850786513534615e+00,1.000000000000000000e+00
1.450000000000000000e+03,8.268467830181899103e+01,1.620528518730397494e+01,-7.940337687262233671e-03,2.142654617329315840e+02,9.412579264851916871e-02,0.000000000000000000e+00,6.958369584728325563e+00,1.000000000000000000e+00
1.450000000000000000e+03,1.264390662869881687e+01,1.477847905264360229e+01,-7.860339967241478792e-03,2.121920960572746537e+02,1.016485083424435443e-01,0.000000000000000000e+00,8.429851572460833609e+00,1.000000000000000000e+00
1.450000000000000000e+03,1.067052806814922405e+02,2.175507578080170390e+01,1.453534410950176395e-02,-3.851935824726341480e+02,2.766613006312834688e-02,0.000000000000000000e+00,1.336060793991609508e+01,1.000000000000000000e+00
1.450000000000000000e+03,6.693374733464743542e+01,4.534347671676163571e+01,-7.060560379024766013e-03,1.914635609706577384e+02,1.304086101085130123e-01,0.000000000000000000e+00,5.105890528078691482e+00,1.000000000000000000e+00
1.451000000000000000e+03,8.697650750163855093e+01,8.796512950757602312e+00,7.127302807391504638e-03,-1.931933785210790120e+02,1.024943875672175153e-01,0.000000000000000000e+00,8.562108614905801218e+00,1.000000000000000000e+00
1.451000000000000000e+03,4.141475295111015242e+01,1.366373746955092194e+01,-9.783906646649570896e-03,2.620467310004630690e+02,1.660141606322507180e-01,0.000000000000000000e+00,3.654197855324710531e+00,1.000000000000000000e+00
1.451000000000000000e+03,1.164027828058904817e+02,1.095188352244950458e+01,-4.003019099732130562e-03,1.122187882603249989e+02,3.310974572684569628e-01,0.000000000000000000e+00,5.636138091533719141e+00,1.000000000000000000e+00
1.452000000000000000e+03,7.266692179569160714e+01,3.552646975028752507e+01,-7.767063717385842836e-03,2.097745799736349852e+02,8.134948914562400990e-02,0.000000000000000000e+00,4.896155187979981172e+00,1.000000000000000000e+00
1.452000000000000000e+03,8.681918965196044269e+01,5.180986299127242489e+01,-3.829804637919877967e-03,1.077294488197042028e+02,3.032870522059804008e-01,0.000000000000000000e+00,7.635520704780240919e+00,1.000000000000000000e+00
1.452000000000000000e+03,4.967520609637357154e+01,3.948580277436148833e+01,7.557633073397174855e-03,-2.043465964190515081e+02,5.822953854488810421e-02,0.000000000000000000e+00,1.194753876782663760e+01,1.000000000000000000e+00
1.452000000000000000e+03,8.324606020528422334e+01,4.506198018327827270e+01,-6.841421945273104890e-03,1.857839727693935288e+02,8.889476307489718732e-02,0.000000000000000000e+00,7.635520704780240919e+00,1.000000000000000000e+00
1.452000000000000000e+03,1.231291057773943862e+02,5.281036851293677614e+01,-3.302692001205684291e-03,9.406784386540439868e+01,2.189128353586948794e-01,0.000000000000000000e+00,9.584850786513534615e+00,1.000000000000000000e+00
1.453000000000000000e+03,4.203104221779985750e+01,2.736678732367047573e+01,-3.558421900781688629e-02,9.307343143090025706e+02,1.082827784303042051e-02,0.000000000000000000e+00,1.371690153659793765e+01,1.000000000000000000e+00
1.453000000000000000e+03,6.185952467067317428e+01,4.591126403709703396e+01,-7.559057552917564267e-03,2.043835158080351277e+02,1.413561941889076579e-01,0.000000000000000000e+00,5.105890528078691482e+00,1.000000000000000000e+00
1.453000000000000000e+03,6.354597165161583128e+00,4.976633578402817903e+01,-1.516882681465757735e-02,4.016120666075770487e+02,2.374596353503999335e-02,0.000000000000000000e+00,2.225682683983793453e+01,1.000000000000000000e+00
1.453000000000000000e+03,8.010228278930456725e+01,3.641744415258933287e+01,-4.078688042944430582e-03,1.141799615228743932e+02,2.837480942802537154e-01,0.000000000000000000e+00,4.393965616435004939e+00,1.000000000000000000e+00
1.453000000000000000e+03,1.249746348115309758e+02,3.712923641715735812e+01,2.782964040840069358e-03,-8.059763354663927259e+01,4.165414958101599785e-01,0.000000000000000000e+00,4.361465350549948106e+00,1.000000000000000000e+00
1.454000000000000000e+03,4.334908518043543779e+01,8.804823884900462971e+00,-4.845853397976919441e-03,1.340632071236847196e+02,2.986685496155645492e-01,0.000000000000000000e+00,3.610746641850017813e+00,1.000000000000000000e+00
1.455000000000000000e+03,3.359230344730132600e+01,1.052729048461453765e+01,3.465296778281250299e-03,-9.828220351714018932e+01,2.306828932365125873e-01,0.000000000000000000e+00,8.427812048744055318e+00,1.000000000000000000e+00
1.455000000000000000e+03,2.580455511938718161e+01,3.355193671296587610e+01,-2.873535219339621530e-03,8.294504010592682164e+01,2.914073298646094878e-01,0.000000000000000000e+00,1.257904680821912891e+01,1.000000000000000000e+00
1.456000000000000000e+03,6.492673406902598288e+01,1.152215319366211155e+01,-4.612073670740787952e-03,1.280041486656426457e+02,1.716071847839754083e-01,0.000000000000000000e+00,1.424651245063367710e+01,1.000000000000000000e+00
1.456000000000000000e+03,7.666461209002552124e+00,1.437889933760637007e+01,1.625730372752138110e-03,-5.060467167840613456e+01,4.243538990241966236e-01,0.000000000000000000e+00,1.360177567362378070e+01,1.000000000000000000e+00
1.456000000000000000e+03,7.702022612328890716e+01,3.328569375610472747e+01,3.959578810043413478e-03,-1.110929111033533729e+02,3.443149688393620789e-01,0.000000000000000000e+00,4.393965616435004939e+00,1.000000000000000000e+00
1.457000000000000000e+03,1.064105375520786936e+02,1.002709552314134456e+01,-7.910509057411635805e-03,2.134923689839374958e+02,6.326828734746914318e-02,0.000000000000000000e+00,1.110636610721551421e+01,1.000000000000000000e+00
1.457000000000000000e+03,1.097994001218400086e+02,3.538812308193973166e+01,-4.044157840602608661e-02,1.056626430333855524e+03,1.642012164111306127e-02,0.000000000000000000e+00,1.527479045791701751e+01,1.000000000000000000e+00
1.458000000000000000e+03,2.589434673477064663e+01,2.097321038359632794e+01,-8.664919308530966494e-03,2.330450302301422312e+02,1.631471748194566196e-01,0.000000000000000000e+00,9.070104530879611104e+00,1.000000000000000000e+00
1.458000000000000000e+03,1.222742517571451657e+02,5.323806981057685306e+01,4.223602081150560142e-03,-1.179358159729696638e+02,1.622905995739657437e-01,0.000000000000000000e+00,1.633360284619903169e+01,1.000000000000000000e+00
1.459000000000000000e+03,1.010920004832348980e+02,1.977719970488422163e+01,1.692255119296232329e-03,-5.232884739279546693e+01,4.983182093489387787e-01,0.000000000000000000e+00,1.110636610721551421e+01,1.000000000000000000e+00
1.459000000000000000e+03,4.872414126872480722e+01,2.636049512431682373e+01,-2.704372748683887828e-02,7.093834812072489058e+02,2.195631619042825999e-02,0.000000000000000000e+00,1.463888626030301765e+01,1.000000000000000000e+00
1.459000000000000000e+03,1.330160352536253754e+02,3.383829975431324044e+01,3.113843974603205250e-03,-8.917331666923500677e+01,2.202612243436643524e-01,0.000000000000000000e+00,9.839575388015170176e+00,1.000000000000000000e+00
1.460000000000000000e+03,3.287143169557817401e+01,5.109181352479955507e+01,-9.249274207130252223e-03,2.481902292288563672e+02,2.187994826709079854e-01,0.000000000000000000e+00,5.604673844651924419e+00,1.000000000000000000e+00
1.460000000000000000e+03,7.908579984200711976e+01,9.946090554534318784e+00,-3.404768392072469313e-02,8.909106904833113276e+02,1.346240232605400156e-02,0.000000000000000000e+00,7.533511741646146120e+00,1.000000000000000000e+00
1.460000000000000000e+03,6.150333385894737326e+00,5.002128967519728064e+01,8.505254712383161428e-03,-2.289068736278715903e+02,6.709434792041801821e-02,0.000000000000000000e+00,9.304833496378709157e+00,1.000000000000000000e+00
1.461000000000000000e+03,1.335959439001993587e+02,2.401582808074438091e+01,-7.685350752143326435e-03,2.076567588989090609e+02,8.050969697168508521e-02,0.000000000000000000e+00,9.839575388015170176e+00,1.000000000000000000e+00
1.461000000000000000e+03,1.439753689399689449e+02,3.311012367751411745e+01,1.191578061190466664e-02,-3.173002345158106436e+02,5.584390719872778241e-02,0.000000000000000000e+00,1.098349831553897538e+01,1.000000000000000000e+00
1.461000000000000000e+03,4.285594083667005094e+01,5.161804749294299199e+01,-7.325763429166545077e-03,1.983370431286596443e+02,2.609378848191902245e-01,0.000000000000000000e+00,7.225798812781635938e+00,1.000000000000000000e+00
1.461000000000000000e+03,1.222118674624239354e+01,4.296971780273602093e+01,-7.774366773766507033e-03,2.099638591983820106e+02,8.851847540771295986e-02,0.000000000000000000e+00,9.304833496378709157e+00,1.000000000000000000e+00
1.462000000000000000e+03,4.221328848227997099e+01,1.050290896615976521e+01,-7.768730499773389073e-03,2.098177793221943261e+02,1.106996380021353366e-01,0.000000000000000000e+00,1.463840431391449393e+01,1.000000000000000000e+00
1.462000000000000000e+03,3.418543747390081222e+01,2.465079254536958331e+01,-3.310797132163662698e-02,8.665553982646571285e+02,8.028265686232383125e-03,0.000000000000000000e+00,9.070104530879611104e+00,1.000000000000000000e+00
1.462000000000000000e+03,6.386424796818611327e+01,1.413242196387482252e+01,-8.772151245463323879e-03,2.358242471542255316e+02,1.335309248312799291e-01,0.000000000000000000e+00,8.364249993934611993e+00,1.000000000000000000e+00
1.463000000000000000e+03,2.524346134962192423e+01,4.256995019968091754e+01,-1.376414235638626776e-02,3.652057222748525191e+02,7.218866087850084323e-02,0.000000000000000000e+00,5.178734968169029784e+00,1.000000000000000000e+00
1.463000000000000000e+03,3.544292824018707222e+01,4.611187633383119078e+01,-8.006427733493607854e-03,2.159783709673842793e+02,2.711635611497696940e-01,0.000000000000000000e+00,5.604673844651924419e+00,1.000000000000000000e+00
1.463000000000000000e+03,2.360827872317553755e+01,5.044220646002642638e+01,-5.020879918036177253e-03,1.385995111449292665e+02,2.742736518656998523e-01,0.000000000000000000e+00,8.040288604918430337e+00,1.000000000000000000e+00
1.464000000000000000e+03,1.259724194539681434e+02,4.085380204532989978e+01,-1.075369075032704333e-02,2.871814107493476058e+02,2.333590619575448555e-01,0.000000000000000000e+00,9.941317615308394195e+00,1.000000000000000000e+00
1.465000000000000000e+03,1.077521262772750532e+02,1.670289400430761972e+01,4.040473580620878788e-03,-1.131895263645376133e+02,2.390558618997223883e-01,0.000000000000000000e+00,5.787590816005125482e+00,1.000000000000000000e+00
1.465000000000000000e+03,7.162999955292679033e+01,1.102536865162979041e+01,4.114294522525316529e-03,-1.151028034810556449e+02,2.888089870906203060e-01,0.000000000000000000e+00,7.533511741646146120e+00,1.000000000000000000e+00
1.465000000000000000e+03,1.017269931566390824e+02,2.890910427389508897e+01,-4.763486473946241563e-03,1.319284368696031891e+02,1.270861732141000955e-01,0.000000000000000000e+00,1.361226646325905421e+01,1.000000000000000000e+00
1.465000000000000000e+03,7.883831376646018896e+01,4.317215574928562916e+01,-7.340345725405470791e-03,1.987149843060607850e+02,9.881435828265394683e-02,0.000000000000000000e+00,6.141342126427595360e+00,1.000000000000000000e+00
1.465000000000000000e+03,6.256181056189099365e+01,4.348631801922959994e+01,-4.096618115055568159e-03,1.146446697179034686e+02,1.701251093463254094e-01,0.000000000000000000e+00,3.719813920028446130e+00,1.000000000000000000e+00
1.465000000000000000e+03,4.794721130093019923e+01,4.649055945857872274e+01,-3.919993185583421982e-03,1.100669384258383303e+02,3.541556574916665534e-01,0.000000000000000000e+00,7.225798812781635938e+00,1.000000000000000000e+00
1.466000000000000000e+03,5.422451787941926682e+01,1.887030098679123924e+01,-2.009414715902286402e-02,5.292655814949059732e+02,2.347848547176012435e-02,0.000000000000000000e+00,1.074113093766519000e+01,1.000000000000000000e+00
1.466000000000000000e+03,1.004960801451973751e+01,2.288252587284102546e+01,7.878376687186302088e-03,-2.126595683305510818e+02,8.340963031625459045e-02,0.000000000000000000e+00,8.868709103524889059e+00,1.000000000000000000e+00
1.466000000000000000e+03,7.381674931162487496e+01,3.281022981178824693e+01,-5.478788908033356032e-03,1.504675091602298096e+02,1.437991889318254168e-01,0.000000000000000000e+00,5.805130826159540014e+00,1.000000000000000000e+00
1.466000000000000000e+03,1.335172240075894194e+02,4.811555966997610057e+01,-3.729845640837169823e-02,9.751635928598860801e+02,1.081351569337529739e-02,0.000000000000000000e+00,1.047173335945160488e+01,1.000000000000000000e+00
1.466000000000000000e+03,8.035831149763866676e+01,1.300424595906095249e+01,-3.541347157730988238e-03,1.002532627714647333e+02,1.589294289229752355e-01,0.000000000000000000e+00,8.949825964903787678e+00,1.000000000000000000e+00
1.466000000000000000e+03,5.759306886838165696e+01,3.436289757524477295e+01,5.055821204528515925e-03,-1.395051127552966079e+02,1.230281665523204060e-01,0.000000000000000000e+00,4.321681461755455089e+00,1.000000000000000000e+00
1.466000000000000000e+03,3.026362131757426610e+01,4.384167727995617270e+01,-7.417317755235209968e-03,2.007099307194487778e+02,3.937817467582459541e-01,0.000000000000000000e+00,5.178734968169029784e+00,1.000000000000000000e+00
1.467000000000000000e+03,1.441981704935736843e+02,2.033371225342435196e+01,8.220946200033746321e-03,-2.215382197381178742e+02,6.763229718616303732e-02,0.000000000000000000e+00,1.231630120606320489e+01,1.000000000000000000e+00
1.467000000000000000e+03,1.168062811144290123e+02,2.358993221361287951e+01,-7.913480786059252925e-03,2.135693896811990555e+02,9.656300936403161561e-02,0.000000000000000000e+00,1.137580832783275397e+01,1.000000000000000000e+00
1.467000000000000000e+03,1.781746287867264655e+01,2.835849661645961106e+01,-6.515271548745254528e-03,1.773308688923417833e+02,1.852457231340939314e-01,0.000000000000000000e+00,8.728021161135297135e+00,1.000000000000000000e+00
1.467000000000000000e+03,3.259685672054714445e+01,3.377156751504381305e+01,-8.463165478032294228e-03,2.278160128659007455e+02,5.292106636796178876e-02,0.000000000000000000e+00,9.258084297378246674e+00,1.000000000000000000e+00
1.468000000000000000e+03,6.631940619022154237e+01,2.767966481009386115e+01,-7.232968318196221318e-03,1.959319971110390384e+02,1.405388197019517005e-01,0.000000000000000000e+00,7.988067606145778043e+00,1.000000000000000000e+00
1.468000000000000000e+03,1.434958700832802094e+02,3.262997386141625356e+01,-8.155951427105116724e-03,2.198536975885819231e+02,5.011735780362214232e-02,0.000000000000000000e+00,9.693586172174210702e+00,1.000000000000000000e+00
1.468000000000000000e+03,1.440171037675927721e+02,4.452358648809781272e+01,-8.585863987645266787e-03,2.309960894758316101e+02,6.948414841090577720e-02,0.000000000000000000e+00,1.109728553808817253e+01,1.000000000000000000e+00
1.468000000000000000e+03,6.398363220412150554e+01,1.405960541029380728e+01,8.837249891568412993e-03,-2.375114614689711630e+02,6.818181404618472996e-02,0.000000000000000000e+00,6.907342497122932024e+00,1.000000000000000000e+00
1.468000000000000000e+03,1.021699905122698198e+02,1.517450669915348627e+01,3.768381494996889298e-03,-1.061374954966038189e+02,1.609653603676146627e-01,0.000000000000000000e+00,5.787590816005125482e+00,1.000000000000000000e+00
1.468000000000000000e+03,9.288071735656454564e+01,4.016209577705467382e+01,-3.475556329001379830e-03,9.854810859925078148e+01,2.307506773855247939e-01,0.000000000000000000e+00,7.410504140645129745e+00,1.000000000000000000e+00
1.468000000000000000e+03,8.898933529101930162e+01,4.646865722038268132e+01,-4.085012914025182643e-03,1.143438883272681181e+02,2.331460716455607818e-01,0.000000000000000000e+00,6.389064397692034269e+00,1.000000000000000000e+00
1.469000000000000000e+03,7.441530751289526791e+00,3.645292318957572064e+01,-8.584333969820534191e-03,2.309564347651708545e+02,2.797262660285021463e-01,0.000000000000000000e+00,4.441341223125035320e+00,1.000000000000000000e+00
1.469000000000000000e+03,1.830593626901082871e+01,1.964415515332213147e+01,-7.504151032126395865e-03,2.029604590565600120e+02,4.957589261207184794e-02,0.000000000000000000e+00,8.728021161135297135e+00,1.000000000000000000e+00
1.469000000000000000e+03,1.339195061079296352e+02,3.112702147062844205e+01,2.933471728152602879e-03,-8.449846312922427671e+01,2.547354229289925387e-01,0.000000000000000000e+00,9.693586172174210702e+00,1.000000000000000000e+00
1.470000000000000000e+03,1.063383607398042230e+01,3.336509246446316013e+01,8.390611631776359602e-03,-2.259355760931412647e+02,3.000547032978142514e-01,0.000000000000000000e+00,4.441341223125035320e+00,1.000000000000000000e+00
1.470000000000000000e+03,4.059100629332488097e+01,8.983991421299585056e+00,4.285846144297042470e-03,-1.195490457501165196e+02,2.539174903594079158e-01,0.000000000000000000e+00,1.627099472164453786e+01,1.000000000000000000e+00
1.470000000000000000e+03,7.400286660540459138e+01,2.549479407509129203e+01,-7.704889801601510352e-03,2.081631682624640405e+02,1.348495548447237180e-01,0.000000000000000000e+00,6.746976359850473948e+00,1.000000000000000000e+00
1.470000000000000000e+03,5.478427130138287282e+01,3.107845136857575952e+01,4.128972757885047973e-03,-1.154832311903226696e+02,1.992101609076252222e-01,0.000000000000000000e+00,4.321681461755455089e+00,1.000000000000000000e+00
1.470000000000000000e+03,6.627859659193089215e+01,4.363637536339390977e+01,-3.189670444184628233e-03,9.113857267022576991e+01,2.943691916808768294e-01,0.000000000000000000e+00,3.719813920028446130e+00,1.000000000000000000e+00
1.471000000000000000e+03,8.067289583920113216e+01,2.364877430027023308e+01,-5.993725946853691033e-03,1.638135492865923197e+02,1.879014314613471903e-01,0.000000000000000000e+00,3.146085446990852574e+00,1.000000000000000000e+00
1.471000000000000000e+03,8.392263429291752175e+00,7.916766386439784142e+00,-4.803165433410426337e-03,1.329568285859856189e+02,1.342640599871802731e-01,0.000000000000000000e+00,1.505724902095310647e+01,1.000000000000000000e+00
1.471000000000000000e+03,1.087736056420075670e+02,4.339118387317296310e+01,3.164439745542574518e-03,-9.048464822683280318e+01,3.112999926075321611e-01,0.000000000000000000e+00,7.279154332046449127e+00,1.000000000000000000e+00
1.471000000000000000e+03,6.268411146368525522e+01,4.872515343433800439e+01,-3.445498249121985157e-03,9.776906900809839840e+01,3.502507966135103290e-01,0.000000000000000000e+00,6.230247634925962785e+00,1.000000000000000000e+00
1.472000000000000000e+03,8.169491316716955964e+01,5.193295245701317064e+00,2.541390674920500706e-03,-7.433658104513547471e+01,2.760539433292932276e-01,0.000000000000000000e+00,7.301748115967588326e+00,1.000000000000000000e+00
1.472000000000000000e+03,3.027702988633907921e+01,4.375961691086061478e+01,6.460998526750241430e-03,-1.759242310420450508e+02,1.546489404190727335e-01,0.000000000000000000e+00,6.230907163702078755e+00,1.000000000000000000e+00
1.472000000000000000e+03,1.158294402796980620e+02,4.518039748683613510e+01,3.597842200420287538e-03,-1.017174905310355939e+02,2.567873801085354124e-01,0.000000000000000000e+00,7.279154332046449127e+00,1.000000000000000000e+00
1.472000000000000000e+03,9.484955190230070343e+01,4.901384977630402062e+01,-7.314227895025877599e-03,1.980380673512071894e+02,1.084964897304592224e-01,0.000000000000000000e+00,6.389064397692034269e+00,1.000000000000000000e+00
1.472000000000000000e+03,1.067876612184471838e+02,5.288281462199428518e+01,-3.521221991652075112e-02,9.210929126906955844e+02,9.105730587387839137e-03,0.000000000000000000e+00,6.543858434086747167e+00,1.000000000000000000e+00
1.473000000000000000e+03,1.204808946866993580e+02,3.431489206579345819e+01,-3.390394545079860461e-02,8.871853041880658566e+02,1.133110786469582187e-02,0.000000000000000000e+00,1.181927392673169130e+01,1.000000000000000000e+00
1.473000000000000000e+03,1.330516098369417044e+01,5.003088319743341117e+01,-6.928220672411362392e-03,1.880336056525867718e+02,8.169341276119845840e-02,0.000000000000000000e+00,7.981176820930522275e+00,1.000000000000000000e+00
1.473000000000000000e+03,1.098750997836175429e+02,1.209451154269252093e+01,7.364136363200326878e-03,-1.993315855266086203e+02,1.999287434675650621e-01,0.000000000000000000e+00,8.297896061486408570e+00,1.000000000000000000e+00
1.473000000000000000e+03,8.028232630432340500e+01,1.397735257261468611e+01,-8.047219628075323941e-03,2.170356075242361840e+02,5.824138790963606649e-02,0.000000000000000000e+00,8.552322656832807013e+00,1.000000000000000000e+00
1.473000000000000000e+03,5.712627956246635819e+01,1.488912040144564486e+01,3.269651997938897471e-03,-9.321151935166605540e+01,3.284208131240112793e-01,0.000000000000000000e+00,6.583735041070789329e+00,1.000000000000000000e+00
1.473000000000000000e+03,9.686396193001630195e+01,2.699055452072432360e+01,-2.688234094851044403e-03,7.814244084340319318e+01,3.696458368422181895e-01,0.000000000000000000e+00,7.234185563583971579e+00,1.000000000000000000e+00
1.473000000000000000e+03,4.093546661346425708e+01,3.226584643690936360e+01,4.059439706224592451e-03,-1.136810867967191285e+02,2.188931598636731923e-01,0.000000000000000000e+00,8.064900893003498439e+00,1.000000000000000000e+00
1.473000000000000000e+03,1.548307998187171286e+01,3.684493982974217374e+01,4.763079886145380089e-03,-1.319178990043961903e+02,2.583472005785311110e-01,0.000000000000000000e+00,5.731017288875676741e+00,1.000000000000000000e+00
1.474000000000000000e+03,5.684808810136910040e+01,8.311265386169315761e+00,-7.048496470847186342e-03,1.911508908955208312e+02,8.915155624871984319e-02,0.000000000000000000e+00,6.583735041070789329e+00,1.000000000000000000e+00
1.474000000000000000e+03,1.603355799349825261e+01,3.114042117133569931e+01,-3.337496563302729674e-03,9.496990187892730262e+01,3.414028479890980350e-01,0.000000000000000000e+00,5.731017288875676741e+00,1.000000000000000000e+00
1.474000000000000000e+03,7.539588235205248168e+01,3.689454284408112983e+01,-3.769827519621603458e-03,1.061749732874990997e+02,3.386167119573725293e-01,0.000000000000000000e+00,7.066487645318133559e+00,1.000000000000000000e+00
1.475000000000000000e+03,6.605350314649149368e+01,2.551812349002491942e+01,-4.925405781082286411e-03,1.361250306419623257e+02,1.423640791263875993e-01,0.000000000000000000e+00,7.949397691869740434e+00,1.000000000000000000e+00
1.475000000000000000e+03,8.062348049110583759e+01,2.679447164158268890e+01,-6.762334989537680148e-03,1.837342121090711373e+02,9.606702613278528258e-02,0.000000000000000000e+00,3.146085446990852574e+00,1.000000000000000000e+00
1.475000000000000000e+03,3.085469433603271838e+01,2.997324108039520496e+01,-4.322624217124377242e-03,1.205022528389838499e+02,2.574578404244539653e-01,0.000000000000000000e+00,1.033818209503729157e+01,1.000000000000000000e+00
1.475000000000000000e+03,4.794110260188958250e+01,3.626130521052329669e+01,-2.988058849133237282e-03,8.591324173722482271e+01,2.843639630525830464e-01,0.000000000000000000e+00,8.064900893003498439e+00,1.000000000000000000e+00
1.476000000000000000e+03,4.468488187756503294e+01,1.756102103490163913e+01,-3.773678391658150805e-02,9.865240817586030744e+02,1.382426704802897088e-02,0.000000000000000000e+00,1.272507089759937671e+01,1.000000000000000000e+00
1.476000000000000000e+03,1.341912023758137877e+02,3.010828509593853752e+01,-1.242638100425938474e-01,3.229115069849269275e+03,5.681521625306440448e-03,0.000000000000000000e+00,1.434113242143109979e+01,1.000000000000000000e+00
1.476000000000000000e+03,7.885932506017748267e+01,4.305407304117973410e+01,8.140281272345175137e-03,-2.194475615011650973e+02,5.973884536824647373e-02,0.000000000000000000e+00,7.066487645318133559e+00,1.000000000000000000e+00
1.476000000000000000e+03,2.442356138751205918e+01,1.822506182469307845e+01,-6.738582610915346861e-03,1.831186024824720846e+02,8.000801589744599429e-02,0.000000000000000000e+00,1.339325154044594868e+01,1.000000000000000000e+00
1.476000000000000000e+03,1.002481144590386890e+02,5.264530380776025709e+01,-4.418991499429450638e-03,1.229998817131047986e+02,3.410565643542529113e-01,0.000000000000000000e+00,6.506299721162031702e+00,1.000000000000000000e+00
1.477000000000000000e+03,1.005065914014975732e+02,6.836554736052595338e+00,-4.789930528123026617e-03,1.326138088307182556e+02,1.949916248215876058e-01,0.000000000000000000e+00,1.074314009432732142e+01,1.000000000000000000e+00
1.477000000000000000e+03,3.537792007371818670e+01,4.823759282403046456e+01,7.286129963705393828e-03,-1.973098305171856452e+02,8.653233008181149266e-02,0.000000000000000000e+00,6.787587861871831052e+00,1.000000000000000000e+00
1.477000000000000000e+03,8.757917251007398818e+01,9.516606191548049765e+00,3.075807202347602496e-03,-8.818748684824653594e+01,2.603090812919861552e-01,0.000000000000000000e+00,7.301748115967588326e+00,1.000000000000000000e+00
1.477000000000000000e+03,7.085754740167767807e+01,1.153598255335287170e+01,-4.402986211209923041e-03,1.225850597004930052e+02,1.671859134134585645e-01,0.000000000000000000e+00,4.034194672785997859e+00,1.000000000000000000e+00
1.477000000000000000e+03,9.595669992462204334e+01,3.416762331111046080e+01,3.508642478110735648e-03,-9.940562911215049269e+01,2.005002616680731098e-01,0.000000000000000000e+00,7.234185563583971579e+00,1.000000000000000000e+00
1.477000000000000000e+03,2.405675849160107305e+01,4.412352329783120553e+01,-2.638978582226606494e-03,7.686584584562199041e+01,2.927528253144539017e-01,0.000000000000000000e+00,5.821908219468839185e+00,1.000000000000000000e+00
1.478000000000000000e+03,1.420981681686891136e+02,5.788558887350871984e+00,-1.035619411912503118e-01,2.692567974667166254e+03,1.290324251539176625e-02,0.000000000000000000e+00,1.621038142703375939e+01,1.000000000000000000e+00
1.478000000000000000e+03,9.077775362635524203e+00,3.041768328761700602e+01,-3.241397077921313961e-03,9.247921371448425987e+01,3.997610841285168526e-01,0.000000000000000000e+00,6.993229729986981447e+00,1.000000000000000000e+00
1.479000000000000000e+03,4.058774916308620817e+01,5.488620503319135757e+00,-6.953849975803250497e-03,1.886978610579902238e+02,2.342998359414860676e-01,0.000000000000000000e+00,7.038871139935198862e+00,1.000000000000000000e+00
1.479000000000000000e+03,1.236739120223528232e+01,3.739972562959607671e+01,-5.644494882366056857e-03,1.547622450519974109e+02,1.610618434433396251e-01,0.000000000000000000e+00,7.253941772757599438e+00,1.000000000000000000e+00
1.479000000000000000e+03,1.238234974435845999e+02,1.757319138065068032e+01,-5.302294384442518549e-03,1.458931577029667039e+02,1.249501605241193358e-01,0.000000000000000000e+00,1.338528090985723651e+01,1.000000000000000000e+00
1.479000000000000000e+03,4.480361714749626856e+01,5.006018077598214688e+01,-3.141973016836020587e-03,8.990235982995875474e+01,2.405199561351503146e-01,0.000000000000000000e+00,9.600291254395781237e+00,1.000000000000000000e+00
1.480000000000000000e+03,1.215185102054731203e+02,4.387867005879622972e+00,-9.010554534016900624e-03,2.420031381941511768e+02,8.749048186262609050e-02,0.000000000000000000e+00,1.338528090985723651e+01,1.000000000000000000e+00
1.480000000000000000e+03,1.187760203805513015e+02,4.129409126651897566e+01,-3.594535692850632513e-02,9.400942181755294769e+02,1.332368482189161263e-02,0.000000000000000000e+00,1.341078042110517821e+01,1.000000000000000000e+00
1.480000000000000000e+03,8.682446810644015045e+01,4.478482607038184682e+01,-7.290720979366651679e-03,1.974288195869489471e+02,5.933238405492791134e-02,0.000000000000000000e+00,8.151012807959439499e+00,1.000000000000000000e+00
1.481000000000000000e+03,4.679455151268857804e+01,3.342023109080984256e+01,-7.489002298187373563e-02,1.949454657748367481e+03,8.431886376782160575e-03,0.000000000000000000e+00,1.080810797705780146e+01,1.000000000000000000e+00
1.481000000000000000e+03,1.828039800195794129e+01,4.485034845535438564e+01,-3.925435516266573450e-03,1.102079917162457718e+02,2.713547768502045932e-01,0.000000000000000000e+00,5.821908219468839185e+00,1.000000000000000000e+00
1.482000000000000000e+03,6.724317380711688941e+01,1.332791731133839974e+01,-3.293678890108762275e-03,9.383424376812170919e+01,2.041419874866124973e-01,0.000000000000000000e+00,4.034194672785997859e+00,1.000000000000000000e+00
1.482000000000000000e+03,1.406878737813156022e+02,2.193747636657727185e+01,-2.690656193228614136e-03,7.820521632797718325e+01,2.434585907757679246e-01,0.000000000000000000e+00,1.621038142703375939e+01,1.000000000000000000e+00
1.482000000000000000e+03,6.743824805637581221e+01,2.287174784203410383e+01,2.349045545443550261e-03,-6.935141660252595841e+01,3.480345163273630416e-01,0.000000000000000000e+00,9.545823964507379245e+00,1.000000000000000000e+00
1.482000000000000000e+03,2.460454673692247951e+01,3.385087083331647051e+01,2.754595731010834204e-03,-7.986238909390888807e+01,2.891804653514167267e-01,0.000000000000000000e+00,5.287977197196428669e+00,1.000000000000000000e+00
1.482000000000000000e+03,8.183854508888053658e+01,3.510207848548927956e+01,2.774220037031153736e-03,-8.037100812080818457e+01,3.251798443276142647e-01,0.000000000000000000e+00,1.089105270989786334e+01,1.000000000000000000e+00
1.482000000000000000e+03,1.086019521373893681e+01,4.753478817716250404e+01,-6.837343585378280637e-03,1.856782706141732433e+02,1.549407560390554384e-01,0.000000000000000000e+00,7.890857116835555907e+00,1.000000000000000000e+00
1.482000000000000000e+03,5.906095411926190053e+01,4.664696684846752817e+01,-7.612729655254110890e-03,2.057745791370408881e+02,1.722002697347524425e-01,0.000000000000000000e+00,6.728969539544253919e+00,1.000000000000000000e+00
1.483000000000000000e+03,1.103564136171598733e+02,2.250585811424567240e+01,-6.624106046504156693e-03,1.801516206827943734e+02,9.361087772548348784e-02,0.000000000000000000e+00,1.190552466764010298e+01,1.000000000000000000e+00
1.483000000000000000e+03,1.074839016773995013e+02,3.405965371429508082e+01,2.601648401831398259e-03,-7.589832933793370273e+01,2.766417875049277386e-01,0.000000000000000000e+00,3.524031654445148654e+00,1.000000000000000000e+00
1.484000000000000000e+03,4.040745290233462583e+01,1.252518217667720002e+01,-7.672825207054447677e-03,2.073321242062023373e+02,1.062724208589912456e-01,0.000000000000000000e+00,7.038871139935198862e+00,1.000000000000000000e+00
1.485000000000000000e+03,2.202898154370577899e+01,9.142128360638247742e+00,-4.995857510249743921e-02,1.303286138644102266e+03,2.533213009239243529e-02,0.000000000000000000e+00,5.212449972191739889e+00,1.000000000000000000e+00
1.485000000000000000e+03,4.294241152539268569e+01,2.192552365811234338e+01,-7.556904152562879569e-03,2.043277043876572350e+02,8.508304317929371585e-02,0.000000000000000000e+00,9.736140672166085253e+00,1.000000000000000000e+00
1.485000000000000000e+03,5.233238704342038972e+01,4.672056148153291133e+01,-1.955545532956668928e-02,5.153038692278375947e+02,4.808822111082944328e-02,0.000000000000000000e+00,6.728969539544253919e+00,1.000000000000000000e+00
1.485000000000000000e+03,7.749507846455351512e+01,4.761290522927799174e+01,-7.839638136329110663e-03,2.116555499453876905e+02,6.257412851380317331e-02,0.000000000000000000e+00,9.748617482449722260e+00,1.000000000000000000e+00
1.485000000000000000e+03,3.406445012990844390e+01,5.191872262865002696e+00,3.660693809479440529e-03,-1.033464665674682266e+02,2.742807227542245485e-01,0.000000000000000000e+00,9.695933088827628055e+00,1.000000000000000000e+00
1.485000000000000000e+03,1.040737871949313842e+02,3.317088022347044074e+01,-2.270877178449265052e-03,6.732546375029394881e+01,3.296244426112101555e-01,0.000000000000000000e+00,3.524031654445148654e+00,1.000000000000000000e+00
1.485000000000000000e+03,5.625525754848362681e+01,3.864615104312557037e+01,-6.024060472546381717e-03,1.645997537476974628e+02,3.687379917660260631e-01,0.000000000000000000e+00,6.018880271531703130e+00,1.000000000000000000e+00
1.486000000000000000e+03,7.380480203578652265e+01,1.001563857198330432e+01,4.294205215808325794e-03,-1.197656945739500003e+02,4.545536498920401680e-01,0.000000000000000000e+00,6.395447039547644152e+00,1.000000000000000000e+00
1.486000000000000000e+03,8.098001145282643165e+01,1.714392276448419139e+01,-3.981580146193599949e-03,1.116631375445638383e+02,2.128565879010805295e-01,0.000000000000000000e+00,8.136901188481580505e+00,1.000000000000000000e+00
1.486000000000000000e+03,1.226038457081141928e+02,2.305519686004761226e+01,2.067617130303401208e-03,-6.205740852386158934e+01,3.639685619277798212e-01,0.000000000000000000e+00,8.526073391163910387e+00,1.000000000000000000e+00
1.486000000000000000e+03,8.819442936316960413e+00,3.260799205929271949e+01,-4.130576644010373194e-03,1.155248004055334121e+02,4.558672691435846636e-01,0.000000000000000000e+00,7.973589649659593270e+00,1.000000000000000000e+00
1.486000000000000000e+03,5.956485100589566883e+01,3.361887435791229706e+01,-4.480112942362249502e-03,1.245840156333041620e+02,3.935983434078965670e-01,0.000000000000000000e+00,6.018880271531703130e+00,1.000000000000000000e+00
1.486000000000000000e+03,1.288720473363641759e+02,3.911847685308828915e+01,2.188928850566550927e-03,-6.520154259147319920e+01,4.275944135978213545e-01,0.000000000000000000e+00,6.759491887578033875e+00,1.000000000000000000e+00
1.487000000000000000e+03,1.731834612484328417e+01,3.063220326659305570e+01,-3.150861381470456551e-02,8.251035549231611412e+02,1.434294351854192850e-02,0.000000000000000000e+00,3.737676746871905653e+00,1.000000000000000000e+00
1.487000000000000000e+03,2.849621983703309169e+01,3.743103609765062600e+01,-6.524940918893129028e-03,1.775814777867530552e+02,7.882263463508754064e-02,0.000000000000000000e+00,5.287977197196428669e+00,1.000000000000000000e+00
1.487000000000000000e+03,4.290787340709793085e+01,4.731773700036157493e+01,-6.444324041930220986e-03,1.754920649193589952e+02,2.220517769561960453e-01,0.000000000000000000e+00,5.604768978283840575e+00,1.000000000000000000e+00
1.487000000000000000e+03,1.094968182212132177e+02,4.288820312520540057e+01,2.678667172204943908e-03,-7.789448716383652993e+01,1.909375862040583183e-01,0.000000000000000000e+00,9.055115554936000066e+00,1.000000000000000000e+00
1.488000000000000000e+03,6.862543678444401962e+01,1.376742726923752613e+01,-7.408137833118641317e-03,2.004720072459203095e+02,3.211680800625910104e-01,0.000000000000000000e+00,5.698024957316612849e+00,1.000000000000000000e+00
1.488000000000000000e+03,7.285509928294203519e+01,1.758546911853704842e+01,-8.213148181679921084e-03,2.213361121831929381e+02,2.439391348112025515e-01,0.000000000000000000e+00,5.698024957316612849e+00,1.000000000000000000e+00
1.488000000000000000e+03,1.430005956781410248e+02,1.787282573742663416e+01,-7.830681269059801275e-03,2.114234075649200406e+02,7.608563176606963907e-02,0.000000000000000000e+00,4.398126035991086091e+00,1.000000000000000000e+00
1.488000000000000000e+03,1.813633166393341867e+01,1.260867009933257599e+01,-2.688480425128829052e-02,7.052645390477792944e+02,2.869497475195363911e-01,0.000000000000000000e+00,5.212449972191739889e+00,1.000000000000000000e+00
1.488000000000000000e+03,1.554425357135374419e+01,5.222026365100053624e+01,5.418037904535787097e-03,-1.488929762187798076e+02,2.316495135791777349e-01,0.000000000000000000e+00,1.954678238232235898e+01,1.000000000000000000e+00
1.489000000000000000e+03,1.185912104762206383e+02,1.553238581847014821e+01,-8.115901700219823114e-03,2.188156963927745835e+02,6.634284492996234128e-02,0.000000000000000000e+00,8.526073391163910387e+00,1.000000000000000000e+00
1.489000000000000000e+03,1.151191346895953416e+02,3.546837759221442354e+01,-3.789178663345420077e-03,1.066765125460086665e+02,1.842987907926071367e-01,0.000000000000000000e+00,9.309363748971552610e+00,1.000000000000000000e+00
1.489000000000000000e+03,1.349645636401185129e+02,3.619068320142483230e+01,-6.540331572127897931e-03,1.779803698068585049e+02,1.001495800641246658e-01,0.000000000000000000e+00,6.759491887578033875e+00,1.000000000000000000e+00
1.489000000000000000e+03,1.434463873817017543e+02,6.383211751221046448e+00,-5.292436556050684332e-02,1.380152931038088127e+03,1.258569250033638731e-01,0.000000000000000000e+00,9.139078586640309254e+00,1.000000000000000000e+00
1.490000000000000000e+03,3.966296228560323556e+01,4.274783687962229095e+01,-8.748698437823254279e-03,2.352164017513054262e+02,1.062786141303757592e-01,0.000000000000000000e+00,5.604768978283840575e+00,1.000000000000000000e+00
1.491000000000000000e+03,1.176309543918110734e+02,4.799249303487184903e+01,3.773704412208962397e-03,-1.062754538514045919e+02,2.120788833565925291e-01,0.000000000000000000e+00,8.944976112988582528e+00,1.000000000000000000e+00
1.492000000000000000e+03,1.346527013051510266e+02,8.871954927980210570e+00,-3.442190946469181334e-02,9.006097968780208021e+02,7.500571181629023254e-02,0.000000000000000000e+00,7.970353241609205774e+00,1.000000000000000000e+00
1.492000000000000000e+03,5.039146665902498512e+01,2.661803412846952810e+01,-6.301548482541387622e-03,1.717916351560766941e+02,2.509504362371841601e-01,0.000000000000000000e+00,5.526984259672961031e+00,1.000000000000000000e+00
1.492000000000000000e+03,6.429749527500545980e+01,2.793917625886107814e+01,1.998190515042377186e-03,-6.025802272859265685e+01,4.454453602239386578e-01,0.000000000000000000e+00,8.450885170078828779e+00,1.000000000000000000e+00
1.492000000000000000e+03,5.796062726542564825e+00,2.932278790196149032e+01,4.279533597342454442e-03,-1.193854383600781546e+02,2.088977935763057792e-01,0.000000000000000000e+00,9.418139778018787212e+00,1.000000000000000000e+00
1.492000000000000000e+03,1.254327491125608418e+02,4.361703913873520122e+01,-5.045460376871007367e-03,1.392365827968065162e+02,1.691331109835764179e-01,0.000000000000000000e+00,8.944976112988582528e+00,1.000000000000000000e+00
1.493000000000000000e+03,1.395211971151043144e+02,1.518260302025232278e+01,-8.171448907393888753e-03,2.202553583319327686e+02,4.042031011819875452e-01,0.000000000000000000e+00,4.398126035991086091e+00,1.000000000000000000e+00
1.493000000000000000e+03,5.221939031946662624e+01,4.662964293506559699e+01,1.909084555415556383e-02,-5.032622015320309288e+02,1.973745672062809930e-02,0.000000000000000000e+00,6.700896612560896415e+00,1.000000000000000000e+00
1.493000000000000000e+03,8.014041624814746001e+01,4.954236621799051221e+01,3.785552301663940109e-03,-1.065825251944198016e+02,2.158999872472453507e-01,0.000000000000000000e+00,8.464091344820142027e+00,1.000000000000000000e+00
1.493000000000000000e+03,2.840648655997839356e+01,3.750157946904311501e+01,7.053658551295307992e-03,-1.912846807136973837e+02,1.084301841935791932e-01,0.000000000000000000e+00,8.082722042004350627e+00,1.000000000000000000e+00
1.494000000000000000e+03,9.701290689787694532e+01,1.748072053119160074e+01,6.820987929753551636e-03,-1.852543678458645786e+02,6.393242753376116028e-02,0.000000000000000000e+00,1.159474506351049428e+01,1.000000000000000000e+00
1.494000000000000000e+03,2.157654853682701201e+01,3.106047569300076816e+01,1.286952370078149090e-02,-3.420191662973563211e+02,1.596749124273683096e-01,0.000000000000000000e+00,8.545118985298431724e+00,1.000000000000000000e+00
1.494000000000000000e+03,1.405818796185712571e+01,3.872790485317711529e+01,-7.149486596973263393e-03,1.937683337555891967e+02,6.827345510266757955e-02,0.000000000000000000e+00,1.073849224340102992e+01,1.000000000000000000e+00
1.494000000000000000e+03,1.837042868468218160e+01,1.244175769507220863e+01,2.917002107749945908e-02,-7.644923536363783114e+02,4.017315764965412317e-02,0.000000000000000000e+00,1.093084525538511365e+01,1.000000000000000000e+00
1.494000000000000000e+03,1.329171261476445238e+02,2.451215019164702369e+01,4.122464370957793292e-03,-1.153145480571613319e+02,2.356310518792207320e-01,0.000000000000000000e+00,9.643749601819244788e+00,1.000000000000000000e+00
1.495000000000000000e+03,5.586464461131555481e+01,2.738737027686831382e+01,5.778127896045582440e-03,-1.582257200563580284e+02,2.178753952352490142e-01,0.000000000000000000e+00,5.526984259672961031e+00,1.000000000000000000e+00
1.495000000000000000e+03,5.867892315162331585e+01,4.453899117338852420e+01,-6.798136573835958547e-03,1.846621107541691629e+02,1.699769710153506974e-01,0.000000000000000000e+00,6.789432170536330524e+00,1.000000000000000000e+00
1.496000000000000000e+03,1.360536646611254525e+02,5.174455435753273491e+01,-5.964474633747866850e-02,1.554330480432034165e+03,1.006873561147569873e-02,0.000000000000000000e+00,1.337386820338555005e+01,1.000000000000000000e+00
1.497000000000000000e+03,2.249443586286687946e+01,2.256479789016460558e+01,-3.194317014264667909e-02,8.363663030897457702e+02,1.400444483331741985e-02,0.000000000000000000e+00,8.545118985298431724e+00,1.000000000000000000e+00
1.497000000000000000e+03,7.191445512985411881e+01,5.153595744333873085e+01,-3.710541087918884512e-02,9.701602755910574842e+02,1.035503913756119498e-02,0.000000000000000000e+00,8.464091344820142027e+00,1.000000000000000000e+00
1.497000000000000000e+03,7.329121398416181421e+01,4.126792246891003657e+01,-7.259258620147041562e-03,1.966133841512364882e+02,1.285142182251528542e-01,0.000000000000000000e+00,1.035992312611466915e+01,1.000000000000000000e+00
1.498000000000000000e+03,9.197556360575192969e+01,7.037383629363523241e+00,3.727323906403739659e-03,-1.050733727329526204e+02,2.260127823707442918e-01,0.000000000000000000e+00,1.159474506351049428e+01,1.000000000000000000e+00
1.498000000000000000e+03,6.433617076300029680e+01,2.012257355383682267e+01,-8.105110731000998020e-03,2.185360181071987427e+02,8.498711664228575380e-02,0.000000000000000000e+00,1.115992951436735581e+01,1.000000000000000000e+00
1.498000000000000000e+03,1.234951992718982012e+02,2.245564822698032614e+01,-3.475854858623497745e-02,9.093347455329302420e+02,1.122589739994861446e-02,0.000000000000000000e+00,9.643749601819244788e+00,1.000000000000000000e+00
1.498000000000000000e+03,1.261043508542126830e+02,3.394098320476695818e+01,3.737615055689145691e-03,-1.053400967806615682e+02,1.304850399804179384e-01,0.000000000000000000e+00,1.163257491650475650e+01,1.000000000000000000e+00
1.498000000000000000e+03,1.116088535827459083e+02,4.042909375034727049e+01,-7.034339220579942029e-03,1.907839659786835398e+02,1.747491365326785395e-01,0.000000000000000000e+00,4.568017550029304985e+00,1.000000000000000000e+00
1.498000000000000000e+03,8.488171526244894949e+01,1.878724638960337856e+01,-3.664500475423409197e-03,1.034451270106017091e+02,2.591509949845087757e-01,0.000000000000000000e+00,1.220134502070066063e+01,1.000000000000000000e+00
1.498000000000000000e+03,1.235552627115391147e+02,4.621991220772046915e+01,-6.000344934022824699e-03,1.639850989357640003e+02,2.306802262814926507e-01,0.000000000000000000e+00,1.254073155037982268e+01,1.000000000000000000e+00
1.498000000000000000e+03,1.071573240105648850e+01,5.052471008905607164e+01,-6.315369054060713735e-03,1.721498340972302685e+02,2.684593642767544308e-01,0.000000000000000000e+00,1.226118358679896225e+01,1.000000000000000000e+00
1.498000000000000000e+03,4.799617158024180696e+01,5.183218451518683878e+01,4.472960834889365758e-03,-1.243986486736078234e+02,2.002149432171055343e-01,0.000000000000000000e+00,6.700896612560896415e+00,1.000000000000000000e+00
1.500000000000000000e+03,1.421814484291595591e+02,5.021543221244705535e+00,-2.935717279058066426e-02,7.693429161016872513e+02,1.468811560645257863e-01,0.000000000000000000e+00,2.159864731844326613e+01,1.000000000000000000e+00
1.500000000000000000e+03,4.782081753873810470e+01,3.110751620808250095e+01,-4.540651917617512939e-03,1.261530532671410185e+02,1.239414611018860857e-01,0.000000000000000000e+00,8.862428545441671801e+00,1.000000000000000000e+00
1.501000000000000000e+03,1.047340497574534055e+02,1.995816012099489356e+01,-1.030908978762079369e-02,2.756583276514792260e+02,5.831994228068360098e-02,0.000000000000000000e+00,1.052829252624290923e+01,1.000000000000000000e+00
1.502000000000000000e+03,2.819386974767634158e+01,3.199233996974475858e+01,-5.976754281651674994e-02,1.557513096194871423e+03,6.829855043953281246e-03,0.000000000000000000e+00,6.752869942193851394e+00,1.000000000000000000e+00
1.503000000000000000e+03,1.071925621591057478e+02,4.159663578336282796e+01,-7.440815946724286568e-03,2.013189523723262084e+02,8.346791774681472376e-02,0.000000000000000000e+00,4.568017550029304985e+00,1.000000000000000000e+00
1.503000000000000000e+03,2.250509392290535970e+01,2.261740231309191884e+01,3.174658707067955221e-02,-8.312713004605947162e+02,4.385556897047082625e-02,0.000000000000000000e+00,4.271697925947617769e+00,1.000000000000000000e+00
1.503000000000000000e+03,6.330035423943604656e+01,5.277340118812215763e+01,-4.671184227246024182e-03,1.295361648142921354e+02,3.055449376493177827e-01,0.000000000000000000e+00,1.533309804610252591e+01,1.000000000000000000e+00
1.504000000000000000e+03,6.114129686789717510e+01,2.137226371477360232e+01,-8.475679920780139487e-03,2.281403598102464798e+02,9.930899769423051637e-02,0.000000000000000000e+00,9.155415074690804289e+00,1.000000000000000000e+00
1.504000000000000000e+03,7.562743578109784437e+01,7.888055750464004312e+00,5.032935112751156168e-03,-1.389119553862015835e+02,1.287263528298825399e-01,0.000000000000000000e+00,8.451286064172039758e+00,1.000000000000000000e+00
1.504000000000000000e+03,2.645123946483075628e+01,1.437189033490368928e+01,7.892833506272933439e-03,-2.130342574150103019e+02,2.520968900163484960e-01,0.000000000000000000e+00,9.141145027867310091e+00,1.000000000000000000e+00
1.504000000000000000e+03,1.191751187208782596e+02,3.265316659766752849e+01,1.897785836213202555e-03,-5.765575338009423234e+01,2.820382196163137012e-01,0.000000000000000000e+00,1.495216716170464721e+01,1.000000000000000000e+00
1.504000000000000000e+03,2.948260923853518278e+01,4.849103020628562177e+01,-8.014562977849047642e-03,2.161892186816100434e+02,1.051031366872314798e-01,0.000000000000000000e+00,7.500537335878323830e+00,1.000000000000000000e+00
1.505000000000000000e+03,1.145051965107467424e+02,1.603774756059421946e+01,-5.684861693063798446e-03,1.558084643656819139e+02,1.227889491184768200e-01,0.000000000000000000e+00,1.052829252624290923e+01,1.000000000000000000e+00
1.505000000000000000e+03,6.465873125814388800e+01,5.798505540768327471e+00,-4.260370891328893808e-03,1.188887829942638064e+02,2.519430422417240356e-01,0.000000000000000000e+00,7.268503795241494814e+00,1.000000000000000000e+00
1.505000000000000000e+03,2.188882124989324751e+01,4.339591501862535949e+01,-8.179441413382950235e-03,2.204625065803566315e+02,1.581859390553432831e-01,0.000000000000000000e+00,8.764979991170447349e+00,1.000000000000000000e+00
1.506000000000000000e+03,6.863855397643912681e+01,2.662704830011035995e+01,9.301449632244072896e-03,-2.495425019625760115e+02,1.035125154986977769e-01,0.000000000000000000e+00,3.366937535421045791e+00,1.000000000000000000e+00
1.506000000000000000e+03,1.203914616533757425e+02,4.932437780385112092e+01,2.998105362817869105e-03,-8.617362536601235945e+01,2.982221862214237129e-01,0.000000000000000000e+00,1.247227879583878618e+01,1.000000000000000000e+00
1.507000000000000000e+03,5.119317993528869515e+00,1.751613464373337337e+01,-4.877823842058916400e-03,1.348918110061194398e+02,1.262711188609321189e-01,0.000000000000000000e+00,1.090447664588740295e+01,1.000000000000000000e+00
1.507000000000000000e+03,9.219379303969550676e+01,2.514613434208565934e+01,-8.840329126476902805e-03,2.375912684930324872e+02,5.081114690633248276e-02,0.000000000000000000e+00,1.501787098167476131e+01,1.000000000000000000e+00
1.507000000000000000e+03,2.517527448390177014e+01,2.595169968168729824e+01,-9.768983910257262107e-03,2.616599663599875498e+02,2.591927666386291129e-01,0.000000000000000000e+00,4.271697925947617769e+00,1.000000000000000000e+00
1.508000000000000000e+03,9.680850570365666385e+01,1.085484763125008811e+01,-3.309155604570510056e-02,8.661299502685890275e+02,1.829922125949123846e-02,0.000000000000000000e+00,5.372930601918512572e+00,1.000000000000000000e+00
1.508000000000000000e+03,1.328504300360597767e+02,4.990043787051895663e+01,-7.768040563066764582e-03,2.097998976739983163e+02,8.330315840513247139e-02,0.000000000000000000e+00,8.512721095584758757e+00,1.000000000000000000e+00
1.508000000000000000e+03,8.146441076535356274e+01,1.399984429160656241e+01,-3.334131736558608103e-03,9.488269294004774679e+01,2.016579424578464064e-01,0.000000000000000000e+00,8.451286064172039758e+00,1.000000000000000000e+00
1.508000000000000000e+03,2.290817710127822693e+01,5.210141832939754636e+01,-3.951802157763855718e-03,1.108913573102731220e+02,3.280071651887027651e-01,0.000000000000000000e+00,7.237011180536931043e+00,1.000000000000000000e+00
1.509000000000000000e+03,1.320941907190063347e+01,3.202781205906889284e+01,4.099337487036348524e-03,-1.147151498831235585e+02,1.734177313075718763e-01,0.000000000000000000e+00,6.710087174952310995e+00,1.000000000000000000e+00
1.510000000000000000e+03,5.839240541369738935e+01,9.481480945609076727e+00,-7.576267582213811261e-03,2.048295620704865314e+02,8.273832341859321815e-02,0.000000000000000000e+00,7.268503795241494814e+00,1.000000000000000000e+00
1.510000000000000000e+03,1.034906173296777894e+02,3.518349528191284037e+01,-3.270870608253761275e-02,8.562073178191633360e+02,1.300903722186252942e-02,0.000000000000000000e+00,9.315877102043533142e+00,1.000000000000000000e+00
1.510000000000000000e+03,2.951213517471750336e+01,1.125466949177043041e+01,-4.789149510025749422e-03,1.325935665523815601e+02,3.018996873214869758e-01,0.000000000000000000e+00,5.310937029224890082e+00,1.000000000000000000e+00
1.510000000000000000e+03,2.937380605768934316e+01,4.885026883648974660e+01,5.868062950929678161e-03,-1.605566396849002899e+02,1.689304405895443173e-01,0.000000000000000000e+00,7.237011180536931043e+00,1.000000000000000000e+00
1.511000000000000000e+03,2.936266253554112637e+01,5.945836281117665045e+00,3.433533369445650185e-03,-9.745896553480137925e+01,4.106959665305917051e-01,0.000000000000000000e+00,5.310937029224890082e+00,1.000000000000000000e+00
1.511000000000000000e+03,8.285220051868011026e+00,7.081352658578734527e+00,-4.930642015174483903e-03,1.362607423601669154e+02,1.945817651331128717e-01,0.000000000000000000e+00,1.090447664588740295e+01,1.000000000000000000e+00
1.511000000000000000e+03,1.319957599478277359e+02,1.589584926759431127e+01,2.728707637842699152e-02,-7.156905514449638304e+02,1.830399202866728192e-01,0.000000000000000000e+00,7.677331806654105861e+00,1.000000000000000000e+00
1.512000000000000000e+03,6.697343744837471036e+01,3.536828544597550916e+01,-3.408332817706808109e-03,9.680582243310578860e+01,2.934832889837204473e-01,0.000000000000000000e+00,5.463439035702183588e+00,1.000000000000000000e+00
1.513000000000000000e+03,9.631258865006300596e+01,5.504852348169231746e+00,-2.466520868489342766e-02,6.477374837765858047e+02,1.278601631245509518e-01,0.000000000000000000e+00,5.372930601918512572e+00,1.000000000000000000e+00
1.513000000000000000e+03,1.246044677695421683e+02,1.797195706939011117e+01,-8.203198267320261500e-03,2.210782321973171918e+02,2.674705894898203873e-01,0.000000000000000000e+00,7.677331806654105861e+00,1.000000000000000000e+00
1.513000000000000000e+03,9.025083094651220605e+00,2.678218508749002424e+01,3.591069158924160842e-03,-1.015419481311493684e+02,2.330416976735295576e-01,0.000000000000000000e+00,6.710087174952310995e+00,1.000000000000000000e+00
1.513000000000000000e+03,1.151488876808761006e+02,3.618073494083650132e+01,-8.077275523773404936e-03,2.178145905061931558e+02,1.386139885931707560e-01,0.000000000000000000e+00,9.986313218105827616e+00,1.000000000000000000e+00
1.513000000000000000e+03,1.246748006127341881e+02,5.227225236235145900e+01,-9.135515706591903345e-03,2.452418580719131285e+02,1.212922076815555750e-01,0.000000000000000000e+00,8.512721095584758757e+00,1.000000000000000000e+00
1.514000000000000000e+03,1.396453016498630575e+02,4.982178142195918014e+01,-9.889815515698776802e-03,2.647916569030675760e+02,9.787965115888608292e-02,0.000000000000000000e+00,8.806345601594673056e+00,1.000000000000000000e+00
1.514000000000000000e+03,1.114542699193178237e+02,5.172115001987845773e+01,-7.014866197524045541e-03,1.902792678748513708e+02,8.886010606100203102e-02,0.000000000000000000e+00,7.274954586667895740e+00,1.000000000000000000e+00
1.514000000000000000e+03,1.027758875567506607e+02,4.590778504642975122e+01,4.160040176570579604e-03,-1.162884306324709343e+02,3.453425606520947877e-01,0.000000000000000000e+00,5.061191639076981552e+00,1.000000000000000000e+00
1.515000000000000000e+03,1.092183844355607931e+02,2.783650609169732348e+01,-9.895776537592796893e-03,2.649461535335177018e+02,1.251794267205366129e-01,0.000000000000000000e+00,7.139738645077922108e+00,1.000000000000000000e+00
1.515000000000000000e+03,7.263453016072651280e+01,8.311347959373236449e+00,-2.189774227983986438e-02,5.760108164255277643e+02,2.670127425688362255e-02,0.000000000000000000e+00,3.819910236002518999e+00,1.000000000000000000e+00
1.515000000000000000e+03,9.311899674527028026e+01,1.410824942163666940e+01,-2.634657611945421044e-02,6.913148448073907275e+02,2.579741407694946531e-02,0.000000000000000000e+00,9.177007707205312670e+00,1.000000000000000000e+00
1.515000000000000000e+03,4.077413992945347587e+01,2.213515847934185743e+01,-9.356762749581004276e-03,2.509760968059068489e+02,5.645940846518548994e-02,0.000000000000000000e+00,8.892667384570337674e+00,1.000000000000000000e+00
1.515000000000000000e+03,8.340426164735062287e+01,1.693316317341066224e+01,-3.657643698319406125e-03,1.032674143671740978e+02,1.814527135086586584e-01,0.000000000000000000e+00,8.041617544972316622e+00,1.000000000000000000e+00
1.515000000000000000e+03,6.620022722946313820e+01,2.708733573435226560e+01,-6.568463801949114833e-03,1.787094955828914919e+02,1.081555096626239942e-01,0.000000000000000000e+00,3.150429922616555523e+00,1.000000000000000000e+00
1.516000000000000000e+03,4.495521670048132279e+01,1.428671084637822908e+01,-6.131416008255423031e-03,1.673821740813412191e+02,1.376669187080934442e-01,0.000000000000000000e+00,8.892667384570337674e+00,1.000000000000000000e+00
1.516000000000000000e+03,8.514160387899626414e+01,2.478486711012065058e+01,4.044260398528685789e-03,-1.132876723900490106e+02,1.538396835475329683e-01,0.000000000000000000e+00,8.041617544972316622e+00,1.000000000000000000e+00
1.516000000000000000e+03,8.935581212225642389e+01,5.224688640107067528e+01,-7.625360195227442149e-03,2.061019350671714960e+02,1.299797644714447697e-01,0.000000000000000000e+00,1.484192139353682371e+01,1.000000000000000000e+00
1.516000000000000000e+03,1.235737175840934157e+02,4.154251568905537084e+01,2.557641988738834117e-03,-7.475777950237299763e+01,4.116307712656596118e-01,0.000000000000000000e+00,9.986313218105827616e+00,1.000000000000000000e+00
1.516000000000000000e+03,1.078137697522979011e+02,4.542260076056420104e+01,-8.229400869834339535e-03,2.217573462602114205e+02,1.273179094398756428e-01,0.000000000000000000e+00,5.061191639076981552e+00,1.000000000000000000e+00
1.516000000000000000e+03,1.087397035404808321e+01,4.633047121978031413e+01,-5.820731814377681605e-03,1.593299202997568216e+02,9.940080040158794095e-02,0.000000000000000000e+00,1.239137709325980552e+01,1.000000000000000000e+00
1.517000000000000000e+03,4.845445873780678170e+01,4.804870843673531766e+01,-7.306305442362582246e-03,1.978327347315421321e+02,8.374110620099772806e-02,0.000000000000000000e+00,1.869849549496068519e+01,1.000000000000000000e+00
1.517000000000000000e+03,1.889377186493306482e+01,1.216136839117775281e+01,-7.040197660040725842e-03,1.909358038971610938e+02,1.126280379622590644e-01,0.000000000000000000e+00,1.188648643711182729e+01,1.000000000000000000e+00
1.517000000000000000e+03,3.417119366729107810e+01,3.260652177368972104e+01,-1.124673803469706211e-02,2.999601163877513272e+02,8.358841109707215722e-02,0.000000000000000000e+00,5.732292451246218334e+00,1.000000000000000000e+00
1.517000000000000000e+03,1.133643132890420020e+02,2.202383528888291409e+01,-5.128279683618592634e-03,1.413830778200096177e+02,3.563401735898427125e-01,0.000000000000000000e+00,7.139738645077922108e+00,1.000000000000000000e+00
1.517000000000000000e+03,6.565205816109956061e+01,2.398496255083498241e+01,4.859696245984665083e-03,-1.344219834226236117e+02,3.002409543668271841e-01,0.000000000000000000e+00,3.150429922616555523e+00,1.000000000000000000e+00
1.517000000000000000e+03,7.057416052736705581e+01,4.099462762332795762e+01,2.623292253633719654e-03,-7.645929056788244793e+01,3.777031707638011104e-01,0.000000000000000000e+00,6.679890192828263018e+00,1.000000000000000000e+00
1.517000000000000000e+03,2.128199205786105352e+01,5.305500172237467638e+01,6.826376467178633771e-03,-1.853940269328518013e+02,1.158281125076553453e-01,0.000000000000000000e+00,1.239137709325980552e+01,1.000000000000000000e+00
1.519000000000000000e+03,8.424883513461681162e+01,6.139346296086759303e+00,-6.079379745613211136e-03,1.660335081340637373e+02,1.329971150596187535e-01,0.000000000000000000e+00,1.082680872448549714e+01,1.000000000000000000e+00
1.520000000000000000e+03,3.053838161683494690e+01,9.775656014223018886e+00,-8.736541110696331019e-03,2.349013104616267356e+02,6.985427024597701262e-02,0.000000000000000000e+00,1.188648643711182729e+01,1.000000000000000000e+00
1.520000000000000000e+03,6.883735303448449372e+01,7.895222878344440254e+00,-7.192053126195151885e-03,1.948715649551485569e+02,9.329650182881910059e-02,0.000000000000000000e+00,3.819910236002518999e+00,1.000000000000000000e+00
1.520000000000000000e+03,6.413106892458666053e+00,1.091748186050492997e+01,-6.056767008665323027e-03,1.654474355233912490e+02,2.386466280984191890e-01,0.000000000000000000e+00,1.046559699043842429e+01,1.000000000000000000e+00
1.521000000000000000e+03,6.932610750646885833e+01,2.633989280572914637e+01,-8.196969442468147321e-03,2.209167947007897510e+02,8.903304655334465245e-02,0.000000000000000000e+00,4.363981564766795884e+00,1.000000000000000000e+00
1.521000000000000000e+03,1.015494305307880865e+02,4.084950210355427913e+01,-5.010354069801529857e-03,1.383267042145413939e+02,3.725165948796465010e-01,0.000000000000000000e+00,7.495129588707044377e+00,1.000000000000000000e+00
1.521000000000000000e+03,1.337107802991506560e+02,4.374540743992854175e+01,-7.380887400166892716e-03,1.997657357132530080e+02,1.102727840961993389e-01,0.000000000000000000e+00,5.341308850308422507e+00,1.000000000000000000e+00
1.521000000000000000e+03,1.164426467414422319e+02,4.868153986812463785e+01,-8.134098893449785705e-03,2.192873277821005900e+02,1.521158837356526572e-01,0.000000000000000000e+00,9.223784592051753606e+00,1.000000000000000000e+00
1.522000000000000000e+03,1.007862027620638656e+02,1.339624856393232477e+01,-9.490929035190958166e-03,2.544533930506234753e+02,4.498108105443044957e-01,0.000000000000000000e+00,7.804301306084900247e+00,1.000000000000000000e+00
1.522000000000000000e+03,1.127749013069553712e+02,3.073137547755149512e+01,-9.948171603539548644e-03,2.663041188765248535e+02,1.579584218367849902e-01,0.000000000000000000e+00,6.841855288819507663e+00,1.000000000000000000e+00
1.522000000000000000e+03,8.616789619314990034e+01,5.320278345573437662e+01,-6.603398720521969252e-03,1.796149321507341199e+02,3.488372609667256263e-01,0.000000000000000000e+00,1.760122489775193699e+01,1.000000000000000000e+00
1.522000000000000000e+03,6.519709361125480029e+01,1.408266608535213216e+01,-6.974514598826494702e-03,1.892334428228913907e+02,1.245413643839352602e-01,0.000000000000000000e+00,7.178853815781333303e+00,1.000000000000000000e+00
1.523000000000000000e+03,1.371345538923952923e+01,1.841639059390228894e+01,-4.316422907206969584e-03,1.203415284692952127e+02,2.628828279214360242e-01,0.000000000000000000e+00,8.423004299080631085e+00,1.000000000000000000e+00
1.523000000000000000e+03,9.469940496571196320e+01,3.780744403222898598e+01,-2.448373904797191206e-02,6.430341882792968136e+02,1.718277518789731451e-01,0.000000000000000000e+00,7.495129588707044377e+00,1.000000000000000000e+00
1.523000000000000000e+03,1.356921043303729277e+02,3.073501086848456509e+01,3.038269458009421747e-03,-8.721459073780516746e+01,3.841125797795774677e-01,0.000000000000000000e+00,3.624758645095068399e+00,1.000000000000000000e+00
1.524000000000000000e+03,9.556816750029028640e+01,7.592867921320122448e+00,-3.461206398842160692e-02,9.055381856179744773e+02,4.546162229065187077e-02,0.000000000000000000e+00,7.804301306084900247e+00,1.000000000000000000e+00
1.524000000000000000e+03,1.416041859472816498e+02,1.105778974041001206e+01,4.960454923288094842e-03,-1.370334276361752757e+02,2.296899775633495233e-01,0.000000000000000000e+00,1.743719780223247895e+01,1.000000000000000000e+00
1.525000000000000000e+03,3.286540202055062565e+01,2.672746681392518653e+01,-7.393632711207150272e-03,2.000960662580433791e+02,1.062632740246464147e-01,0.000000000000000000e+00,8.987585983389276834e+00,1.000000000000000000e+00
1.525000000000000000e+03,3.814513668989594208e+01,3.569303235105453354e+01,-9.168521796470917654e-03,2.460973036249243933e+02,7.549385585442547342e-02,0.000000000000000000e+00,9.324287892938071920e+00,1.000000000000000000e+00
1.525000000000000000e+03,1.393101000162718037e+02,3.051369107269449898e+01,-4.527917161815392041e-03,1.258229962910029371e+02,2.216326160420000191e-01,0.000000000000000000e+00,3.624758645095068399e+00,1.000000000000000000e+00
1.526000000000000000e+03,6.278843490075586509e+00,5.301353733881994401e+01,-3.825985131831410174e-02,1.000080843082876413e+03,2.037441667037598325e-02,0.000000000000000000e+00,2.901931194730993724e+01,1.000000000000000000e+00
1.526000000000000000e+03,2.030452951023676533e+01,1.317189411150750011e+01,6.536510235382909061e-03,-1.778813291286975300e+02,1.815565998306037931e-01,0.000000000000000000e+00,8.423004299080631085e+00,1.000000000000000000e+00
1.526000000000000000e+03,1.270427366322916782e+02,4.322260577517880620e+01,-4.993899677553264790e-03,1.379002424092237220e+02,1.685327441070184618e-01,0.000000000000000000e+00,6.688507152108249976e+00,1.000000000000000000e+00
1.526000000000000000e+03,7.584264028456827589e+01,1.782142418571563525e+01,3.292394439071546618e-03,-9.380095361070304705e+01,3.054843630997120529e-01,0.000000000000000000e+00,8.015205474770731087e+00,1.000000000000000000e+00
1.526000000000000000e+03,2.158200208849604351e+01,2.269991411222826017e+01,2.498705061596206371e-03,-7.323026344648397412e+01,4.571135675759788741e-01,0.000000000000000000e+00,7.919438542907275114e+00,1.000000000000000000e+00
1.527000000000000000e+03,1.240683036260898433e+02,2.505578267099525647e+01,-8.187667919563119262e-03,2.206757196011791962e+02,7.696009506245660159e-02,0.000000000000000000e+00,6.806267956258731822e+00,1.000000000000000000e+00
1.527000000000000000e+03,4.205661090645232036e+01,2.373770688433639364e+01,-3.479103793545855645e-03,9.864005110986505542e+01,2.662567400009968610e-01,0.000000000000000000e+00,9.407624265840397015e+00,1.000000000000000000e+00
1.527000000000000000e+03,1.172825919150752725e+02,2.558436574620115422e+01,-4.773170948399321940e-03,1.321794372345208899e+02,2.117699076960058990e-01,0.000000000000000000e+00,6.806267956258731822e+00,1.000000000000000000e+00
1.528000000000000000e+03,8.858516440674461023e+01,1.683001570948906078e+01,-5.805745157257022684e-03,1.589414989740146211e+02,3.197754346466359365e-01,0.000000000000000000e+00,6.055321418973906411e+00,1.000000000000000000e+00
1.528000000000000000e+03,1.249695460538498395e+02,5.828581118636715352e+00,2.346161516590444720e-03,-6.927666889184017407e+01,2.363776504956395241e-01,0.000000000000000000e+00,1.743719780223247895e+01,1.000000000000000000e+00
1.528000000000000000e+03,1.039746527607705247e+02,3.384693895046876833e+01,-2.814710288461927303e-03,8.142042674790786805e+01,3.378157493856667193e-01,0.000000000000000000e+00,7.299461313584476585e+00,1.000000000000000000e+00
1.529000000000000000e+03,1.038459590561187156e+02,6.705663759001316393e+00,-6.886299590713893838e-03,1.869471030390699013e+02,6.813128741593343918e-02,0.000000000000000000e+00,8.325200554183680879e+00,1.000000000000000000e+00
1.529000000000000000e+03,5.143584325469458918e+01,2.300736800072489885e+01,-8.445694058569607615e-03,2.273631919428851802e+02,9.444863561495520088e-02,0.000000000000000000e+00,5.025706731832005225e+00,1.000000000000000000e+00
1.529000000000000000e+03,1.289971293149283724e+02,4.972010639798943998e+01,-8.396961874446263324e-03,2.261001604735517958e+02,6.488275443453095370e-02,0.000000000000000000e+00,6.785069277565884072e+00,1.000000000000000000e+00
1.529000000000000000e+03,1.125198979208969945e+02,5.329854373199411555e+01,8.217017026441668370e-03,-2.214363841650865368e+02,1.464939712514740089e-01,0.000000000000000000e+00,1.686132759203294995e+01,1.000000000000000000e+00
1.530000000000000000e+03,7.663319378250302805e+01,4.858238608071708597e+01,-3.300721859294733843e-03,9.401678210247817447e+01,2.547776695266688041e-01,0.000000000000000000e+00,1.273603056585325888e+01,1.000000000000000000e+00
1.531000000000000000e+03,8.156425696517560198e+01,1.220834825865116180e+01,-3.281465312607027146e-02,8.589532331207614106e+02,2.231724716429084321e-02,0.000000000000000000e+00,8.015205474770731087e+00,1.000000000000000000e+00
1.531000000000000000e+03,6.032005687860163334e+01,3.006814126321983593e+01,-6.982701345446101424e-03,1.894456253629936384e+02,2.288804434428133305e-01,0.000000000000000000e+00,1.134829373868948288e+01,1.000000000000000000e+00
1.531000000000000000e+03,2.931360062340608508e+01,2.441452512638342398e+01,2.846814130752267115e-03,-8.225248801970691659e+01,3.191588097555222436e-01,0.000000000000000000e+00,6.544821360923999798e+00,1.000000000000000000e+00
1.531000000000000000e+03,1.099601730569748099e+02,2.815447903457658185e+01,7.161460155302938613e-03,-1.940786621605710423e+02,7.289141600171489266e-02,0.000000000000000000e+00,7.760367275364564499e+00,1.000000000000000000e+00
1.532000000000000000e+03,2.695297663181899495e+01,4.485355403286462916e+01,-4.311144172928871136e-03,1.202047152393646030e+02,2.698607762114461073e-01,0.000000000000000000e+00,8.768450402634778484e+00,1.000000000000000000e+00
1.532000000000000000e+03,6.953335844788847453e+01,1.267349712037779419e+01,3.681976972182623466e-03,-1.038980795260219452e+02,2.351592916599887229e-01,0.000000000000000000e+00,1.203988715050216740e+01,1.000000000000000000e+00
1.532000000000000000e+03,9.667519147092589549e+01,3.384752765769681560e+01,-6.893156419508683110e-03,1.871248170222094700e+02,1.253602959549199314e-01,0.000000000000000000e+00,4.551923557294150768e+00,1.000000000000000000e+00
1.532000000000000000e+03,4.652606011458616564e+01,9.518979850704392121e+00,-3.331375477121745893e-03,9.481125673276442001e+01,2.401886218929487615e-01,0.000000000000000000e+00,9.770465558305945208e+00,1.000000000000000000e+00
1.532000000000000000e+03,8.952458921328177155e+01,1.084800948081069372e+01,-1.700935613893308010e-02,4.493145551910370159e+02,1.202122319515992466e-01,0.000000000000000000e+00,6.055321418973906411e+00,1.000000000000000000e+00
1.532000000000000000e+03,3.270031272633206498e+01,1.635607103796952444e+01,2.140248776136729515e-03,-6.393986169125465580e+01,4.581597669668880934e-01,0.000000000000000000e+00,7.995428070542927479e+00,1.000000000000000000e+00
1.532000000000000000e+03,8.674488375143891972e+01,4.083898885814934943e+01,3.168972518738109694e-03,-9.060212777945908158e+01,2.486106932419802629e-01,0.000000000000000000e+00,1.117068812594246019e+01,1.000000000000000000e+00
1.533000000000000000e+03,4.455480262345045617e+01,1.908852221853390319e+01,3.033898384081695418e-03,-8.710130207601386587e+01,1.875480287252621059e-01,0.000000000000000000e+00,7.038417373152530132e+00,1.000000000000000000e+00
1.533000000000000000e+03,1.325709732341143479e+02,4.183908842420490970e+01,-8.298121904237388408e-03,2.235384449451483988e+02,9.279857190119722432e-02,0.000000000000000000e+00,8.653485116519089360e+00,1.000000000000000000e+00
1.533000000000000000e+03,2.657075475583573620e+01,1.122232103260787639e+01,3.327406890024666147e-03,-9.470839964801494659e+01,3.007383113735716540e-01,0.000000000000000000e+00,7.995428070542927479e+00,1.000000000000000000e+00
1.533000000000000000e+03,1.984816591955525666e+01,2.372191672730768630e+01,3.768383573476715050e-03,-1.061375493662481944e+02,3.586540052042219706e-01,0.000000000000000000e+00,5.103068847847617384e+00,1.000000000000000000e+00
1.534000000000000000e+03,8.015339198144776844e+01,2.067320640421535671e+01,-7.003671987275983564e-03,1.899891384650582040e+02,1.109246370423825345e-01,0.000000000000000000e+00,8.377477986413573774e+00,1.000000000000000000e+00
1.534000000000000000e+03,3.585807637223715716e+01,2.448178447048558226e+01,3.788776728393698865e-03,-1.066660952724597422e+02,1.574629921813007760e-01,0.000000000000000000e+00,4.716343975294125634e+00,1.000000000000000000e+00
1.535000000000000000e+03,1.065464957201448470e+02,1.132064682489156127e+01,-9.137809211072489557e-03,2.453013006843498260e+02,6.244779196049354830e-02,0.000000000000000000e+00,1.557433813142738011e+01,1.000000000000000000e+00
1.535000000000000000e+03,4.864351660448024717e+01,4.802362697136420877e+01,7.230525831141665707e-03,-1.958686931966169880e+02,7.720457227139221335e-02,0.000000000000000000e+00,6.465214075460433918e+00,1.000000000000000000e+00
1.535000000000000000e+03,9.344618565912747954e+01,3.063917456945645057e+01,3.226316610493328539e-03,-9.208836103105858228e+01,3.563932196836122612e-01,0.000000000000000000e+00,4.551923557294150768e+00,1.000000000000000000e+00
1.535000000000000000e+03,3.176937034436716090e+01,5.290295293212126637e+01,-8.272286371557167201e-03,2.228688445283166857e+02,5.602512241047286068e-02,0.000000000000000000e+00,9.380323610282720992e+00,1.000000000000000000e+00
1.536000000000000000e+03,1.613459723524891842e+01,2.722201948191534271e+01,-6.447271062623264291e-03,1.755684452405584182e+02,1.347463455544938293e-01,0.000000000000000000e+00,5.103068847847617384e+00,1.000000000000000000e+00
1.536000000000000000e+03,2.372826834358174608e+01,3.646408733267581681e+01,-8.484111005165630853e-03,2.283588750500421725e+02,7.949414363630613600e-02,0.000000000000000000e+00,8.987874891085375850e+00,1.000000000000000000e+00
1.536000000000000000e+03,3.512621200816353451e+01,4.167803109225529568e+01,-6.714782452557931103e-03,1.825017545097965694e+02,6.927883334475370969e-02,0.000000000000000000e+00,8.768450402634778484e+00,1.000000000000000000e+00
1.536000000000000000e+03,5.877541677131524267e+01,4.411617433331534244e+01,2.990517374426183463e-03,-8.597696132765572941e+01,2.873900060285140556e-01,0.000000000000000000e+00,1.003689074888240462e+01,1.000000000000000000e+00
1.537000000000000000e+03,1.202881677726644085e+02,1.865048020860743705e+01,-3.575038762866542680e-02,9.350410409850779843e+02,9.790740652952822920e-03,0.000000000000000000e+00,1.557433813142738011e+01,1.000000000000000000e+00
1.537000000000000000e+03,3.153974790481323964e+01,2.988681504548570800e+01,7.211278571822184874e-03,-1.953698463943190404e+02,1.283663530219624205e-01,0.000000000000000000e+00,6.918259627193098282e+00,1.000000000000000000e+00
1.537000000000000000e+03,8.658769954990019357e+01,5.200857104970237543e+01,3.289497737677496945e-03,-9.372587745551398086e+01,2.228671100406265371e-01,0.000000000000000000e+00,1.117068812594246019e+01,1.000000000000000000e+00
1.538000000000000000e+03,4.135819599699533455e+01,1.281787430987258425e+01,-7.606506434700122977e-03,2.056132868916452310e+02,1.306380999020136935e-01,0.000000000000000000e+00,7.038417373152530132e+00,1.000000000000000000e+00
1.538000000000000000e+03,1.067685296290179622e+02,3.700058293525226816e+01,-2.639385242085821176e-02,6.925401429856093500e+02,8.907739059036301477e-03,0.000000000000000000e+00,9.043183734504614435e+00,1.000000000000000000e+00
1.538000000000000000e+03,4.906626540312860385e+01,4.157224909568733295e+01,-6.872529201252162122e-03,1.865902047069302512e+02,1.408262129593134127e-01,0.000000000000000000e+00,6.465214075460433918e+00,1.000000000000000000e+00
1.538000000000000000e+03,1.503458385818824006e+01,3.298192188072137299e+01,4.243785384638635964e-03,-1.184589229898032130e+02,2.867210695684603294e-01,0.000000000000000000e+00,5.864000773659899579e+00,1.000000000000000000e+00
1.539000000000000000e+03,7.181834697955976310e+01,1.983108869905424854e+01,3.372769561897697929e-03,-9.588410074041146913e+01,2.550119323608882604e-01,0.000000000000000000e+00,8.377477986413573774e+00,1.000000000000000000e+00
1.539000000000000000e+03,7.697006384289899472e+01,4.324238399427695612e+01,-6.438439669471002734e-03,1.753395548743657457e+02,9.448077066376159294e-02,0.000000000000000000e+00,6.757014541561088272e+00,1.000000000000000000e+00
1.539000000000000000e+03,3.679734481086712350e+01,1.985991522812413024e+01,-4.284623217768549278e-03,1.195173501732004553e+02,1.466126358176396138e-01,0.000000000000000000e+00,4.716343975294125634e+00,1.000000000000000000e+00
1.539000000000000000e+03,1.361223461112238908e+02,2.966501833159952639e+01,-4.309468573772374557e-03,1.201612873794663727e+02,1.810368983099013285e-01,0.000000000000000000e+00,1.008476450031724880e+01,1.000000000000000000e+00
1.540000000000000000e+03,4.361194437400103396e+01,6.145711017266807907e+00,-7.719285460491458542e-03,2.085362722085907592e+02,5.337340733642481627e-02,0.000000000000000000e+00,7.042524032621527041e+00,1.000000000000000000e+00
1.540000000000000000e+03,4.848820715903386969e+01,2.383721386598483249e+01,-7.472032527165717308e-03,2.021280177604629387e+02,7.019682999424226022e-02,0.000000000000000000e+00,1.081510257339770931e+01,1.000000000000000000e+00
1.541000000000000000e+03,6.486710006461684941e+01,1.503731217050768620e+01,-7.233667106638199187e-03,1.959501081768264896e+02,5.109685236778405137e-02,0.000000000000000000e+00,8.443940257850437447e+00,1.000000000000000000e+00
1.541000000000000000e+03,5.617227971783422902e+01,1.622659808378921298e+01,4.033454152496718063e-03,-1.130075981629388764e+02,2.155905961647697211e-01,0.000000000000000000e+00,8.775779272882546778e+00,1.000000000000000000e+00
1.541000000000000000e+03,1.146247489976724978e+02,4.147930923718077167e+01,-8.439504217465991845e-03,2.272027648197287135e+02,6.072422775438379716e-02,0.000000000000000000e+00,9.043183734504614435e+00,1.000000000000000000e+00
1.541000000000000000e+03,8.088777776301505185e+00,7.965420000772931886e+00,4.078255799025122356e-03,-1.141687587072744918e+02,3.602144937177692574e-01,0.000000000000000000e+00,6.801898159501565289e+00,1.000000000000000000e+00
1.542000000000000000e+03,1.417663579533946745e+02,8.335292341164613816e+00,-8.806173350890135129e-03,2.367060256047517726e+02,1.556542501464716066e-01,0.000000000000000000e+00,3.080752759948861108e+00,1.000000000000000000e+00
1.542000000000000000e+03,9.706344810723413374e+00,1.457218134513692398e+01,3.424739502521542169e-03,-9.723104776624485623e+01,3.079044839514306631e-01,0.000000000000000000e+00,5.960703556171817574e+00,1.000000000000000000e+00
1.542000000000000000e+03,5.969692559275012655e+01,3.908078587635268519e+01,-3.274694033712918177e-03,9.334219787483617381e+01,2.565962815380156137e-01,0.000000000000000000e+00,1.028257034323114283e+01,1.000000000000000000e+00
1.542000000000000000e+03,3.179702181407313688e+01,4.608707025971569493e+01,-8.037215082986787912e-03,2.167763116295312784e+02,7.203619057787535862e-02,0.000000000000000000e+00,1.620229795030852316e+01,1.000000000000000000e+00
1.542000000000000000e+03,2.823372299797784990e+01,2.315347262392764094e+01,7.002046761826251006e-03,-1.899470161813005689e+02,2.413912520711842813e-01,0.000000000000000000e+00,7.501179963883642721e+00,1.000000000000000000e+00
1.543000000000000000e+03,1.149763311052736867e+02,1.047600768740337429e+01,-7.142610663220220688e-03,1.935901246137792668e+02,1.840053993141513855e-01,0.000000000000000000e+00,9.203186964312569884e+00,1.000000000000000000e+00
1.543000000000000000e+03,1.172583450587265759e+02,2.516400765481828472e+01,4.630034836719280553e-03,-1.284696627456054614e+02,1.972155608996314369e-01,0.000000000000000000e+00,6.233549803173372261e+00,1.000000000000000000e+00
1.543000000000000000e+03,8.286267024198575371e+01,3.696601736441957087e+01,4.641317470900914455e-03,-1.287620839100727039e+02,2.724916466555966643e-01,0.000000000000000000e+00,3.975327585526671204e+00,1.000000000000000000e+00
1.543000000000000000e+03,8.887477461710903981e+01,4.667760400141901300e+01,-6.248594209778293371e-03,1.704191763972784486e+02,6.393431865511001178e-02,0.000000000000000000e+00,1.142192251879352938e+01,1.000000000000000000e+00
1.543000000000000000e+03,1.266851075098611261e+02,3.322043709846899162e+01,3.158512262761401217e-03,-9.033102085672346959e+01,3.153560563115831439e-01,0.000000000000000000e+00,7.330953255086496867e+00,1.000000000000000000e+00
1.543000000000000000e+03,7.889244851712716411e+01,3.676460021591875460e+01,-3.838336053413308416e-03,1.079505644220520821e+02,4.335570988976543694e-01,0.000000000000000000e+00,3.975327585526671204e+00,1.000000000000000000e+00
1.543000000000000000e+03,6.983926085432457853e+01,3.738836503468235151e+01,-3.897634534137067990e-03,1.094874511548158580e+02,3.357410428817734216e-01,0.000000000000000000e+00,9.074650924804112506e+00,1.000000000000000000e+00
1.544000000000000000e+03,7.312093466449029577e+00,2.003089432394425984e+01,-3.702217036076107214e-03,1.044226576482355000e+02,2.416275452034888360e-01,0.000000000000000000e+00,5.960703556171817574e+00,1.000000000000000000e+00
1.545000000000000000e+03,9.406129003875423678e+01,5.922770755833803413e+00,-3.699354719512958946e-03,1.043484726725467340e+02,3.353114138812274270e-01,0.000000000000000000e+00,1.126820859064241276e+01,1.000000000000000000e+00
1.545000000000000000e+03,1.359637280090714455e+02,1.553387075435104414e+01,-7.504112348056022654e-03,2.029594564501896343e+02,7.742307125580705218e-02,0.000000000000000000e+00,9.246082707912052001e+00,1.000000000000000000e+00
1.545000000000000000e+03,4.843686504112318048e+00,3.340156391537529146e+01,5.761293124539696928e-03,-1.577893996538668659e+02,2.843359493181158992e-01,0.000000000000000000e+00,1.359661127836384154e+01,1.000000000000000000e+00
1.545000000000000000e+03,1.052910200985938758e+02,1.113070496138698040e+01,-2.311953744401203277e-03,6.839007836551687092e+01,4.263611105922725519e-01,0.000000000000000000e+00,9.707413549276379783e+00,1.000000000000000000e+00
1.545000000000000000e+03,1.232943758938813517e+02,2.672075904977623395e+01,-3.791179873277194471e-03,1.067283795239831363e+02,2.424683777661152950e-01,0.000000000000000000e+00,6.233549803173372261e+00,1.000000000000000000e+00
1.546000000000000000e+03,4.242011235150118864e+01,1.894547300184268579e+01,2.023295503991644900e-03,-6.090868905210354711e+01,4.773505137045269686e-01,0.000000000000000000e+00,1.111541692242800750e+01,1.000000000000000000e+00
1.546000000000000000e+03,7.652108312079155894e+01,3.109965583054379934e+01,-7.346993312637196093e-03,1.988872752062091536e+02,9.809466657395715661e-02,0.000000000000000000e+00,5.980876596438853277e+00,1.000000000000000000e+00
1.546000000000000000e+03,1.229591208366011443e+02,1.505571492755592722e+01,-3.320008568851089657e-03,9.451665136850398596e+01,2.184198653798030687e-01,0.000000000000000000e+00,9.203186964312569884e+00,1.000000000000000000e+00
1.547000000000000000e+03,1.420593110434674884e+02,5.268499871017780833e+00,-1.405728677772529259e-02,3.728033835714114730e+02,8.434124759976668884e-02,0.000000000000000000e+00,3.080752759948861108e+00,1.000000000000000000e+00
1.548000000000000000e+03,5.216933584672725743e+01,4.887234475368845210e+01,2.645668512039849648e-03,-7.703923417273598773e+01,2.860675670184258390e-01,0.000000000000000000e+00,8.571745250967873986e+00,1.000000000000000000e+00
1.548000000000000000e+03,7.647477251138705867e+01,5.245819672155713675e+01,-6.279745275230238545e-03,1.712265437803919781e+02,1.293523222409077578e-01,0.000000000000000000e+00,1.368120259399821315e+01,1.000000000000000000e+00
1.548000000000000000e+03,5.207263223596039836e+01,1.343354473312233921e+01,3.242556650627955329e-03,-9.250926729910835888e+01,3.552306342191255961e-01,0.000000000000000000e+00,6.821647220421845681e+00,1.000000000000000000e+00
1.548000000000000000e+03,7.707113697963600885e+01,2.171167854365706162e+01,-4.095491378403959791e-03,1.146154671719016136e+02,2.602835808455831179e-01,0.000000000000000000e+00,6.817169679593511944e+00,1.000000000000000000e+00
1.548000000000000000e+03,1.404547289511369854e+02,2.572007272406121103e+01,-7.928776805411647324e-03,2.139658289983597399e+02,5.799000925268871232e-02,0.000000000000000000e+00,1.113228637923768360e+01,1.000000000000000000e+00
1.549000000000000000e+03,7.026387869230150329e+01,2.207915242012285617e+01,-8.860061172788129963e-03,2.381026799122773809e+02,1.419659067590114399e-01,0.000000000000000000e+00,6.817169679593511944e+00,1.000000000000000000e+00
1.549000000000000000e+03,1.329789931703813721e+01,5.166948427861823490e+01,3.462246215356411076e-03,-9.820313960809188814e+01,2.873169904123800134e-01,0.000000000000000000e+00,1.868828465010513895e+01,1.000000000000000000e+00
1.549000000000000000e+03,1.332140806041258543e+02,4.315489916001332205e+01,-4.215792170149226629e-03,1.177334001866710054e+02,1.923599711323834560e-01,0.000000000000000000e+00,1.838889572124609728e+01,1.000000000000000000e+00
1.550000000000000000e+03,8.308960956703279521e+01,8.490795769083060662e+00,-5.092477046898320932e-03,1.404551518984387712e+02,1.313665845346742023e-01,0.000000000000000000e+00,1.126820859064241276e+01,1.000000000000000000e+00
1.551000000000000000e+03,1.133427954616518463e+02,2.300116474182289750e+01,-4.273833214585123774e-02,1.116153256452834057e+03,8.367111885199673971e-03,0.000000000000000000e+00,1.247412868572105005e+01,1.000000000000000000e+00
1.551000000000000000e+03,6.296116110640086561e+01,4.902345322532375604e+01,-6.909836721429417003e-03,1.875571339114042075e+02,1.265133678837400133e-01,0.000000000000000000e+00,7.472844833205003034e+00,1.000000000000000000e+00
1.551000000000000000e+03,7.491867846624926131e+01,3.686187625195525186e+01,-6.984983435824909312e-03,1.895047721469137230e+02,6.896646534397421480e-02,0.000000000000000000e+00,5.980876596438853277e+00,1.000000000000000000e+00
1.552000000000000000e+03,4.253179947161804364e+01,2.250563382873693641e+01,-3.428679772951134797e-02,8.971079966513525505e+02,1.052429964344780977e-02,0.000000000000000000e+00,6.819259733519879241e+00,1.000000000000000000e+00
1.552000000000000000e+03,5.614570714415208386e+01,4.127871005398723980e+01,4.021649604242256461e-03,-1.127016501289063228e+02,2.543883021347682627e-01,0.000000000000000000e+00,8.571745250967873986e+00,1.000000000000000000e+00
1.553000000000000000e+03,8.808480712607423868e+01,2.129330965985145951e+01,-6.161898658701257109e-02,1.605498463317321239e+03,6.772512005891906384e-03,0.000000000000000000e+00,9.394536180941218007e+00,1.000000000000000000e+00
1.553000000000000000e+03,1.623933104862851096e+01,2.223572699976659806e+01,-7.852188691659704733e-03,2.119808328487771121e+02,8.095519690851571415e-02,0.000000000000000000e+00,1.501858986348040759e+01,1.000000000000000000e+00
1.553000000000000000e+03,2.372854221126217311e+01,3.616291560671248106e+01,7.912908259154935106e-03,-2.135545510379040479e+02,7.575902239934828586e-02,0.000000000000000000e+00,5.588919551664299767e+00,1.000000000000000000e+00
1.555000000000000000e+03,5.643192469610833939e+01,5.265835099550506726e+01,-5.809598581105125843e-03,1.590413712796046184e+02,1.417846512256309977e-01,0.000000000000000000e+00,3.262270773865453943e+00,1.000000000000000000e+00
1.555000000000000000e+03,1.266945182238869023e+02,2.595245106998903140e+01,-1.963302721159621705e-02,5.173143624963257707e+02,2.551167202404014400e-02,0.000000000000000000e+00,9.257860220140232244e+00,1.000000000000000000e+00
1.555000000000000000e+03,5.673667329773180512e+01,1.543967363521941394e+01,-4.901731988451374887e-03,1.355114577921258956e+02,2.506561878683764011e-01,0.000000000000000000e+00,5.241361711852251304e+00,1.000000000000000000e+00
1.555000000000000000e+03,9.744980955571949721e+01,2.203764798867243258e+01,5.434050634059913246e-03,-1.493079910937073294e+02,2.782612743097420127e-01,0.000000000000000000e+00,9.394536180941218007e+00,1.000000000000000000e+00
1.555000000000000000e+03,1.124949142268892075e+02,4.931923529495971081e+01,-4.496630221497299393e-03,1.250121073289796385e+02,1.941478259640097015e-01,0.000000000000000000e+00,7.695362466414882086e+00,1.000000000000000000e+00
1.556000000000000000e+03,7.025846059899133422e+01,2.208536422645288155e+01,8.316771763988569169e-03,-2.240218084591820684e+02,1.080256343240735273e-01,0.000000000000000000e+00,1.023253343814776883e+01,1.000000000000000000e+00
1.556000000000000000e+03,4.929015648769554758e+01,2.341498181297706438e+01,-4.583109786508969205e-03,1.272534682289455361e+02,3.688951746129285336e-01,0.000000000000000000e+00,5.904700891416784891e+00,1.000000000000000000e+00
1.556000000000000000e+03,5.192021631579727625e+00,4.343480768054623553e+01,3.810714274124125944e-03,-1.072346684057168176e+02,2.094315629162537551e-01,0.000000000000000000e+00,1.131896840301622653e+01,1.000000000000000000e+00
1.556000000000000000e+03,1.229458706692833232e+02,4.713751630856305042e+01,-4.160351668220395316e-03,1.162965038137417650e+02,1.921368231272028160e-01,0.000000000000000000e+00,9.747635229655827516e+00,1.000000000000000000e+00
1.557000000000000000e+03,1.359511600370997826e+02,2.610264493648795536e+01,4.455425137224869325e-03,-1.239441618003965431e+02,3.203555159976658739e-01,0.000000000000000000e+00,9.257860220140232244e+00,1.000000000000000000e+00
1.557000000000000000e+03,1.146961179310508214e+02,4.194540957541004644e+01,3.806320451958167261e-03,-1.071207901594183625e+02,2.160838836510058369e-01,0.000000000000000000e+00,7.695362466414882086e+00,1.000000000000000000e+00
1.557000000000000000e+03,3.211653394650522841e+01,2.337122501364935800e+01,1.628699180997549142e-03,-5.068161668523940477e+01,3.942288394108730554e-01,0.000000000000000000e+00,1.045117237720254977e+01,1.000000000000000000e+00
1.557000000000000000e+03,1.350031541237559622e+02,4.085385706119169669e+01,4.077861077142776007e-03,-1.141585283806842455e+02,1.962025950855528222e-01,0.000000000000000000e+00,1.359641341819875571e+01,1.000000000000000000e+00
1.557000000000000000e+03,5.319283755101204036e+01,5.304658426106665559e+01,4.817222369234321414e-03,-1.333211535721804069e+02,3.041058883067786489e-01,0.000000000000000000e+00,3.262270773865453943e+00,1.000000000000000000e+00
1.558000000000000000e+03,3.244717034637607611e+01,4.240684907330937392e+01,-3.898959734123821214e-03,1.095217974357498889e+02,2.718508835682910130e-01,0.000000000000000000e+00,4.452525984879335041e+00,1.000000000000000000e+00
1.559000000000000000e+03,6.888672360475359824e+01,5.165378184000098116e+01,-8.650767527339136079e-03,2.326782470597601673e+02,6.692273760482703171e-02,0.000000000000000000e+00,1.249524609773578376e+01,1.000000000000000000e+00
1.559000000000000000e+03,8.426540296675301533e+01,3.399211634766462709e+01,4.798091790507814577e-03,-1.328253308752747728e+02,1.394149919697705853e-01,0.000000000000000000e+00,1.131863146939532072e+01,1.000000000000000000e+00
1.559000000000000000e+03,8.153041963975894646e+01,2.300888892850178280e+01,-2.912019307347599260e-03,8.394246337141488823e+01,4.262265394810677011e-01,0.000000000000000000e+00,7.857314600996465614e+00,1.000000000000000000e+00
1.559000000000000000e+03,1.002280333246504398e+02,5.205133450443938159e+01,3.812165816883733571e-03,-1.072722892145816047e+02,3.048282800398965930e-01,0.000000000000000000e+00,1.256744736054819001e+01,1.000000000000000000e+00
1.560000000000000000e+03,1.545322891979540003e+01,1.878679942675516301e+01,-7.916259526065132571e-03,2.136414085355898180e+02,1.123438831499498081e-01,0.000000000000000000e+00,5.690759945318708546e+00,1.000000000000000000e+00
1.560000000000000000e+03,2.902778992275257153e+01,4.525865993039054302e+01,2.127365699649652435e-03,-6.360596056784466157e+01,4.800684797988088448e-01,0.000000000000000000e+00,4.452525984879335041e+00,1.000000000000000000e+00
1.561000000000000000e+03,8.410423992615319833e+01,6.128502889555371702e+00,8.293432429597081754e-03,-2.234169040343130064e+02,6.405476319736036483e-02,0.000000000000000000e+00,3.190128764991161159e+00,1.000000000000000000e+00
1.561000000000000000e+03,4.861087565066124938e+01,8.700193714319974347e+00,-7.783291708374258898e-03,2.101951739542074904e+02,5.169929143817830752e-02,0.000000000000000000e+00,1.473045862300092779e+01,1.000000000000000000e+00
1.561000000000000000e+03,1.195390420009495926e+02,1.686525590861780444e+01,-7.984625075577421460e-03,2.154132938308135863e+02,8.303807042462385546e-02,0.000000000000000000e+00,1.043496182084072110e+01,1.000000000000000000e+00
1.561000000000000000e+03,3.787185298903649766e+01,4.214589373914314052e+01,4.566629657433593677e-03,-1.268263393814432050e+02,1.615380285162385521e-01,0.000000000000000000e+00,5.430955667284631971e+00,1.000000000000000000e+00
1.562000000000000000e+03,1.108644407605787308e+02,2.286700966098553778e+01,4.236409970718731099e-03,-1.182677684161312897e+02,1.660617089741761587e-01,0.000000000000000000e+00,9.206451046044470843e+00,1.000000000000000000e+00
1.563000000000000000e+03,2.021024628809552937e+01,1.566341432194744776e+01,-7.607488846422211758e-03,2.056387488516037934e+02,1.503289439637530700e-01,0.000000000000000000e+00,5.690759945318708546e+00,1.000000000000000000e+00
1.563000000000000000e+03,6.091933117350273363e+01,2.412255111765796656e+01,-1.033224055957188310e-02,2.762583449509209572e+02,2.183351095198565739e-01,0.000000000000000000e+00,1.509351276750662585e+01,1.000000000000000000e+00
1.563000000000000000e+03,1.230266401994418004e+02,3.856861926518921280e+01,-2.373053654365628318e-02,6.235128291847912578e+02,1.214258178178406755e-02,0.000000000000000000e+00,1.103558705272881113e+01,1.000000000000000000e+00
1.563000000000000000e+03,2.326785828062006445e+01,5.310882262518086350e+01,-5.734221267434167109e-03,1.570877564159804365e+02,1.329776105805848818e-01,0.000000000000000000e+00,9.736625023934983858e+00,1.000000000000000000e+00
1.564000000000000000e+03,8.897719490882136029e+01,1.469118120282708162e+01,-8.213710639524120227e-03,2.213506898585049782e+02,7.302287473529278650e-02,0.000000000000000000e+00,7.739424208716973119e+00,1.000000000000000000e+00
1.564000000000000000e+03,1.019203136049615068e+02,3.925803839475335622e+01,-3.422409681502803364e-02,8.954829262882435614e+02,1.337521007554232089e-02,0.000000000000000000e+00,1.290473703324625276e+01,1.000000000000000000e+00
1.564000000000000000e+03,8.346872472763934070e+01,9.254689379463151511e+00,-5.675414876717296137e-03,1.555636235783195787e+02,2.965486274902250363e-01,0.000000000000000000e+00,3.190128764991161159e+00,1.000000000000000000e+00
1.564000000000000000e+03,8.936389391583151109e+01,2.362050441648557708e+01,-3.386491108960511774e-03,9.623973318455573178e+01,2.117314227154538653e-01,0.000000000000000000e+00,6.595029344878763133e+00,1.000000000000000000e+00
1.564000000000000000e+03,1.136313629785591530e+02,3.164783435476343243e+01,-7.593547594786012080e-03,2.052774221461589832e+02,1.261219303086873467e-01,0.000000000000000000e+00,9.206451046044470843e+00,1.000000000000000000e+00
1.565000000000000000e+03,4.205783981237519242e+01,2.788144509176680330e+01,8.228989197964773836e-03,-2.217466766270797791e+02,1.110281659690314227e-01,0.000000000000000000e+00,1.367157552339723026e+01,1.000000000000000000e+00
1.565000000000000000e+03,1.343940002068628985e+02,6.992061907750831473e+00,4.433629996852131785e-03,-1.233792795020856090e+02,2.359193803871805217e-01,0.000000000000000000e+00,3.667303953997695043e+00,1.000000000000000000e+00
1.565000000000000000e+03,1.280173838779961670e+02,2.872602513897810539e+01,4.150081249072718956e-03,-1.160303170457954138e+02,3.296425277726476866e-01,0.000000000000000000e+00,7.855051470046782391e+00,1.000000000000000000e+00
1.566000000000000000e+03,1.391162875093262699e+02,2.477042705709827075e+01,-6.913821397294610087e-03,1.876604079817822708e+02,7.447723679677809017e-02,0.000000000000000000e+00,1.178271691940886612e+01,1.000000000000000000e+00
1.566000000000000000e+03,6.978279061032321806e+01,5.292704510705043930e+01,-7.906161835578085981e-03,2.133796985161815201e+02,5.417464207253885888e-02,0.000000000000000000e+00,2.296012640475601430e+01,1.000000000000000000e+00
1.567000000000000000e+03,5.588932037724354274e+01,9.891840697851037589e+00,-4.162210513406394176e-03,1.163446810093419685e+02,2.079628351599018821e-01,0.000000000000000000e+00,1.509351276750662585e+01,1.000000000000000000e+00
1.568000000000000000e+03,4.764356909918624439e+01,4.684245182539354602e+01,-3.556579481135924148e-02,9.302567994932436477e+02,1.096757131488845793e-02,0.000000000000000000e+00,1.514329064714857331e+01,1.000000000000000000e+00
1.568000000000000000e+03,3.269834384639680280e+01,4.928365926586275236e+01,-7.293713593932923955e-03,1.975063816014734925e+02,7.843095855838388974e-02,0.000000000000000000e+00,1.017673487577392066e+01,1.000000000000000000e+00
1.568000000000000000e+03,1.221428595868391831e+01,4.724014204422822871e+01,-3.902634732347480279e-03,1.096170453399783753e+02,1.473151169574488106e-01,0.000000000000000000e+00,1.251490602591659140e+01,1.000000000000000000e+00
1.569000000000000000e+03,8.304031675026942594e+01,2.174786352966456349e+01,-9.120918694918111330e-03,2.448635355026730167e+02,9.529823683441907001e-02,0.000000000000000000e+00,6.595029344878763133e+00,1.000000000000000000e+00
1.569000000000000000e+03,1.286093732242148064e+02,3.655873745407354392e+01,-6.955500620953909696e-03,1.887406421647164905e+02,1.316807331792412272e-01,0.000000000000000000e+00,7.855051470046782391e+00,1.000000000000000000e+00
1.569000000000000000e+03,1.230627861527240015e+02,7.576459186436295568e+00,3.373009180648123360e-03,-9.589031113356075764e+01,2.037741394740572032e-01,0.000000000000000000e+00,7.765649651813952836e+00,1.000000000000000000e+00
1.570000000000000000e+03,2.343694428387867035e+01,7.769705313421964910e+00,-2.765561134756028619e-02,7.252421706046351346e+02,1.356851592098984316e-02,0.000000000000000000e+00,1.290999903775992408e+01,1.000000000000000000e+00
1.570000000000000000e+03,1.333048660618706833e+02,1.219868806004744499e+01,-2.538848620262735504e-03,7.427069655653146185e+01,3.344537180316672353e-01,0.000000000000000000e+00,5.021940769995994813e+00,1.000000000000000000e+00
1.570000000000000000e+03,2.305497917513586259e+01,2.067405255807813447e+01,-8.386446115600800291e-03,2.258276150380317233e+02,7.802234447221600977e-02,0.000000000000000000e+00,1.290999903775992408e+01,1.000000000000000000e+00
1.570000000000000000e+03,1.229867256188160525e+02,4.709737613916711041e+01,3.926299516216632222e-03,-1.102303847024428336e+02,2.292061406963660231e-01,0.000000000000000000e+00,1.194475078975894711e+01,1.000000000000000000e+00
1.570000000000000000e+03,1.422769690421307871e+02,7.631654605436442473e+00,-3.983282864051337739e-03,1.117072682617973527e+02,3.120289025825978557e-01,0.000000000000000000e+00,7.908873274793163155e+00,1.000000000000000000e+00
1.572000000000000000e+03,1.299070861601885554e+02,1.731793404556538718e+01,-5.003607522774862655e-03,1.381518484932699664e+02,1.434809616785529540e-01,0.000000000000000000e+00,6.144232069226925219e+00,1.000000000000000000e+00
1.573000000000000000e+03,4.773341788412266595e+01,1.828533229167771523e+01,-9.104147086254536433e-03,2.444288521427024250e+02,1.158757384867412643e-01,0.000000000000000000e+00,1.109782981658393908e+01,1.000000000000000000e+00
1.573000000000000000e+03,1.385746006291459480e+02,3.928525703933978974e+01,-7.073966502472517695e-03,1.918110183256045502e+02,7.921467350853539369e-02,0.000000000000000000e+00,1.033148906406192147e+01,1.000000000000000000e+00
1.573000000000000000e+03,1.028706252906534502e+02,9.243125593465286727e+00,-6.741570391792317020e-03,1.831960392183576403e+02,1.189573931500392812e-01,0.000000000000000000e+00,6.032637793800366133e+00,1.000000000000000000e+00
1.573000000000000000e+03,1.030947282266881757e+02,2.348326014776542081e+01,3.399273074925815083e-03,-9.657101374471417898e+01,1.774621972945209514e-01,0.000000000000000000e+00,7.255995981383688509e+00,1.000000000000000000e+00
1.575000000000000000e+03,3.649999073709324193e+01,9.238958411033904028e+00,-7.455857046766703987e-03,2.017087847393484026e+02,6.450620240164683938e-02,0.000000000000000000e+00,1.314541316595579978e+01,1.000000000000000000e+00
1.575000000000000000e+03,8.064842104612884555e+01,2.224411662989606953e+01,-3.589152679234916543e-02,9.386990589560512035e+02,1.120398007376088856e-02,0.000000000000000000e+00,9.925726358570109653e+00,1.000000000000000000e+00
1.575000000000000000e+03,9.313251298684825485e+01,3.714579954260101147e+01,-4.281662985210055866e-02,1.118182561495251093e+03,8.256981471631230640e-03,0.000000000000000000e+00,1.690889455879162995e+01,1.000000000000000000e+00
1.575000000000000000e+03,6.378605907042216216e+01,4.701256261860056185e+01,3.066471657465093953e-03,-8.794552997350153589e+01,1.615945021339063592e-01,0.000000000000000000e+00,9.345610510540463878e+00,1.000000000000000000e+00
1.575000000000000000e+03,3.751215027199246776e+01,5.215107416197417223e+01,-6.834460518461011637e-03,1.856035478347573076e+02,6.737964168298393730e-02,0.000000000000000000e+00,9.353130570953668510e+00,1.000000000000000000e+00
1.575000000000000000e+03,7.765573951286557985e+01,6.946995169842560713e+00,-8.332208908817157617e-03,2.244219054395639432e+02,1.063395899706391923e-01,0.000000000000000000e+00,1.151546737430150280e+01,1.000000000000000000e+00
1.575000000000000000e+03,4.267811036759535881e+01,4.435402935205120656e+01,-3.277437454119967990e-03,9.341330132258940466e+01,2.784506146133547411e-01,0.000000000000000000e+00,8.954915501925290400e+00,1.000000000000000000e+00
1.576000000000000000e+03,1.260901091235411542e+02,3.543164992221743859e+01,-8.376406901808257713e-03,2.255674206064574321e+02,2.117714305136312314e-01,0.000000000000000000e+00,1.140734996607927165e+01,1.000000000000000000e+00
1.576000000000000000e+03,9.693108477594776673e+01,8.187390197943143377e+00,-5.873179258892359880e-03,1.606892431805144383e+02,3.351329944303181874e-01,0.000000000000000000e+00,6.032637793800366133e+00,1.000000000000000000e+00
1.576000000000000000e+03,1.097156834231752782e+02,4.111445903474120911e+01,2.701687868574686926e-03,-7.849113318912777970e+01,3.872950220057019832e-01,0.000000000000000000e+00,1.705144568313270881e+01,1.000000000000000000e+00
1.577000000000000000e+03,1.022692482297037344e+02,1.627437254589266047e+01,-7.388841205749676136e-03,1.999718809319156776e+02,1.004051973813145926e-01,0.000000000000000000e+00,5.270248837085271809e+00,1.000000000000000000e+00
1.577000000000000000e+03,6.615025016804983693e+01,7.426269397121415317e+00,-3.988632635493392919e-03,1.118459226194176637e+02,1.723083130354147174e-01,0.000000000000000000e+00,1.151546737430150280e+01,1.000000000000000000e+00
1.577000000000000000e+03,7.620391931128362728e+01,5.320017047183735315e+01,-1.968947339420921636e-02,5.187773239097422220e+02,1.700343568700490859e-02,0.000000000000000000e+00,1.387406731665251591e+01,1.000000000000000000e+00
1.578000000000000000e+03,1.743600619963920551e+01,4.207993258776044598e+01,-7.306047412595213612e-03,1.978260471651612420e+02,6.967345825881587906e-02,0.000000000000000000e+00,1.226581418355712749e+01,1.000000000000000000e+00
1.578000000000000000e+03,3.388054543867235679e+01,4.268269366823245292e+01,-8.137132909590128957e-03,2.193659628347388946e+02,9.186098572991041600e-02,0.000000000000000000e+00,6.452530329968004352e+00,1.000000000000000000e+00
1.579000000000000000e+03,7.521530938796733778e+01,3.055082123853377851e+01,-4.232973227566024302e-03,1.181786955614671513e+02,2.391275798452383583e-01,0.000000000000000000e+00,9.925726358570109653e+00,1.000000000000000000e+00
1.581000000000000000e+03,1.373589506741579669e+02,3.365940745694897629e+01,-1.138015844434699282e-02,3.034180811613534274e+02,6.226286627643917715e-02,0.000000000000000000e+00,1.140734996607927165e+01,1.000000000000000000e+00
1.581000000000000000e+03,8.266105157814700988e+01,2.151534370369385840e+01,1.016223401368287343e-02,-2.718521476644005475e+02,8.867750032128363102e-02,0.000000000000000000e+00,1.170807119235352367e+01,1.000000000000000000e+00
1.581000000000000000e+03,5.008072792234133175e+01,2.783066229625012866e+01,4.145206399264177513e-03,-1.159039716166458049e+02,3.638302662592490799e-01,0.000000000000000000e+00,1.093885936491873245e+01,1.000000000000000000e+00
1.581000000000000000e+03,2.361839198694134012e+01,5.338672391026997843e+01,7.725548536556180179e-03,-2.086985974215249939e+02,7.753516760652479078e-02,0.000000000000000000e+00,1.288663742152359504e+01,1.000000000000000000e+00
1.581000000000000000e+03,1.047645342752308011e+02,2.091647017043660739e+01,4.617611691318157865e-03,-1.281476820285087683e+02,3.655971264145295718e-01,0.000000000000000000e+00,4.529423353683213804e+00,1.000000000000000000e+00
1.581000000000000000e+03,1.961741785741848432e+01,3.000965335466662864e+01,-1.885062188398513002e-03,5.732598429865939238e+01,3.693270984991835482e-01,0.000000000000000000e+00,7.344244583059731823e+00,1.000000000000000000e+00
1.581000000000000000e+03,5.811287276723824391e+01,4.015853046213213418e+01,1.972045032549940135e-03,-5.958038909154344509e+01,4.227070817014729753e-01,0.000000000000000000e+00,7.139041436471121216e+00,1.000000000000000000e+00
1.582000000000000000e+03,7.982736508653482055e+00,2.726631221603005883e+01,2.553079639885283848e-03,-7.463953341347360038e+01,2.717250647255635698e-01,0.000000000000000000e+00,1.195373291864244614e+01,1.000000000000000000e+00
1.582000000000000000e+03,2.661436167358434091e+01,3.224140283191997725e+01,3.687949298155743412e-03,-1.040528691334418738e+02,2.798576042794260754e-01,0.000000000000000000e+00,7.344244583059731823e+00,1.000000000000000000e+00
1.583000000000000000e+03,6.067362328450513331e+01,3.055998676426760596e+01,-6.458191585998618832e-03,1.758514812860956624e+02,1.241559181548974600e-01,0.000000000000000000e+00,9.934258116814637773e+00,1.000000000000000000e+00
1.583000000000000000e+03,6.253843571067869789e+01,4.974061029962909686e+01,-7.166629918899478091e-03,1.942126511091253747e+02,1.594278816657914710e-01,0.000000000000000000e+00,3.607454204822428068e+00,1.000000000000000000e+00
1.584000000000000000e+03,1.152396140301789842e+02,3.608423761301385468e+01,7.722877766175753438e-03,-2.086293769033289891e+02,7.106758682031666385e-02,0.000000000000000000e+00,1.432991780937965842e+01,1.000000000000000000e+00
1.584000000000000000e+03,2.531731318242581352e+01,1.879129386713091776e+01,3.543375515688360154e-03,-1.003058333667975717e+02,3.440586243601727601e-01,0.000000000000000000e+00,1.258333804312762361e+01,1.000000000000000000e+00
1.584000000000000000e+03,1.539138248489176064e+01,4.118421830855905341e+01,3.432749484066379992e-03,-9.743864894279592193e+01,1.649911775706277561e-01,0.000000000000000000e+00,1.194697772989503370e+01,1.000000000000000000e+00
1.585000000000000000e+03,6.194409655495076095e+01,4.618245251675048735e+01,4.756934892329566997e-03,-1.317586342247059008e+02,2.664039790943794062e-01,0.000000000000000000e+00,3.607454204822428068e+00,1.000000000000000000e+00
1.586000000000000000e+03,2.764365430414812508e+01,6.323072282288426216e+00,-3.431698657900755095e-03,9.741141383031617806e+01,2.494737164091309634e-01,0.000000000000000000e+00,1.268339120674547615e+01,1.000000000000000000e+00
1.586000000000000000e+03,1.085419228476181814e+02,2.341587239698761280e+01,-1.910929397364132670e-02,5.037403441556204484e+02,1.935180466890129569e-02,0.000000000000000000e+00,4.529423353683213804e+00,1.000000000000000000e+00
1.587000000000000000e+03,1.126836931351152913e+02,5.100561841919344808e+00,-8.152844914576696730e-03,2.197731835883609790e+02,7.261754423943933556e-02,0.000000000000000000e+00,3.946696595479988190e+00,1.000000000000000000e+00
1.587000000000000000e+03,1.033943242565007239e+02,4.728750306211337318e+01,6.309269251500600889e-03,-1.719917405759006215e+02,7.881350075361215346e-02,0.000000000000000000e+00,1.630411133872048168e+01,1.000000000000000000e+00
1.588000000000000000e+03,3.532748007466127405e+01,4.854561525700332680e+01,-7.129865972197022526e-03,1.932598101384730285e+02,2.023176749120132456e-01,0.000000000000000000e+00,8.558793640714091211e+00,1.000000000000000000e+00
1.589000000000000000e+03,4.972773616670099273e+01,1.598131033245803323e+01,-5.198241250173657978e-03,1.431963283810609653e+02,1.384985582213764665e-01,0.000000000000000000e+00,1.250944818137026182e+01,1.000000000000000000e+00
1.589000000000000000e+03,1.404330519090446501e+02,2.572856465409770266e+01,-8.425417157428545176e-03,2.268376590799028349e+02,3.306537578567054769e-01,0.000000000000000000e+00,5.953477988450844194e+00,1.000000000000000000e+00
1.590000000000000000e+03,1.354084886197030926e+02,2.892194278867084734e+01,-9.092477359663706654e-03,2.441263983908773696e+02,1.744841676140803655e-01,0.000000000000000000e+00,5.953477988450844194e+00,1.000000000000000000e+00
1.590000000000000000e+03,1.161723348359555814e+02,1.669600917738173962e+01,-6.694190382902068595e-03,1.819680531692567911e+02,8.047051606094968168e-02,0.000000000000000000e+00,7.304688505523945885e+00,1.000000000000000000e+00
1.590000000000000000e+03,3.539791638420850717e+01,3.339395656844179427e+01,-9.787219662955141952e-03,2.621325971262612029e+02,2.616675372127814647e-01,0.000000000000000000e+00,3.484203805353479400e+00,1.000000000000000000e+00
1.590000000000000000e+03,7.553055648256973598e+01,3.458208758835611007e+01,-4.427504683146362037e-03,1.232205247877402599e+02,1.930367988107138943e-01,0.000000000000000000e+00,7.423231530692795843e+00,1.000000000000000000e+00
1.591000000000000000e+03,3.192131857061625055e+01,3.362405176562158715e+01,1.035334745586004128e-02,-2.768053894700918249e+02,2.159895736722675652e-01,0.000000000000000000e+00,3.484203805353479400e+00,1.000000000000000000e+00
1.591000000000000000e+03,1.094839555020378867e+02,7.410993207755936396e+00,-5.992814620866307104e-03,1.637899297131708920e+02,1.421657168850337660e-01,0.000000000000000000e+00,3.946696595479988190e+00,1.000000000000000000e+00
1.592000000000000000e+03,6.688306505828025195e+01,4.422516697686614862e+01,-4.877853871010516887e-03,1.348925892907693935e+02,1.254707664417752389e-01,0.000000000000000000e+00,1.295253210867540439e+01,1.000000000000000000e+00
1.592000000000000000e+03,3.830397678438946230e+01,2.107876218386742551e+01,-7.479881108724272497e-03,2.023314358029006712e+02,4.728881810025042931e-02,0.000000000000000000e+00,1.250944818137026182e+01,1.000000000000000000e+00
1.592000000000000000e+03,3.689797769695769603e+01,4.013214476007465237e+01,-4.492556007668842104e-03,1.249065126307180122e+02,4.286743045332251922e-01,0.000000000000000000e+00,6.903141607113916223e+00,1.000000000000000000e+00
1.593000000000000000e+03,1.284890088026331796e+02,1.565932350034730547e+01,-8.481867178963384615e-03,2.283007199897645876e+02,1.433455881650637087e-01,0.000000000000000000e+00,1.061042363958745227e+01,1.000000000000000000e+00
1.593000000000000000e+03,1.140172677063615581e+01,2.461621593097366301e+01,-3.870273270455718614e-03,1.087783071324013378e+02,2.034371338300403620e-01,0.000000000000000000e+00,6.933841149634582202e+00,1.000000000000000000e+00
1.594000000000000000e+03,8.326769427052219896e+01,1.030244239026737674e+01,3.393042266947204118e-03,-9.640952484989180959e+01,2.597749270983918946e-01,0.000000000000000000e+00,1.045794480658408787e+01,1.000000000000000000e+00
1.594000000000000000e+03,1.125293042876832601e+02,2.302742312586815387e+01,3.023037524723144829e-03,-8.681981239110392323e+01,2.306756458490863970e-01,0.000000000000000000e+00,7.304688505523945885e+00,1.000000000000000000e+00
1.594000000000000000e+03,8.188238270517358330e+01,3.842378903382449096e+01,-3.836527094914198629e-03,1.079036801801040895e+02,1.942225109549894357e-01,0.000000000000000000e+00,7.192502010802279244e+00,1.000000000000000000e+00
1.595000000000000000e+03,5.054658540768988928e+01,2.897294757755634365e+01,-3.439756567000622212e-03,9.762025718411292985e+01,2.029553526849011691e-01,0.000000000000000000e+00,9.009815733911757718e+00,1.000000000000000000e+00
1.596000000000000000e+03,9.290510819598482328e+01,4.574356965749015558e+01,4.736723993408032025e-03,-1.312348119946822180e+02,1.932307166377663643e-01,0.000000000000000000e+00,1.134810025453628413e+01,1.000000000000000000e+00
1.596000000000000000e+03,1.431742681942721731e+02,5.219063179660415130e+01,-4.198417990048294163e-02,1.096607282150559286e+03,1.125914302781738652e-02,0.000000000000000000e+00,2.792118724658339346e+01,1.000000000000000000e+00
1.596000000000000000e+03,9.581884608976318418e+01,2.800106777592246843e+01,4.085347717305422982e-03,-1.143525656949376952e+02,2.225313325253882590e-01,0.000000000000000000e+00,5.723188533984357562e+00,1.000000000000000000e+00
1.596000000000000000e+03,1.250111923791672268e+02,3.098460967567065438e+01,3.472302493743053848e-03,-9.846377631656690710e+01,2.377073327146345116e-01,0.000000000000000000e+00,5.209172458819829821e+00,1.000000000000000000e+00
1.596000000000000000e+03,4.472242959793065609e+01,3.584724671730081980e+01,-6.251569835926109805e-03,1.704962981092081122e+02,9.512262781512081933e-02,0.000000000000000000e+00,8.920896747951205796e+00,1.000000000000000000e+00
1.597000000000000000e+03,1.025146294744618842e+02,3.970730589705829061e+01,-3.660251925907437309e-02,9.571264263332245719e+02,8.750239694724437634e-03,0.000000000000000000e+00,1.134810025453628413e+01,1.000000000000000000e+00
1.597000000000000000e+03,1.096056013972001324e+02,7.287426310380477723e+00,5.126856416575126772e-03,-1.413461898557720247e+02,1.033607743873345974e-01,0.000000000000000000e+00,1.264154596692264043e+01,1.000000000000000000e+00
1.597000000000000000e+03,2.331052911323243393e+01,2.194706857747344841e+01,1.914990648673022726e-03,-5.810166443357238109e+01,4.960598229478497823e-01,0.000000000000000000e+00,5.789546212630522604e+00,1.000000000000000000e+00
1.597000000000000000e+03,8.822034413999812585e+00,3.105231260780177394e+01,-4.101764817613665938e-03,1.147780609748543839e+02,1.622564925589221607e-01,0.000000000000000000e+00,6.933841149634582202e+00,1.000000000000000000e+00
1.598000000000000000e+03,9.291727885519452457e+01,1.433408311344861374e+01,4.642788210934601506e-03,-1.288002022702318357e+02,2.034733189141502141e-01,0.000000000000000000e+00,6.677210982301737374e+00,1.000000000000000000e+00
1.598000000000000000e+03,6.086141979656112255e+01,2.411926360946466374e+01,-1.310817309728427686e-02,3.482044359162497926e+02,7.024343039472469297e-02,0.000000000000000000e+00,9.301307724451733705e+00,1.000000000000000000e+00
1.598000000000000000e+03,3.591267815224598081e+01,4.462697854968600097e+01,-3.871684125433969004e-03,1.088148734030959872e+02,3.571577726036899714e-01,0.000000000000000000e+00,1.243766101738348873e+01,1.000000000000000000e+00
1.599000000000000000e+03,7.597079637975139121e+01,3.432681059935889323e+01,3.478653765122735955e-03,-9.862838735888159647e+01,3.129897038197089199e-01,0.000000000000000000e+00,7.192502010802279244e+00,1.000000000000000000e+00
1.599000000000000000e+03,2.102301324211493494e+01,5.186440255327075732e+01,-5.780166826047532236e-03,1.582785646559292729e+02,1.268124254516566074e-01,0.000000000000000000e+00,1.510311963233999144e+01,1.000000000000000000e+00
1.600000000000000000e+03,5.387099298128708114e+01,1.798344595203357699e+01,7.648222993975086793e-03,-2.066944887319573922e+02,2.783365446807710697e-01,0.000000000000000000e+00,8.342623872768394122e+00,1.000000000000000000e+00
1.600000000000000000e+03,6.000413467570402837e+00,5.030693067788156725e+01,3.682316112586447691e-03,-1.039068693024347709e+02,4.361719657958247343e-01,0.000000000000000000e+00,1.510311963233999144e+01,1.000000000000000000e+00
1.601000000000000000e+03,9.042455984166318217e+01,2.608885364850649680e+01,-7.801530457837431258e-03,2.106678823900733732e+02,5.651008254749412263e-02,0.000000000000000000e+00,5.723188533984357562e+00,1.000000000000000000e+00
1.602000000000000000e+03,2.783680415254167784e+01,2.923536419529434838e+01,-6.128281748152008407e-03,1.673009409247548263e+02,1.440509930325087895e-01,0.000000000000000000e+00,6.575525784582000099e+00,1.000000000000000000e+00
1.602000000000000000e+03,2.020766142971070778e+01,1.319708241365335688e+01,3.162082812770940481e-03,-9.042356169202570015e+01,2.400205868847953283e-01,0.000000000000000000e+00,7.654094741269414470e+00,1.000000000000000000e+00
1.602000000000000000e+03,1.384111074912415233e+02,1.510096887711023506e+01,-7.759412317169801093e-03,2.095762724396885517e+02,1.545502714423040436e-01,0.000000000000000000e+00,4.903576784051439930e+00,1.000000000000000000e+00
1.603000000000000000e+03,1.239791105225258576e+02,2.277048657326919212e+01,4.827928545132595742e-03,-1.335986342006191592e+02,2.437254405365087973e-01,0.000000000000000000e+00,9.683793594613776534e+00,1.000000000000000000e+00
1.603000000000000000e+03,1.296076491487276598e+02,3.830009249020913131e+01,3.371037829056571129e-03,-9.583921801836302734e+01,3.193027658315057415e-01,0.000000000000000000e+00,7.258921043712185828e+00,1.000000000000000000e+00
1.604000000000000000e+03,1.330397683968203353e+02,2.672672428224221264e+01,4.872512423414217600e-03,-1.347541506689985056e+02,1.660774627482130006e-01,0.000000000000000000e+00,9.428111800147171095e+00,1.000000000000000000e+00
1.604000000000000000e+03,9.710475116357993386e+01,3.403359884927804302e+01,-3.711743031586379332e-03,1.046695505860884197e+02,1.972045878596070390e-01,0.000000000000000000e+00,1.037997747601575504e+01,1.000000000000000000e+00
1.604000000000000000e+03,9.418538384174992473e+01,4.952170320699093509e+01,3.501303874783793461e-03,-9.921542858841812063e+01,2.168410752187326374e-01,0.000000000000000000e+00,1.576084014750400364e+01,1.000000000000000000e+00
1.605000000000000000e+03,1.255949693595679975e+02,1.127625928359142193e+01,-2.877317389857800452e-03,8.304306568127870491e+01,2.975530457652618699e-01,0.000000000000000000e+00,8.323260564964705566e+00,1.000000000000000000e+00
1.605000000000000000e+03,1.264592489865742486e+01,1.201162598541047899e+01,-7.193708935261920040e-03,1.949144798992693097e+02,1.170925380258364124e-01,0.000000000000000000e+00,7.654094741269414470e+00,1.000000000000000000e+00
1.605000000000000000e+03,6.178395888039710826e+01,1.534065504808242153e+01,-5.889708319781533641e-02,1.534952689535872878e+03,1.045270364735861879e-02,0.000000000000000000e+00,8.342623872768394122e+00,1.000000000000000000e+00
1.605000000000000000e+03,4.755606080915778477e+01,4.672279549086779582e+01,3.540160483150832371e-02,-9.260013548578043583e+02,2.209212238996349775e-02,0.000000000000000000e+00,4.516863184771697348e+00,1.000000000000000000e+00
1.605000000000000000e+03,2.682752412357357841e+01,2.273775746921213070e+01,-8.773709022259160856e-03,2.358646213166139773e+02,4.275814002095923438e-02,0.000000000000000000e+00,6.575525784582000099e+00,1.000000000000000000e+00
1.606000000000000000e+03,6.825854278199709313e+01,4.683839812681555514e+01,-7.786091126054313014e-03,2.102677287286203693e+02,5.672767594443417494e-02,0.000000000000000000e+00,1.777518807220987540e+01,1.000000000000000000e+00
1.607000000000000000e+03,7.668129786685649663e+01,2.351785382824162696e+01,-5.853286624975226338e-02,1.525512984024133402e+03,5.352036607838361881e-02,0.000000000000000000e+00,1.367988776948018348e+01,1.000000000000000000e+00
1.607000000000000000e+03,1.254645401975974437e+02,3.233967447316432953e+01,6.000239238111815948e-03,-1.639823595292673417e+02,2.816701873069388240e-01,0.000000000000000000e+00,7.258921043712185828e+00,1.000000000000000000e+00
1.607000000000000000e+03,1.120011706496524653e+02,1.182101297508987514e+01,4.582746864801618726e-03,-1.272440620932359678e+02,2.340936803124140653e-01,0.000000000000000000e+00,1.360470947687242571e+01,1.000000000000000000e+00
1.608000000000000000e+03,5.782230699915582051e+01,2.914144340514688025e+01,2.262738234930188053e-02,-5.949214888198659992e+02,1.304602320409686822e-02,0.000000000000000000e+00,3.833852392583704027e+00,1.000000000000000000e+00
1.608000000000000000e+03,1.411545411556519980e+02,3.849286435669576889e+01,-2.195009939232984725e-03,6.535915108966963771e+01,4.559967016632913150e-01,0.000000000000000000e+00,3.271628807749809464e+00,1.000000000000000000e+00
1.609000000000000000e+03,4.757085389759987493e+01,1.244450364104915074e+01,2.929761648183626475e-03,-8.440230598300033193e+01,3.062990896885525727e-01,0.000000000000000000e+00,7.052393170176575410e+00,1.000000000000000000e+00
1.609000000000000000e+03,1.175524972431356616e+02,4.272461891103073839e+01,-7.957542012794315694e-03,2.147113601663093334e+02,2.013776174848784795e-01,0.000000000000000000e+00,1.305555417019211717e+01,1.000000000000000000e+00
1.610000000000000000e+03,4.329464668367351976e+01,4.822026090985719549e+01,-2.802870268658544037e-03,8.111355936902425867e+01,3.142221061547103567e-01,0.000000000000000000e+00,4.516863184771697348e+00,1.000000000000000000e+00
1.611000000000000000e+03,3.996502464793144327e+01,1.520091283247854896e+01,-8.154622845764871591e-03,2.198192636703718961e+02,1.019232284328960292e-01,0.000000000000000000e+00,5.859361503867922316e+00,1.000000000000000000e+00
1.611000000000000000e+03,1.019166830575767904e+02,3.245445276856211336e+01,-4.606708967005213040e-03,1.278651072956820656e+02,2.958431178640207326e-01,0.000000000000000000e+00,9.183706702509798703e+00,1.000000000000000000e+00
1.611000000000000000e+03,5.552085704935716848e+01,1.436205424529069496e+01,-7.341909668607491182e-03,1.987555182881905864e+02,1.530379284858139899e-01,0.000000000000000000e+00,8.177991833743661232e+00,1.000000000000000000e+00
1.612000000000000000e+03,1.291281765515644224e+02,2.025185970746771602e+01,-8.979595190810884392e-03,2.412007398317030606e+02,6.460488955117127396e-02,0.000000000000000000e+00,6.124479060145796794e+00,1.000000000000000000e+00
1.612000000000000000e+03,9.181953911679941882e+01,9.399461410097909919e+00,3.184583850992234091e-03,-9.100673931637014391e+01,2.309637706815406144e-01,0.000000000000000000e+00,3.251875200864666304e+00,1.000000000000000000e+00
1.612000000000000000e+03,1.605814230317476543e+01,1.390872320181341415e+01,3.105271644503318062e-03,-8.895114064990725922e+01,2.791073883997692295e-01,0.000000000000000000e+00,4.705249895409463257e+00,1.000000000000000000e+00
1.613000000000000000e+03,9.054554366045323377e+01,2.589341180858115266e+01,8.222509703862358396e-03,-2.215787423326513306e+02,2.067036030707426475e-01,0.000000000000000000e+00,4.137371248255311329e+00,1.000000000000000000e+00
1.613000000000000000e+03,6.755865072516124314e+01,2.935855715790711429e+01,-2.198543235871979959e-02,5.782835511934454189e+02,5.749262828980239437e-02,0.000000000000000000e+00,5.093250611961599006e+00,1.000000000000000000e+00
1.613000000000000000e+03,1.007638215149270522e+01,5.757690152073639211e+00,-3.108148266344142301e-03,8.902569638705905675e+01,3.975051832220448667e-01,0.000000000000000000e+00,7.168234280228739763e+00,1.000000000000000000e+00
1.613000000000000000e+03,1.350804133631348236e+02,8.814507913595141630e+00,4.636841910424228247e-03,-1.286460871858000417e+02,1.898766210135144350e-01,0.000000000000000000e+00,4.594632069114982009e+00,1.000000000000000000e+00
1.613000000000000000e+03,4.125814925567498648e+01,2.091580093128306217e+01,3.525309567082428232e-03,-9.983760355064777059e+01,4.019615371196432196e-01,0.000000000000000000e+00,5.859361503867922316e+00,1.000000000000000000e+00
1.613000000000000000e+03,1.108724527456729305e+02,3.042106689974583134e+01,2.402094496076421712e-03,-7.072632920432609183e+01,2.402776008857741008e-01,0.000000000000000000e+00,7.220978802399136143e+00,1.000000000000000000e+00
1.614000000000000000e+03,3.425817844015811175e+01,2.001054940158150330e+01,-6.663323783371329252e-03,1.811680585197257756e+02,1.161069921528877780e-01,0.000000000000000000e+00,7.058262658056513317e+00,1.000000000000000000e+00
1.614000000000000000e+03,1.374413269599453997e+02,4.552633171503307352e+01,-7.509735766707892508e-03,2.031052031440905523e+02,6.903491540910844382e-02,0.000000000000000000e+00,1.574132149943878467e+01,1.000000000000000000e+00
1.614000000000000000e+03,4.513556026748648264e+01,5.825924158873058367e+00,2.378843406212443300e-03,-7.012371188431896485e+01,2.872437404239365222e-01,0.000000000000000000e+00,7.052393170176575410e+00,1.000000000000000000e+00
1.615000000000000000e+03,8.085594911179219935e+01,5.865657044710131274e+00,-7.923094685899950002e-03,2.138185609067506618e+02,1.447366727136585318e-01,0.000000000000000000e+00,1.151903116979583075e+01,1.000000000000000000e+00
1.615000000000000000e+03,9.815128569246351731e+01,5.334142399574155036e+01,-1.195121161560235186e-02,3.182185285234622825e+02,3.479565759857150553e-02,0.000000000000000000e+00,8.295735377922639486e+00,1.000000000000000000e+00
1.615000000000000000e+03,8.978699356860876435e+01,2.182617163813971928e+01,-9.238817536813348844e-03,2.479192152385688530e+02,1.991745960609478949e-01,0.000000000000000000e+00,4.137371248255311329e+00,1.000000000000000000e+00
1.616000000000000000e+03,1.231284277266062190e+02,1.902212079388605659e+01,-8.417052723619731364e-03,2.266208712770629745e+02,6.309537674378762340e-02,0.000000000000000000e+00,6.124479060145796794e+00,1.000000000000000000e+00
1.616000000000000000e+03,4.937104232820641414e+01,2.541755904547090239e+01,4.118084016596778793e-03,-1.152010188668671020e+02,2.264028684466973251e-01,0.000000000000000000e+00,9.278192718680966067e+00,1.000000000000000000e+00
1.616000000000000000e+03,2.560535732424175492e+01,4.286120974507799275e+01,-7.344265746523764675e-03,1.988165826670192189e+02,6.744072226071251563e-02,0.000000000000000000e+00,1.160323602905164009e+01,1.000000000000000000e+00
1.617000000000000000e+03,7.213509252393411941e+01,3.159403971402149480e+01,-3.007493286487716855e-02,7.879456850433176669e+02,2.983754440470054448e-02,0.000000000000000000e+00,5.093250611961599006e+00,1.000000000000000000e+00
1.617000000000000000e+03,2.355290569771400655e+01,3.144094141781677720e+01,5.986584432061931894e-03,-1.636284568659884826e+02,2.908398641424843056e-01,0.000000000000000000e+00,1.160323602905164009e+01,1.000000000000000000e+00
1.617000000000000000e+03,8.588250632290856501e+00,3.097835464117881443e+01,4.905325094111031778e-03,-1.356045832204731880e+02,2.610089651726947846e-01,0.000000000000000000e+00,8.340783266943773810e+00,1.000000000000000000e+00
1.617000000000000000e+03,6.260766933337389872e+00,3.898781686639937760e+01,7.379352088783213900e-03,-1.997259438051393943e+02,2.168689348377248471e-01,0.000000000000000000e+00,4.718587300961348596e+00,1.000000000000000000e+00
1.618000000000000000e+03,1.191243160463844077e+02,3.677950816195559014e+01,-4.129414984275344910e-03,1.154946927297049655e+02,2.609615164138430199e-01,0.000000000000000000e+00,8.549557724220271382e+00,1.000000000000000000e+00
1.618000000000000000e+03,4.766780348849264470e+01,4.167605917345133548e+01,5.004801428828681460e-03,-1.381827919230490238e+02,1.639938013842560105e-01,0.000000000000000000e+00,1.037328132925369850e+01,1.000000000000000000e+00
1.618000000000000000e+03,1.228709424688874208e+02,5.148394015562656278e+01,-2.614249321753728608e-03,7.622491758122217220e+01,3.452525174207728975e-01,0.000000000000000000e+00,1.517423901901812755e+01,1.000000000000000000e+00
1.619000000000000000e+03,2.417228398011143753e+01,1.112562745045111434e+01,-6.566977841201740093e-03,1.786709827351730837e+02,1.511864957100075291e-01,0.000000000000000000e+00,6.603707734336673241e+00,1.000000000000000000e+00
1.619000000000000000e+03,9.160011144302302455e+01,1.541510869273345818e+01,2.070780435609821148e-03,-6.213939446848917214e+01,3.877725794478540378e-01,0.000000000000000000e+00,6.662516380203631350e+00,1.000000000000000000e+00
1.619000000000000000e+03,7.911328042948268546e+01,4.804432321697083808e+01,-2.999877677452470609e-03,8.621955987925714737e+01,3.210453795758465567e-01,0.000000000000000000e+00,1.146546681140125834e+01,1.000000000000000000e+00
1.620000000000000000e+03,5.377603879988383184e+00,4.362301795567187668e+01,-4.766484217121286747e-03,1.320061318064334159e+02,2.735803320916243564e-01,0.000000000000000000e+00,4.718587300961348596e+00,1.000000000000000000e+00
1.620000000000000000e+03,9.015732059359463335e+01,5.112427549855344466e+01,-7.661785322698565735e-03,2.070459945854985619e+02,6.169644279847208423e-02,0.000000000000000000e+00,8.295735377922639486e+00,1.000000000000000000e+00
1.621000000000000000e+03,5.797693716658639573e+01,4.282789611635454463e+01,3.399320959736311636e-03,-9.657225481411519752e+01,2.539166040945592950e-01,0.000000000000000000e+00,8.168297240624593059e+00,1.000000000000000000e+00
1.621000000000000000e+03,8.017904603963485499e+01,1.903520235932486671e+01,-7.089518477680854455e-03,1.922140914579046864e+02,1.610341247738484860e-01,0.000000000000000000e+00,1.198106060010404228e+01,1.000000000000000000e+00
1.621000000000000000e+03,1.825424775798927612e+01,5.298779245200049814e+01,-4.317577349384062006e-03,1.203714490818313294e+02,1.948941611853552969e-01,0.000000000000000000e+00,7.371382775008770594e+00,1.000000000000000000e+00
1.622000000000000000e+03,2.050442071112967213e+01,5.267609870060269373e+00,-8.205488007740712950e-03,2.211375772535599822e+02,7.689563458903647675e-02,0.000000000000000000e+00,5.724328278392436076e+00,1.000000000000000000e+00
1.622000000000000000e+03,3.441167429987098814e+01,2.520612990615357774e+01,-3.877955831040875209e-03,1.089774222748614818e+02,2.447918215700832789e-01,0.000000000000000000e+00,1.252141086863450248e+01,1.000000000000000000e+00
1.622000000000000000e+03,6.144428033582734372e+01,3.543204517424426570e+01,7.502254938828097595e-03,-2.029113164714774484e+02,2.218256711145442095e-01,0.000000000000000000e+00,8.168297240624593059e+00,1.000000000000000000e+00
1.623000000000000000e+03,1.115360673853859339e+02,3.284080031056201676e+01,-9.759387818711669216e-03,2.614112566864376959e+02,9.925854091444885619e-02,0.000000000000000000e+00,8.549557724220271382e+00,1.000000000000000000e+00
1.623000000000000000e+03,5.386186419176958395e+01,1.195432655246015941e+01,-5.096197011399991421e-03,1.405515652300990439e+02,1.382103880513303462e-01,0.000000000000000000e+00,1.497967258204463548e+01,1.000000000000000000e+00
1.623000000000000000e+03,1.151104991998842308e+02,1.914848072326869399e+01,2.824125041515569007e-03,-8.166443652495080130e+01,4.294886107452108304e-01,0.000000000000000000e+00,5.915386285196680305e+00,1.000000000000000000e+00
1.623000000000000000e+03,7.223497329678204437e+01,3.293467825635378432e+01,3.254288626449680470e-03,-9.281333441464728651e+01,2.737197669089801444e-01,0.000000000000000000e+00,1.072690520160411687e+01,1.000000000000000000e+00
1.623000000000000000e+03,1.429204417067395241e+02,5.107624299816051661e+01,1.209719012981863052e-02,-3.220019718601087106e+02,1.048887448875930328e-01,0.000000000000000000e+00,1.957284229829159017e+01,1.000000000000000000e+00
1.624000000000000000e+03,4.065715846692280167e+01,4.849457321182600644e+00,-6.144310940352236232e-03,1.677163824761870217e+02,1.059053082672422041e-01,0.000000000000000000e+00,1.209919472639255922e+01,1.000000000000000000e+00
1.624000000000000000e+03,7.489488554761281591e+01,7.013034068966605084e+00,-7.656377423243085345e-03,2.069058336770940514e+02,9.667737545886012640e-02,0.000000000000000000e+00,1.313220783064075370e+01,1.000000000000000000e+00
1.624000000000000000e+03,9.988385536125631958e+00,1.049723684241011412e+01,-8.053679850075226576e-03,2.172030423279811657e+02,1.876275572426401306e-01,0.000000000000000000e+00,5.641751520052854296e+00,1.000000000000000000e+00
1.624000000000000000e+03,1.179635335829729286e+02,1.309222387593275627e+01,3.737989167016743473e-03,-1.053497929268181537e+02,2.313730993893817756e-01,0.000000000000000000e+00,6.694628607472541404e+00,1.000000000000000000e+00
1.624000000000000000e+03,9.289303256239898587e+01,3.648801463899534525e+01,-2.965712081949309006e-03,8.533406248025308116e+01,3.037233178828012692e-01,0.000000000000000000e+00,1.403710623888736464e+01,1.000000000000000000e+00
1.624000000000000000e+03,1.030355391011407136e+02,4.619213297470167845e+01,3.770093637081389781e-03,-1.061818704691521589e+02,2.061623396048489765e-01,0.000000000000000000e+00,1.008337524864910151e+01,1.000000000000000000e+00
1.625000000000000000e+03,1.558177146275036939e+01,1.123438953341450919e+01,-7.461990232034155721e-03,2.018677434673306550e+02,1.905029962176101321e-01,0.000000000000000000e+00,5.641751520052854296e+00,1.000000000000000000e+00
1.625000000000000000e+03,6.173882454515678830e+01,2.469575842868293947e+01,-3.660180656730274186e-03,1.033331667722213751e+02,2.378940298893628125e-01,0.000000000000000000e+00,1.074032631600014831e+01,1.000000000000000000e+00
1.625000000000000000e+03,7.852056057913105747e+01,4.768243587786466264e+01,3.165602421373144276e-03,-9.051478223763203346e+01,3.106854944867853963e-01,0.000000000000000000e+00,4.453672425515769362e+00,1.000000000000000000e+00
1.626000000000000000e+03,1.380062832069570220e+02,8.452436994381750779e+00,-9.245405100444541516e-03,2.480899504584673423e+02,1.506548557026925472e-01,0.000000000000000000e+00,1.604899520021759329e+01,1.000000000000000000e+00
1.626000000000000000e+03,1.250454558449567770e+02,1.791748855414797958e+01,-8.234947001714790910e-03,2.219010898502863824e+02,7.338421167194142392e-02,0.000000000000000000e+00,6.832229463591599661e+00,1.000000000000000000e+00
1.626000000000000000e+03,1.102384030493076921e+02,1.429789168840163427e+01,3.829938603675618353e-03,-1.077329209186539316e+02,2.858125880965302068e-01,0.000000000000000000e+00,6.874993446224896054e+00,1.000000000000000000e+00
1.626000000000000000e+03,9.257319475631008743e+01,5.077994400764259098e+01,-3.977803012659940178e-03,1.115652425168176620e+02,2.205452015714085556e-01,0.000000000000000000e+00,1.142403865818843300e+01,1.000000000000000000e+00
1.627000000000000000e+03,7.502594887324488582e+01,4.492147823623325564e+01,-4.603918465269544492e-03,1.277927836030181368e+02,2.132415611654858711e-01,0.000000000000000000e+00,4.453672425515769362e+00,1.000000000000000000e+00
1.627000000000000000e+03,4.950175502280246320e+01,4.784117304420983885e+01,9.216401589385853424e-03,-2.473382429812164958e+02,8.633386666887898908e-02,0.000000000000000000e+00,9.456783526982212251e+00,1.000000000000000000e+00
1.627000000000000000e+03,8.822080718524928500e+01,5.189783934849343972e+00,-3.119414099545594204e-02,8.169531082705815379e+02,1.207386868496940213e-02,0.000000000000000000e+00,1.345007169289392479e+01,1.000000000000000000e+00
1.628000000000000000e+03,7.550554100426089121e+01,2.271852036431834421e+01,5.328449066619610729e-03,-1.465710297756911586e+02,1.751176903316266076e-01,0.000000000000000000e+00,6.584077191955471697e+00,1.000000000000000000e+00
1.628000000000000000e+03,1.252407259741573569e+02,4.267839760491356316e+01,1.798862245523557028e-03,-5.509187059199184233e+01,4.076164021968846640e-01,0.000000000000000000e+00,1.504876760873616170e+01,1.000000000000000000e+00
1.628000000000000000e+03,1.113470094336869778e+02,5.190124125150573775e+01,3.193570362028577431e-03,-9.123964999834747402e+01,1.625994570837543396e-01,0.000000000000000000e+00,1.008337524864910151e+01,1.000000000000000000e+00
1.629000000000000000e+03,4.842543843766630829e+01,2.818305436802276986e+01,-3.510990363378015122e-02,9.184410987559967907e+02,9.902163693555898760e-03,0.000000000000000000e+00,1.101429322084321605e+01,1.000000000000000000e+00
1.629000000000000000e+03,8.010008579973380449e+00,4.545425723425221065e+01,-2.021220227708510064e-01,5.247029402868797661e+03,7.834623417229957809e-03,0.000000000000000000e+00,1.342383003661196916e+01,1.000000000000000000e+00
1.629000000000000000e+03,1.430688129840528120e+02,5.108613195794219308e+01,-1.089141879058534712e-02,2.907510198728698469e+02,1.241153781477140061e-01,0.000000000000000000e+00,4.711101678780142521e+00,1.000000000000000000e+00
1.631000000000000000e+03,1.877108518337632148e+01,1.778891224376507552e+01,3.480001727315958689e-03,-9.866332358634890909e+01,1.877914009695862418e-01,0.000000000000000000e+00,1.080104816832408687e+01,1.000000000000000000e+00
1.631000000000000000e+03,1.184918233681783448e+02,1.984861796526577393e+01,-8.552139359184546957e-03,2.301220209766719051e+02,4.597519686893514201e-02,0.000000000000000000e+00,6.832229463591599661e+00,1.000000000000000000e+00
1.632000000000000000e+03,3.406795791405729545e+01,4.000471840675185575e+01,-4.727684419270867383e-03,1.310005260333611830e+02,2.313230421710967821e-01,0.000000000000000000e+00,1.550071535587849958e+01,1.000000000000000000e+00
1.632000000000000000e+03,1.186463603221109793e+02,2.915139689563370951e+01,6.462691826042541235e-03,-1.759681176506928750e+02,6.650728276938588923e-02,0.000000000000000000e+00,8.008356244281902292e+00,1.000000000000000000e+00
1.632000000000000000e+03,9.597284360070212017e+01,4.066441425630342366e+01,3.448439644164497542e-03,-9.784530352475850634e+01,3.971811567861205372e-01,0.000000000000000000e+00,5.830070962944115642e+00,1.000000000000000000e+00
1.632000000000000000e+03,1.438967203256986807e+02,4.644834709214106994e+01,-7.018287326780316138e-03,1.903679360515206156e+02,1.474713208733775538e-01,0.000000000000000000e+00,4.711101678780142521e+00,1.000000000000000000e+00
1.633000000000000000e+03,6.119470301727686490e+01,2.121216544336533971e+01,3.442954937394143017e-03,-9.770315193899148198e+01,1.752650689951172902e-01,0.000000000000000000e+00,9.820404504816217184e+00,1.000000000000000000e+00
1.633000000000000000e+03,8.190135176353962265e+01,2.115529382887229204e+01,6.578882108366170510e-03,-1.789795152649273859e+02,1.361922650530131840e-01,0.000000000000000000e+00,6.584077191955471697e+00,1.000000000000000000e+00
1.633000000000000000e+03,8.924290542158627204e+01,2.353463110099728439e+01,8.277388305341503924e-03,-2.230010754767133960e+02,2.011398516247234758e-01,0.000000000000000000e+00,6.877643719751174167e+00,1.000000000000000000e+00
1.633000000000000000e+03,5.906811376826670568e+01,4.400982808162447668e+01,-2.756374975146683518e-02,7.228613192478488827e+02,1.446366796062070748e-02,0.000000000000000000e+00,1.907231775044984445e+01,1.000000000000000000e+00
1.633000000000000000e+03,9.182619664730775355e+01,4.476259025019013649e+01,3.775007109548784903e-03,-1.063092169130200659e+02,3.002239947853534430e-01,0.000000000000000000e+00,5.830070962944115642e+00,1.000000000000000000e+00
1.634000000000000000e+03,3.410239905076773681e+01,1.866237022520209621e+01,-4.111863118823597119e-03,1.150397868228620979e+02,3.076064309421898679e-01,0.000000000000000000e+00,6.968629065753995988e+00,1.000000000000000000e+00
1.634000000000000000e+03,1.115670446184143714e+02,3.289533318017749508e+01,7.862536789195321771e-03,-2.122490328703918863e+02,7.116011849356762564e-02,0.000000000000000000e+00,8.008356244281902292e+00,1.000000000000000000e+00
1.635000000000000000e+03,5.647379950465996501e+01,7.721007062739523086e+00,2.913501055405038394e-03,-8.398086703543766873e+01,3.374578467135607163e-01,0.000000000000000000e+00,5.603860323271828925e+00,1.000000000000000000e+00
1.636000000000000000e+03,1.155343834187043797e+02,1.039995707134618996e+01,5.329177573528419247e-03,-1.465899110790434463e+02,1.326306324535587722e-01,0.000000000000000000e+00,7.016896483107636584e+00,1.000000000000000000e+00
1.636000000000000000e+03,2.840428143306525044e+01,2.267400912606293417e+01,-5.064642347650404400e-03,1.397337374631537159e+02,1.694253329901715954e-01,0.000000000000000000e+00,6.968629065753995988e+00,1.000000000000000000e+00
1.637000000000000000e+03,1.428213933173976784e+02,1.849459299328355044e+01,-7.015678679163099042e-03,1.903003256192730532e+02,9.143041223939685214e-02,0.000000000000000000e+00,1.682687014781432211e+01,1.000000000000000000e+00
1.637000000000000000e+03,6.954718036779503620e+01,2.637709203987139261e+01,8.402737204109198693e-03,-2.262498443681131164e+02,1.136968125422931353e-01,0.000000000000000000e+00,5.279968810230027287e+00,1.000000000000000000e+00
1.637000000000000000e+03,1.130102670866097867e+02,4.443203568849580165e+01,-7.070678733765405587e-03,1.917258065622561105e+02,1.193091520042830478e-01,0.000000000000000000e+00,6.471034538031449124e+00,1.000000000000000000e+00
1.637000000000000000e+03,1.270711983846169346e+02,4.371101133998464405e+01,-6.923006191181276317e-03,1.878984577209205611e+02,5.725522042756436836e-02,0.000000000000000000e+00,1.407940570757242327e+01,1.000000000000000000e+00
1.637000000000000000e+03,1.270089424730584113e+02,2.424871823234110124e+01,-1.006881820855972942e-01,2.618086433340467011e+03,5.778287146000704588e-03,0.000000000000000000e+00,9.693762855921800536e+00,1.000000000000000000e+00
1.638000000000000000e+03,8.354885098526655440e+01,3.550968505291297106e+01,8.725092552352851222e-03,-2.346045889063252901e+02,2.295656120896883978e-01,0.000000000000000000e+00,8.270601965545361978e+00,1.000000000000000000e+00
1.639000000000000000e+03,8.007243627198725733e+01,2.800519322376304387e+01,-5.756493405582850838e-03,1.576650014518263276e+02,3.230369684414085008e-01,0.000000000000000000e+00,7.133091903389680688e+00,1.000000000000000000e+00
1.639000000000000000e+03,2.865965134506670609e+01,3.725645315634604060e+01,3.250286825574100636e-03,-9.270961650151065214e+01,3.107067836121025772e-01,0.000000000000000000e+00,1.233859791639527437e+01,1.000000000000000000e+00
1.639000000000000000e+03,5.093302018019406319e+01,6.882547164884278423e+00,-8.081506234333854857e-03,2.179242412569570604e+02,1.860220302547851423e-01,0.000000000000000000e+00,5.603860323271828925e+00,1.000000000000000000e+00
1.639000000000000000e+03,8.991508038113953205e+01,2.473268896668870553e+01,5.787319366317993270e-03,-1.584639428327908206e+02,3.713527442710063964e-01,0.000000000000000000e+00,4.714288259647082313e+00,1.000000000000000000e+00
1.640000000000000000e+03,8.542639165858611250e+01,2.329179086235652818e+01,-8.759987340147731491e-03,2.355089853723054034e+02,1.767209316893278981e-01,0.000000000000000000e+00,4.714288259647082313e+00,1.000000000000000000e+00
1.640000000000000000e+03,1.117726906364633948e+02,3.808044592510278648e+01,-9.133555773408168904e-03,2.451910608968351255e+02,9.662317170739609384e-02,0.000000000000000000e+00,6.043263238590876441e+00,1.000000000000000000e+00
1.640000000000000000e+03,2.021655882474750143e+01,1.160292917726529360e+01,-4.661682071431871160e-03,1.292898897491440664e+02,1.492520826801934097e-01,0.000000000000000000e+00,1.376980801403660770e+01,1.000000000000000000e+00
1.640000000000000000e+03,4.907594616256814390e+01,2.972328970652392499e+01,-8.660397456364597388e-03,2.329278337266704852e+02,2.318943052484060408e-01,0.000000000000000000e+00,7.728738174775172887e+00,1.000000000000000000e+00
1.640000000000000000e+03,7.184929584041741180e+01,3.689521961692154406e+01,-2.682794739885063437e-03,7.800146467706677811e+01,3.635563252373511522e-01,0.000000000000000000e+00,1.076711397619576793e+01,1.000000000000000000e+00
1.641000000000000000e+03,1.129190241696582753e+01,3.227598800862214290e+01,-6.648866924676910539e-02,1.731709971288567203e+03,1.166985916095708564e-02,0.000000000000000000e+00,1.609039839640568559e+01,1.000000000000000000e+00
1.641000000000000000e+03,4.378749895840876860e+01,1.259293819415142934e+01,-5.782707086619363196e-02,1.507220313658928717e+03,1.774287533517238113e-02,0.000000000000000000e+00,9.146968855206557336e+00,1.000000000000000000e+00
1.641000000000000000e+03,1.111610790298068991e+02,1.588731025632511518e+01,-8.055555326127179783e-03,2.172516505591985947e+02,9.758012435318919042e-02,0.000000000000000000e+00,7.016896483107636584e+00,1.000000000000000000e+00
1.643000000000000000e+03,1.198015678340777157e+02,5.191947799241182793e+01,-7.667021335901968992e-03,2.071817005787493997e+02,5.882512143077900379e-02,0.000000000000000000e+00,1.209233449299704866e+01,1.000000000000000000e+00
1.643000000000000000e+03,4.506493495483331202e+01,2.311683961092397155e+01,-7.733469475042486010e-03,2.089038907970391392e+02,1.192117519677320381e-01,0.000000000000000000e+00,6.939167571026489512e+00,1.000000000000000000e+00
1.644000000000000000e+03,5.681544636468047571e+01,5.374561390740828060e+00,-7.949027750049639587e-03,2.144906891256377151e+02,7.273516835162152638e-02,0.000000000000000000e+00,6.072640192778623991e+00,1.000000000000000000e+00
1.644000000000000000e+03,1.914305789672791747e+01,4.645091608267675554e+01,7.683561287816067197e-03,-2.076103799031953088e+02,7.409466683478560523e-02,0.000000000000000000e+00,5.285298996423956730e+00,1.000000000000000000e+00
1.644000000000000000e+03,1.163489148404872253e+02,3.413339606407868843e+01,3.239088809413377679e-03,-9.241938845079782539e+01,3.918437497574157602e-01,0.000000000000000000e+00,6.043263238590876441e+00,1.000000000000000000e+00
1.645000000000000000e+03,1.279933776595371882e+02,4.302460276709068410e+01,-5.323500280707634327e-03,1.464427680846904138e+02,9.844702315335196463e-02,0.000000000000000000e+00,1.209233449299704866e+01,1.000000000000000000e+00
1.645000000000000000e+03,6.011753765629305235e+01,3.192477229298983943e+01,3.028551364061697875e-03,-8.696271902922657659e+01,2.850740954278084827e-01,0.000000000000000000e+00,1.125891949934854530e+01,1.000000000000000000e+00
1.646000000000000000e+03,7.589698922764171130e+01,3.269817572036212994e+01,-6.079671655407521691e-03,1.660410737965320322e+02,1.705080163191114995e-01,0.000000000000000000e+00,6.985977489951586961e+00,1.000000000000000000e+00
1.646000000000000000e+03,1.257754201203390494e+02,1.583227106202344459e+01,3.905645729293678956e-03,-1.096950837855257816e+02,1.883391874296040935e-01,0.000000000000000000e+00,1.103341902477904490e+01,1.000000000000000000e+00
1.647000000000000000e+03,1.401299409100424214e+02,5.102966725230403711e+01,-2.733658269871925769e-02,7.169736468281251973e+02,1.627178059704492696e-02,0.000000000000000000e+00,1.019945022760203379e+01,1.000000000000000000e+00
1.647000000000000000e+03,9.551870462538785489e+01,3.923630879942166416e+01,-3.882680384242535258e-03,1.090998723451709083e+02,1.989950897761145754e-01,0.000000000000000000e+00,1.209236792580002096e+01,1.000000000000000000e+00
1.648000000000000000e+03,1.333226554396195525e+02,3.098448592927137568e+01,-7.827640422037398377e-03,2.113445954707811438e+02,9.344834618666753023e-02,0.000000000000000000e+00,1.155794630998549977e+01,1.000000000000000000e+00
1.648000000000000000e+03,7.223450358483378864e+01,3.864713196548077434e+01,-3.446314924437313392e-03,9.779023544342328478e+01,2.807153098358438070e-01,0.000000000000000000e+00,6.436716499213816611e+00,1.000000000000000000e+00
1.648000000000000000e+03,1.075971097000171426e+02,3.981725019585213232e+01,2.648613058157717106e-03,-7.711555035836717309e+01,2.551681974916394369e-01,0.000000000000000000e+00,1.043553022170108058e+01,1.000000000000000000e+00
1.648000000000000000e+03,9.888358761879196379e+01,2.015169276649871577e+01,-3.283681068437694847e-03,9.357512212967061771e+01,3.204847935482060262e-01,0.000000000000000000e+00,1.015853647899923828e+01,1.000000000000000000e+00
1.648000000000000000e+03,1.198827215094558198e+02,2.516031686259984568e+01,2.508795992395306419e-03,-7.349179826958712169e+01,2.676451652065652276e-01,0.000000000000000000e+00,9.643855034666328763e+00,1.000000000000000000e+00
1.649000000000000000e+03,2.207549107784862841e+01,5.084809939928550904e+01,-7.861887426826721231e-03,2.122322028201633373e+02,8.103366712381065984e-02,0.000000000000000000e+00,5.285298996423956730e+00,1.000000000000000000e+00
1.649000000000000000e+03,1.412865075053666430e+02,1.149861588950864899e+01,-4.269235854435803057e-03,1.191185434201492228e+02,1.926130785458614048e-01,0.000000000000000000e+00,1.610510475036490874e+01,1.000000000000000000e+00
1.650000000000000000e+03,4.434972157635772305e+01,1.102270835511905211e+01,-4.014361342024470522e-03,1.125127543364559273e+02,3.576937454400394012e-01,0.000000000000000000e+00,1.291172321305142034e+01,1.000000000000000000e+00
1.651000000000000000e+03,5.111477775003808688e+01,4.739168108275645608e+01,-2.529280701578300733e-02,6.640034578197015662e+02,3.201625374590932882e-02,0.000000000000000000e+00,7.915360480956967315e+00,1.000000000000000000e+00
1.652000000000000000e+03,1.393242445210749167e+02,4.086208945451286922e+01,-5.353924880901331229e-02,1.396089357996994067e+03,1.212231366340483785e-01,0.000000000000000000e+00,9.764910046179629433e+00,1.000000000000000000e+00
1.652000000000000000e+03,9.000203460823607315e+01,8.935661955973808190e+00,-7.636546979256250700e-02,1.987695007257652378e+03,8.174557975075491534e-03,0.000000000000000000e+00,3.904608832881959035e+00,1.000000000000000000e+00
1.652000000000000000e+03,1.099183130197530147e+02,1.422364125211550245e+01,-2.876480811838209167e-02,7.539901213159153031e+02,1.452018439929481097e-02,0.000000000000000000e+00,1.252625081306438304e+01,1.000000000000000000e+00
1.652000000000000000e+03,6.281655961383125941e+01,2.509857432792818699e+01,-9.574098471555127915e-03,2.566089626665633432e+02,7.167342609095739281e-02,0.000000000000000000e+00,1.219844952460271870e+01,1.000000000000000000e+00
1.652000000000000000e+03,3.647271041743375264e+01,4.569972230854965289e+01,-4.943209364867784915e-03,1.365864605366512876e+02,2.892864527088534476e-01,0.000000000000000000e+00,6.951232919518925968e+00,1.000000000000000000e+00
1.653000000000000000e+03,8.996643970211691510e+01,2.501793735830625209e+01,6.783886695159312315e-03,-1.842927851118537319e+02,9.709068213550853255e-02,0.000000000000000000e+00,1.015853647899923828e+01,1.000000000000000000e+00
1.653000000000000000e+03,1.379313570515715348e+01,3.728205967417218858e+01,-3.715667812760063433e-03,1.047712723172561340e+02,2.625784428916285718e-01,0.000000000000000000e+00,1.303451392509184359e+01,1.000000000000000000e+00
1.653000000000000000e+03,7.865332114308934308e+01,3.912681982761778698e+01,-7.938678282758597146e-03,2.142224536029626449e+02,8.765176775500094219e-02,0.000000000000000000e+00,6.436716499213816611e+00,1.000000000000000000e+00
1.653000000000000000e+03,5.899751015555870026e+01,4.810963746475366065e+01,-7.462721499439282750e-03,2.018866963167009203e+02,3.869511920503517777e-01,0.000000000000000000e+00,5.895631081879030511e+00,1.000000000000000000e+00
1.654000000000000000e+03,1.244958446698824730e+02,4.949464801990039575e+01,-8.331292336964828127e-03,2.243981499048137209e+02,9.131288662292391667e-02,0.000000000000000000e+00,1.325594482685713693e+01,1.000000000000000000e+00
1.655000000000000000e+03,9.270673012002137625e+01,3.711750805351783100e+01,7.721212853035655868e-03,-2.085862260015690879e+02,7.989700653984843637e-02,0.000000000000000000e+00,3.617150134404153672e+00,1.000000000000000000e+00
1.655000000000000000e+03,1.129651194792730138e+02,3.703783997325373178e+01,-7.485158950195460077e-03,2.024682258932317325e+02,2.015916068226948354e-01,0.000000000000000000e+00,4.373346679378500745e+00,1.000000000000000000e+00
1.655000000000000000e+03,6.033503421279505829e+01,4.236773052977708431e+01,-1.330216345844481562e-02,3.532322411603767591e+02,1.092763651992914031e-01,0.000000000000000000e+00,4.981440298321019533e+00,1.000000000000000000e+00
1.655000000000000000e+03,1.214538374055216536e+02,2.772135812744519967e+01,3.694205510632483664e-03,-1.042150164572096429e+02,1.861741818898644540e-01,0.000000000000000000e+00,1.249794441072846851e+01,1.000000000000000000e+00
1.655000000000000000e+03,2.522300408880602163e+01,4.354757337983728860e+01,3.307389333567478315e-03,-9.418958843116912760e+01,3.330425196745850913e-01,0.000000000000000000e+00,1.145371719101378005e+01,1.000000000000000000e+00
1.656000000000000000e+03,1.095342897097815182e+02,3.147941576705571975e+01,-8.018986367464701545e-03,2.163038632514399637e+02,1.007368549665220714e-01,0.000000000000000000e+00,4.029462347420178503e+00,1.000000000000000000e+00
1.657000000000000000e+03,5.617892661511499597e+01,1.486412275597606758e+01,4.566621720992964858e-03,-1.268261336862861128e+02,3.040484572839957655e-01,0.000000000000000000e+00,9.623325464606276469e+00,1.000000000000000000e+00
1.657000000000000000e+03,2.326079561616493052e+01,1.350542555425636593e+01,-2.828958160363466770e-02,7.416732909914541096e+02,1.389513793421714993e-02,0.000000000000000000e+00,1.387083085139153127e+01,1.000000000000000000e+00
1.657000000000000000e+03,1.117222391129117938e+02,4.595133398814872550e+01,3.311219243848404371e-03,-9.428885131660209140e+01,3.386047202554173241e-01,0.000000000000000000e+00,4.493981562606512270e+00,1.000000000000000000e+00
1.657000000000000000e+03,1.308776886804122626e+02,3.596217490009995998e+01,3.645880514684258535e-03,-1.029625384134689625e+02,3.022638745739095745e-01,0.000000000000000000e+00,9.764910046179629433e+00,1.000000000000000000e+00
1.658000000000000000e+03,3.995465579668746159e+01,1.631509383519058787e+01,-2.827178651353051339e-02,7.412120812343810030e+02,2.355077262293991947e-02,0.000000000000000000e+00,7.324552385858654091e+00,1.000000000000000000e+00
1.658000000000000000e+03,4.874569695682952286e+00,2.572565738405260660e+01,5.786883089632589156e-03,-1.584526354967270834e+02,9.217592085079906461e-02,0.000000000000000000e+00,1.459764547988577910e+01,1.000000000000000000e+00
1.658000000000000000e+03,4.983528792592798595e+01,2.717565893163158819e+01,-3.652563895559868962e-02,9.551338572660157524e+02,1.209148043274854700e-02,0.000000000000000000e+00,1.215166431006392678e+01,1.000000000000000000e+00
1.658000000000000000e+03,1.088876206181617334e+02,3.545664921446870466e+01,3.442962639223885127e-03,-9.770335155354828771e+01,4.682280562911986799e-01,0.000000000000000000e+00,4.029462347420178503e+00,1.000000000000000000e+00
1.658000000000000000e+03,1.373574241339462105e+02,8.639178591860076750e+00,-8.225647052208307983e-03,2.216600555297197275e+02,8.428537207655284469e-02,0.000000000000000000e+00,1.078906294074821837e+01,1.000000000000000000e+00
1.658000000000000000e+03,1.002325573901764955e+02,1.340154680288752864e+01,3.831234927251815463e-03,-1.077665187862773593e+02,2.040138865282306035e-01,0.000000000000000000e+00,5.363616145366207455e+00,1.000000000000000000e+00
1.658000000000000000e+03,1.117738178139629355e+02,1.567579595637234924e+01,3.175045578864674548e-03,-9.075952819548786010e+01,2.087728983954668660e-01,0.000000000000000000e+00,1.176320115367350105e+01,1.000000000000000000e+00
1.659000000000000000e+03,9.993619238373936753e+01,3.050469957775472096e+01,-7.666003603594640642e-03,2.071553231865878217e+02,1.081370484077208705e-01,0.000000000000000000e+00,7.797935788738727503e+00,1.000000000000000000e+00
1.659000000000000000e+03,4.001326557380600235e+01,3.592612473725693434e+01,-8.421575590046496626e-03,2.267380940679425407e+02,8.892739005235195116e-02,0.000000000000000000e+00,6.344296913998847209e+00,1.000000000000000000e+00
1.659000000000000000e+03,6.459888239701085411e+01,3.979200808593802208e+01,-8.804997989688072985e-03,2.366755628169095189e+02,8.564867994785752003e-02,0.000000000000000000e+00,4.981440298321019533e+00,1.000000000000000000e+00
1.659000000000000000e+03,8.790881142767563006e+01,4.864108033294450451e+01,-4.753077704321499210e-03,1.316586643603346545e+02,1.940051615235781624e-01,0.000000000000000000e+00,1.248249742068996326e+01,1.000000000000000000e+00
1.660000000000000000e+03,8.400611104279717267e+01,2.870495107942431190e+01,3.302643960901778791e-03,-9.406659876595480796e+01,2.841902855389619731e-01,0.000000000000000000e+00,1.210255705086025380e+01,1.000000000000000000e+00
1.660000000000000000e+03,1.382911544885880915e+02,1.938776113860766870e+01,-6.917266552747135429e-03,1.877496988648314016e+02,2.131705298269515048e-01,0.000000000000000000e+00,7.200441409140418969e+00,1.000000000000000000e+00
1.661000000000000000e+03,6.175580159097160049e+01,2.481678219343820047e+01,2.763385350346348867e-03,-8.009019677427301076e+01,3.051897118218251936e-01,0.000000000000000000e+00,8.158081739056736836e+00,1.000000000000000000e+00
1.661000000000000000e+03,1.083175746142280929e+02,4.888461371167495884e+01,-8.521844074671686142e-03,2.293368335609939379e+02,2.325501151520008580e-01,0.000000000000000000e+00,4.493981562606512270e+00,1.000000000000000000e+00
1.662000000000000000e+03,2.750273767385198909e+01,3.529684577935103107e+01,2.956955575650704882e-03,-8.510711301727477007e+01,3.226840082836255341e-01,0.000000000000000000e+00,3.610212171997468467e+00,1.000000000000000000e+00
1.662000000000000000e+03,3.662505883585718891e+01,9.791072703126596721e+00,-4.898861555212146238e-03,1.354370624499719042e+02,2.743804938925235026e-01,0.000000000000000000e+00,7.324552385858654091e+00,1.000000000000000000e+00
1.662000000000000000e+03,1.341937484605201405e+02,2.530870872557518680e+01,-4.070016994056587130e-03,1.139552269287967903e+02,4.074803396741923933e-01,0.000000000000000000e+00,7.200441409140418969e+00,1.000000000000000000e+00
1.663000000000000000e+03,7.633256074145809578e+01,1.635207314548912549e+01,3.350372813527234192e-03,-9.530362608056368856e+01,2.282907343011471024e-01,0.000000000000000000e+00,9.275108396459932791e+00,1.000000000000000000e+00
1.663000000000000000e+03,6.386005563656884476e+01,1.275927686797241023e+01,2.990245395851251400e-03,-8.596991223873629906e+01,4.730433380120793174e-01,0.000000000000000000e+00,5.342431498365343145e+00,1.000000000000000000e+00
1.664000000000000000e+03,1.298718914986341417e+02,4.313622936903549743e+01,-5.463510556456062199e-03,1.500715277531001846e+02,1.387119471430195983e-01,0.000000000000000000e+00,5.261291355463153074e+00,1.000000000000000000e+00
1.664000000000000000e+03,7.516874965443351186e+01,3.836353139303489712e+01,-1.933306748147096445e-03,5.857637761229310769e+01,3.946936845901330981e-01,0.000000000000000000e+00,1.066595703637057646e+01,1.000000000000000000e+00
1.665000000000000000e+03,1.146646878182562688e+02,2.304582575780899845e+01,-7.206750422121006167e-03,1.952524866725391632e+02,6.082712965597469879e-02,0.000000000000000000e+00,1.175786864857057168e+01,1.000000000000000000e+00
1.665000000000000000e+03,1.264115195258760735e+02,2.253649287069415763e+01,-3.365600016550611417e-02,8.807591054934902104e+02,1.348846799076242053e-02,0.000000000000000000e+00,8.261250991058501469e+00,1.000000000000000000e+00
1.665000000000000000e+03,6.016376114304375022e+01,3.615956184505899529e+01,-7.207344837631089567e-03,1.952678926205507537e+02,8.750466458384154045e-02,0.000000000000000000e+00,1.145396189154918964e+01,1.000000000000000000e+00
1.665000000000000000e+03,8.516777403992807649e+01,5.044519863058478393e+01,-7.996221678845182729e-03,2.157138523862742829e+02,8.515762403434457006e-02,0.000000000000000000e+00,9.142584613770981861e+00,1.000000000000000000e+00
1.665000000000000000e+03,8.108675943635503813e+00,3.436716861495742847e+01,-8.610848165416323807e-03,2.316436246382285162e+02,5.740283022720704675e-02,0.000000000000000000e+00,1.251816246251122067e+01,1.000000000000000000e+00
1.666000000000000000e+03,5.854749934488240370e+01,1.219507835469097579e+01,-8.522264026999185754e-03,2.293477178054577053e+02,7.673275506184662476e-02,0.000000000000000000e+00,5.342431498365343145e+00,1.000000000000000000e+00
1.666000000000000000e+03,6.965898656022771718e+01,2.279342730542295214e+01,-3.781325255945966989e-03,1.064729694283454222e+02,1.933647556862934103e-01,0.000000000000000000e+00,8.158081739056736836e+00,1.000000000000000000e+00
1.666000000000000000e+03,7.677280010687553613e+00,4.687789557172780519e+01,-2.309253772816598563e-02,6.069772973620821404e+02,1.229389875657050935e-01,0.000000000000000000e+00,1.251816246251122067e+01,1.000000000000000000e+00
1.666000000000000000e+03,7.614924846114615775e+01,5.194621488793116981e+01,2.494410879511606630e-03,-7.311896765284235755e+01,3.527277135301769562e-01,0.000000000000000000e+00,7.653359869998475951e+00,1.000000000000000000e+00
1.667000000000000000e+03,3.313533082364611460e+01,2.850157733429404061e+01,-3.895270366219268175e-03,1.094261771008680029e+02,2.127832461479184367e-01,0.000000000000000000e+00,4.996015336796840067e+00,1.000000000000000000e+00
1.667000000000000000e+03,2.860963411735348316e+01,3.873318281028999621e+01,-1.837667858228878232e-03,5.609762707336624032e+01,4.478533580818564452e-01,0.000000000000000000e+00,3.610212171997468467e+00,1.000000000000000000e+00
1.667000000000000000e+03,1.426564161431087712e+02,4.046642406683965021e+01,-4.368371549735324336e-03,1.216879234951449291e+02,1.523482455904046073e-01,0.000000000000000000e+00,1.306031893702493818e+01,1.000000000000000000e+00
1.668000000000000000e+03,8.633891417289648018e+01,2.914513548711608237e+01,-8.724144987582433883e-03,2.345800301030252228e+02,6.763755842644081362e-02,0.000000000000000000e+00,1.060456491719321903e+01,1.000000000000000000e+00
1.668000000000000000e+03,1.162558254050438080e+02,4.726699250925177154e+01,-8.007690013110271149e-03,2.160110864901465675e+02,1.770111865714869559e-01,0.000000000000000000e+00,3.634126826666250754e+00,1.000000000000000000e+00
1.668000000000000000e+03,3.433206606483289391e+01,1.327819060312913102e+01,-4.289861589970107338e-03,1.196531173065163500e+02,3.365581106153431312e-01,0.000000000000000000e+00,1.035251218075390156e+01,1.000000000000000000e+00
1.670000000000000000e+03,1.147155764424548039e+02,1.061895963203146742e+01,-5.200934016424255991e-03,1.432661189840320048e+02,1.796036765928219481e-01,0.000000000000000000e+00,1.054532650514063974e+01,1.000000000000000000e+00
1.670000000000000000e+03,1.000122616499443780e+02,3.089732993512590653e+01,3.114087401118932532e-03,-8.917962575132038694e+01,2.864639656533198853e-01,0.000000000000000000e+00,1.103902376437120836e+01,1.000000000000000000e+00
1.670000000000000000e+03,1.098852828519901692e+02,4.488274031905697115e+01,-6.730809766887987065e-03,1.829171473909472070e+02,7.619843585545016396e-02,0.000000000000000000e+00,6.802093128347764583e+00,1.000000000000000000e+00
1.670000000000000000e+03,4.648184323889829273e+01,3.321128585822522439e+01,3.698378456957973626e-03,-1.043231700855303785e+02,3.246683732029024272e-01,0.000000000000000000e+00,1.399597116424282461e+01,1.000000000000000000e+00
1.671000000000000000e+03,8.053446624375128238e+01,4.567375266813048995e+01,-8.030624459974130061e-03,2.166054971171665215e+02,6.803548727051333955e-02,0.000000000000000000e+00,5.619508811966315243e+00,1.000000000000000000e+00
1.671000000000000000e+03,6.138806693298614903e+01,5.158088251842043803e+01,2.700392772588548502e-03,-7.845756713794976633e+01,3.294357892396622134e-01,0.000000000000000000e+00,8.828567631685755757e+00,1.000000000000000000e+00
1.672000000000000000e+03,3.424491477166430542e+01,2.363033594140355831e+01,-8.437686267551761793e-03,2.271556475399956128e+02,5.505667745718423323e-02,0.000000000000000000e+00,4.996015336796840067e+00,1.000000000000000000e+00
1.673000000000000000e+03,5.153198024516607134e+00,4.006769031136714432e+01,-5.965266239277311477e-02,1.554535647245911605e+03,6.527594507774514554e-03,0.000000000000000000e+00,1.410466758779017660e+01,1.000000000000000000e+00
1.673000000000000000e+03,8.246695615531022838e+01,3.901755860370781193e+01,-7.144333332273641868e-03,1.936347724223037403e+02,7.229479514609404855e-02,0.000000000000000000e+00,6.931048743266258860e+00,1.000000000000000000e+00
1.674000000000000000e+03,9.327922414490141989e+01,4.006191664053022095e+01,-1.211819498480975338e-02,3.225463716923720199e+02,3.426910420706898996e-01,0.000000000000000000e+00,6.711575230827619087e+00,1.000000000000000000e+00
1.674000000000000000e+03,6.364611391273310659e+01,1.887335762412000051e+01,-8.743697477770427315e-03,2.350867878208562445e+02,7.497659737642081712e-02,0.000000000000000000e+00,6.995214762886956095e+00,1.000000000000000000e+00
1.674000000000000000e+03,1.176268800576952032e+02,2.806622231618450769e+01,-2.488078494940791380e-03,7.295484611524376817e+01,3.270322523526143499e-01,0.000000000000000000e+00,6.490494094595765873e+00,1.000000000000000000e+00
1.674000000000000000e+03,1.360385330652096059e+02,3.323043425794761419e+01,-5.542780615007986134e-02,1.445036627574944760e+03,6.705271864292150497e-03,0.000000000000000000e+00,6.120719997267130452e+00,1.000000000000000000e+00
1.674000000000000000e+03,7.311404356164241847e+01,3.383969878538938048e+01,-7.821020722516325990e-03,2.111730273590075342e+02,9.570877286673251660e-02,0.000000000000000000e+00,1.069051945805003889e+01,1.000000000000000000e+00
1.674000000000000000e+03,1.410310249949909291e+02,5.002349921103970587e+01,-8.421191353296197599e-03,2.267281354930082955e+02,6.092004517345339654e-02,0.000000000000000000e+00,1.105767463009128271e+01,1.000000000000000000e+00
1.675000000000000000e+03,1.093659598063226071e+02,3.675978475113249289e+01,-3.866477121633603298e-02,1.010575479901668018e+03,1.814345996884236811e-02,0.000000000000000000e+00,8.139539519176544502e+00,1.000000000000000000e+00
1.675000000000000000e+03,1.411117485601017165e+02,1.346722589643256107e+01,-8.614066266804304428e-03,2.317270307772646163e+02,1.012190594458011184e-01,0.000000000000000000e+00,1.463376434567553908e+01,1.000000000000000000e+00
1.675000000000000000e+03,7.523746487603717981e+01,4.755009373472845624e+01,-8.239540122848217768e-03,2.220201334892765033e+02,6.658856996357276348e-02,0.000000000000000000e+00,5.619508811966315243e+00,1.000000000000000000e+00
1.676000000000000000e+03,6.508975157953766200e+01,4.356582561252549368e+01,-5.624992878160994976e-03,1.542567958202592990e+02,1.510479104312033583e-01,0.000000000000000000e+00,4.837097287838566295e+00,1.000000000000000000e+00
1.676000000000000000e+03,8.064668208949608186e+01,2.038219599658526349e+01,-2.890747279642596340e-03,8.339113900762384901e+01,2.300849374679843073e-01,0.000000000000000000e+00,8.494890236495585611e+00,1.000000000000000000e+00
1.676000000000000000e+03,2.336216615119850815e+01,3.115000124671325565e+01,3.930812726363571395e-03,-1.103473572237004703e+02,2.883498909567332458e-01,0.000000000000000000e+00,8.463713724645872460e+00,1.000000000000000000e+00
1.677000000000000000e+03,1.111590370921178383e+01,1.142545058700127392e+01,-1.125654540461247695e-02,3.002143019338620888e+02,4.625451967178773049e-02,0.000000000000000000e+00,9.702777416882051753e+00,1.000000000000000000e+00
1.677000000000000000e+03,1.536553115786476909e+01,4.979650831437131586e+01,3.809528886691276352e-03,-1.072039457599340722e+02,2.861413231620161257e-01,0.000000000000000000e+00,1.186189046486917853e+01,1.000000000000000000e+00
1.677000000000000000e+03,7.438083548599499295e+01,8.260970515257474389e+00,-4.737847594730847794e-03,1.312639332798293879e+02,2.557559550273799109e-01,0.000000000000000000e+00,7.255751002420401718e+00,1.000000000000000000e+00
1.678000000000000000e+03,1.421053933556125344e+02,3.404063145720088102e+01,-8.355760046027520607e-03,2.250322993295646370e+02,2.697403385236398776e-01,0.000000000000000000e+00,6.120719997267130452e+00,1.000000000000000000e+00
1.678000000000000000e+03,2.058806830561531598e+01,3.914617728003628372e+01,-7.794834258578720552e-03,2.104943315726654873e+02,7.976307236162716308e-02,0.000000000000000000e+00,8.463713724645872460e+00,1.000000000000000000e+00
1.678000000000000000e+03,9.959444813721367495e+01,4.233418159118682667e+01,-1.371395356074460448e-01,3.562825673456684399e+03,4.635845627585233331e-03,0.000000000000000000e+00,6.711575230827619087e+00,1.000000000000000000e+00
1.678000000000000000e+03,7.031609684023493401e+01,1.427128018704555501e+01,-7.851880451671967506e-03,2.119728439434649090e+02,1.240440296836650136e-01,0.000000000000000000e+00,7.255751002420401718e+00,1.000000000000000000e+00
1.678000000000000000e+03,6.876129072911342632e+01,2.364493972192329707e+01,-2.661401004145105571e-03,7.744698590759941226e+01,3.533879820643873737e-01,0.000000000000000000e+00,6.995214762886956095e+00,1.000000000000000000e+00
1.678000000000000000e+03,4.889217802639650756e+01,4.440437570651694443e+01,2.792229406768742626e-03,-8.083777153662109072e+01,3.464469113202182093e-01,0.000000000000000000e+00,4.171738076055314437e+00,1.000000000000000000e+00
1.679000000000000000e+03,5.786503856799815537e+01,3.146832872506166723e+01,-7.087049021491629436e-03,1.921500885625852959e+02,1.174863809122703717e-01,0.000000000000000000e+00,9.662261742190679570e+00,1.000000000000000000e+00
1.679000000000000000e+03,2.980438188211613593e+01,4.515339476257386764e+01,-6.582781652021156039e-03,1.790805828948907674e+02,1.730745403180302677e-01,0.000000000000000000e+00,4.454705652536840255e+00,1.000000000000000000e+00
1.679000000000000000e+03,1.237822716490378383e+02,2.600766263786306354e+01,-5.101185291208685038e-03,1.406808505163951395e+02,1.224714331021081737e-01,0.000000000000000000e+00,6.490494094595765873e+00,1.000000000000000000e+00
1.680000000000000000e+03,1.083370336364857849e+02,2.227156387790537195e+01,-8.809124338847411709e-03,2.367825087487501889e+02,5.651365984031297973e-02,0.000000000000000000e+00,4.467196537372819520e+00,1.000000000000000000e+00
1.680000000000000000e+03,2.040491413039757873e+01,8.622206930688456339e+00,3.509086430064261783e-03,-9.941713537435200010e+01,2.968122782202008425e-01,0.000000000000000000e+00,8.504416003405662394e+00,1.000000000000000000e+00
1.680000000000000000e+03,9.554246411518415982e+01,7.713771762031927715e+00,4.776724323827661288e-03,-1.322715329422976822e+02,1.894446326324827901e-01,0.000000000000000000e+00,8.971794149703715249e+00,1.000000000000000000e+00
1.680000000000000000e+03,8.359241071373620002e+01,1.241439560987624091e+01,-3.889420296002474471e-03,1.092745560948626462e+02,2.094531879742191904e-01,0.000000000000000000e+00,4.974771201708414026e+00,1.000000000000000000e+00
1.680000000000000000e+03,1.271110706358379190e+02,1.772493379925973755e+01,-2.368414034565087013e-03,6.985340541575101270e+01,3.690884379521903735e-01,0.000000000000000000e+00,8.926617484151119442e+00,1.000000000000000000e+00
1.680000000000000000e+03,1.348942514541224682e+02,3.349854207213495982e+01,-8.020116981070694179e-03,2.163331662796073829e+02,8.366805467888505099e-02,0.000000000000000000e+00,7.231488672799461170e+00,1.000000000000000000e+00
1.680000000000000000e+03,1.417416441279664525e+02,4.188897724410161061e+01,-4.878871294026238155e-03,1.349189586667700098e+02,1.304048715921011237e-01,0.000000000000000000e+00,7.856770652843033886e+00,1.000000000000000000e+00
1.681000000000000000e+03,2.277340305852456837e+01,1.814261059075801086e+01,-8.594057837039318498e-03,2.312084561042895530e+02,6.105381592537206803e-02,0.000000000000000000e+00,9.810597619580873285e+00,1.000000000000000000e+00
1.681000000000000000e+03,9.246234528045228274e+01,1.652716826914998904e+01,-7.439113079501572662e-03,2.012748177838796835e+02,1.050393341417005244e-01,0.000000000000000000e+00,9.336117502889029751e+00,1.000000000000000000e+00
1.681000000000000000e+03,4.969073852957023263e+01,2.631661824636054803e+01,-1.094019161102667038e-02,2.920151045465553352e+02,1.049466748693840268e-01,0.000000000000000000e+00,8.081241279813511369e+00,1.000000000000000000e+00
1.681000000000000000e+03,6.814770788007967894e+01,3.981797110147645924e+01,3.431022330225098286e-03,-9.739388489839362251e+01,3.754562409003215917e-01,0.000000000000000000e+00,4.837097287838566295e+00,1.000000000000000000e+00
1.681000000000000000e+03,1.240731332343020767e+02,4.273356007684099467e+01,2.464187624503955554e-03,-7.233564708416574263e+01,4.732355255055351595e-01,0.000000000000000000e+00,5.315483558574035428e+00,1.000000000000000000e+00
1.682000000000000000e+03,8.268111120120140356e+01,4.401219372825524090e+01,-4.530401618986341222e-03,1.258873879789104109e+02,2.005498914783429010e-01,0.000000000000000000e+00,1.228142752215746292e+01,1.000000000000000000e+00
1.682000000000000000e+03,4.638588244134916749e+01,4.106942727879247457e+01,2.646696711310416415e-03,-7.706588284565785330e+01,2.321038933035325380e-01,0.000000000000000000e+00,4.171738076055314437e+00,1.000000000000000000e+00
1.682000000000000000e+03,2.751288611022361508e+01,4.897353213944166583e+01,-3.692084429976511852e-03,1.041600426926292329e+02,2.405522452961676994e-01,0.000000000000000000e+00,4.454705652536840255e+00,1.000000000000000000e+00
1.683000000000000000e+03,4.886415942083711172e+01,1.827776088977261892e+01,-8.554943634318025805e-03,2.301947016456377924e+02,1.091078837426913140e-01,0.000000000000000000e+00,8.081241279813511369e+00,1.000000000000000000e+00
1.683000000000000000e+03,3.229557662489747116e+01,4.138998246903420153e+01,-7.779257388555505838e-03,2.100906132212933812e+02,5.651226922810137498e-02,0.000000000000000000e+00,4.202825930626274520e+00,1.000000000000000000e+00
1.683000000000000000e+03,1.160163551522393135e+02,4.690335524843105475e+01,7.921611330043262095e-03,-2.137801155720930808e+02,3.359848373542678734e-01,0.000000000000000000e+00,6.145259829474372992e+00,1.000000000000000000e+00
1.683000000000000000e+03,2.874938216514036782e+01,6.980578234503429513e+00,-3.865375910404044574e-03,1.086513782870562324e+02,3.277433879798072880e-01,0.000000000000000000e+00,8.504416003405662394e+00,1.000000000000000000e+00
1.684000000000000000e+03,4.358785826277987496e+01,5.054405882370599734e+00,-8.013710772517099179e-03,2.161671313860794328e+02,8.123899192473660325e-02,0.000000000000000000e+00,7.540047781550446082e+00,1.000000000000000000e+00
1.684000000000000000e+03,9.239076371277955957e+01,5.153257337867255217e+01,-7.764268201838900145e-03,2.097021263339651398e+02,9.305702845117291844e-02,0.000000000000000000e+00,1.228142752215746292e+01,1.000000000000000000e+00
1.684000000000000000e+03,1.399309771432070093e+01,5.201277005495707328e+01,-8.174203720702157352e-03,2.203267570587305499e+02,7.138563490912197551e-02,0.000000000000000000e+00,1.385718749880716416e+01,1.000000000000000000e+00
1.684000000000000000e+03,8.398219282719583134e+01,2.637580947532699938e+01,2.709704328099566892e-03,-7.869890226073215445e+01,2.561681976013377993e-01,0.000000000000000000e+00,5.061143476948404718e+00,1.000000000000000000e+00
1.684000000000000000e+03,2.177854760622290442e+01,3.943011842809845291e+01,2.667302495264121248e-03,-7.759993963075785928e+01,3.719554838385504825e-01,0.000000000000000000e+00,9.857479790741088266e+00,1.000000000000000000e+00
1.685000000000000000e+03,1.289626625478803703e+02,4.064864555745909058e+01,-8.474470582530880744e-03,2.281090164117643440e+02,4.530905249035677151e-02,0.000000000000000000e+00,5.315483558574035428e+00,1.000000000000000000e+00
1.685000000000000000e+03,8.976219107462224400e+00,3.613184125625028287e+01,-7.936245458418028989e-03,2.141594001249219161e+02,9.356853627039962706e-02,0.000000000000000000e+00,1.322037243395641326e+01,1.000000000000000000e+00
1.686000000000000000e+03,1.059822174264918857e+02,8.369729135505854956e+00,-6.643299480023777751e-03,1.806490724382601627e+02,1.043557315194172386e-01,0.000000000000000000e+00,8.431652227399505151e+00,1.000000000000000000e+00
1.686000000000000000e+03,1.093205491067472082e+02,3.677026483267164281e+01,3.433992791594910055e-02,-8.984850147072760365e+02,1.460966168248369890e-01,0.000000000000000000e+00,6.317622986437067212e+00,1.000000000000000000e+00
1.686000000000000000e+03,3.011065173561440389e+01,4.498022605844926858e+01,8.835152992977001601e-03,-2.374571144505356699e+02,1.487158237089902801e-01,0.000000000000000000e+00,4.202825930626274520e+00,1.000000000000000000e+00
1.687000000000000000e+03,1.115515208861750125e+02,4.268085914442699647e+01,-3.464227686218904201e-02,9.063212371276437125e+02,6.988478150399557443e-02,0.000000000000000000e+00,6.145259829474372992e+00,1.000000000000000000e+00
1.688000000000000000e+03,1.108121959706276556e+02,1.528088436071959322e+01,7.872534711204266095e-03,-2.125081571093809885e+02,1.124061208916963261e-01,0.000000000000000000e+00,8.311616097346645304e+00,1.000000000000000000e+00
1.688000000000000000e+03,1.003340341086216370e+02,3.040510753979635794e+01,5.361486944675432006e-03,-1.474272992086163470e+02,1.538210010519599491e-01,0.000000000000000000e+00,1.074065888901378152e+01,1.000000000000000000e+00
1.688000000000000000e+03,8.749027272109906050e+01,2.272772110574913285e+01,-3.101522739525869148e-03,8.885397724450614021e+01,3.120004212557774270e-01,0.000000000000000000e+00,5.061143476948404718e+00,1.000000000000000000e+00
1.688000000000000000e+03,8.266690813160431617e+01,4.374739295595963284e+01,4.603951347886980731e-03,-1.277936358484358834e+02,1.367118762849324209e-01,0.000000000000000000e+00,1.245642009478427248e+01,1.000000000000000000e+00
1.689000000000000000e+03,7.787573225806420396e+01,2.944275497956399334e+01,-4.810040172369890732e-03,1.331350067613630586e+02,1.608363782809734133e-01,0.000000000000000000e+00,6.833375111050092876e+00,1.000000000000000000e+00
1.690000000000000000e+03,9.247679237596430823e+01,1.597695861660814032e+01,6.539792797803430091e-03,-1.779664059565014327e+02,3.032552904808961669e-01,0.000000000000000000e+00,5.769018690571276586e+00,1.000000000000000000e+00
1.690000000000000000e+03,9.784078876360555910e+01,1.810042733677623872e+01,-7.641572797793486777e-03,2.065221302135429369e+02,1.771535981061295173e-01,0.000000000000000000e+00,5.769018690571276586e+00,1.000000000000000000e+00
1.690000000000000000e+03,7.475783150824109669e+01,4.431795227702688855e+00,2.225063325835720165e-03,-6.613806904137118181e+01,3.194333440314351957e-01,0.000000000000000000e+00,1.207989824317728811e+01,1.000000000000000000e+00
1.690000000000000000e+03,1.344465727316294306e+02,3.915948556519923329e+01,4.061065682472093583e-03,-1.137232285395104014e+02,2.881406964916090052e-01,0.000000000000000000e+00,5.399493651228699065e+00,1.000000000000000000e+00
1.691000000000000000e+03,8.428899173365650199e+01,1.757665409053169014e+01,-7.710527217416197031e-03,2.083092777321657536e+02,1.407894921157510915e-01,0.000000000000000000e+00,4.993476458251768335e+00,1.000000000000000000e+00
1.692000000000000000e+03,9.603224229811370805e+00,3.697548939173037752e+01,-4.157970701704758604e-02,1.086124230970709505e+03,9.781794566658841283e-03,0.000000000000000000e+00,1.332735810950565991e+01,1.000000000000000000e+00
1.692000000000000000e+03,2.831621710638038891e+01,3.194591491655049253e+01,3.060968603738667415e-03,-8.780290287482036149e+01,3.160234177075187390e-01,0.000000000000000000e+00,1.937711851127261298e+01,1.000000000000000000e+00
1.694000000000000000e+03,1.673896611416040159e+01,4.823158382714416348e+01,-8.602400201325889617e-03,2.314246719134540626e+02,5.801026690177213396e-02,0.000000000000000000e+00,9.743314895568889966e+00,1.000000000000000000e+00
1.695000000000000000e+03,1.383561618086039573e+02,4.288368278592486149e+01,-8.387260692763237949e-03,2.258487270938294955e+02,9.040721921183036969e-02,0.000000000000000000e+00,5.399493651228699065e+00,1.000000000000000000e+00
1.695000000000000000e+03,5.853759078707493302e+01,4.504457487912113578e+01,-3.118247979214634411e-02,8.166508754235366041e+02,8.708393226663280196e-03,0.000000000000000000e+00,1.883458532048430456e+01,1.000000000000000000e+00
1.695000000000000000e+03,1.437951834635114210e+02,1.089999705681057129e+01,-7.461091477441792255e-03,2.018444497169317629e+02,1.746557551366374472e-01,0.000000000000000000e+00,1.866223946369509079e+01,1.000000000000000000e+00
1.695000000000000000e+03,1.034732978369121810e+02,3.355015618263561805e+01,-3.430838442097811775e-02,8.976674764106078328e+02,1.510507214793965769e-02,0.000000000000000000e+00,8.253878282186775550e+00,1.000000000000000000e+00
1.695000000000000000e+03,4.083167310471604594e+01,5.146657481840280468e+01,-4.335239790094651442e-03,1.208292208571789388e+02,1.523841470348356042e-01,0.000000000000000000e+00,1.076596066162137966e+01,1.000000000000000000e+00
1.695000000000000000e+03,1.281240668598575496e+02,2.103386533082036891e+01,-4.341254081556197679e-03,1.209850981181375147e+02,2.087120894045815245e-01,0.000000000000000000e+00,1.410321310235924841e+01,1.000000000000000000e+00
1.696000000000000000e+03,6.684258038420898629e+01,8.995932069173832701e+00,-2.773679797465050320e-02,7.273463501473463566e+02,1.506568469666114130e-02,0.000000000000000000e+00,1.071350531394657679e+01,1.000000000000000000e+00
1.696000000000000000e+03,1.178743798657303046e+02,4.361071131227798503e+01,-3.243594993289520331e-03,9.253617886650678770e+01,2.602132682844843226e-01,0.000000000000000000e+00,9.377800697501525562e+00,1.000000000000000000e+00
1.697000000000000000e+03,1.141523830466538527e+02,2.295549777080971054e+01,4.305993671100056749e-03,-1.200712255136386517e+02,3.084451467652287171e-01,0.000000000000000000e+00,1.410321310235924841e+01,1.000000000000000000e+00
1.699000000000000000e+03,9.878648698070955447e+01,1.988499151127283326e+01,-7.376700764458538929e-03,1.996572272861137378e+02,5.052490099552298108e-02,0.000000000000000000e+00,1.366607385058293467e+01,1.000000000000000000e+00
1.699000000000000000e+03,3.760006493720935339e+01,4.119707543336542699e+01,-2.620217925210081844e-02,6.875723942929856776e+02,1.807399378048069050e-02,0.000000000000000000e+00,1.076596066162137966e+01,1.000000000000000000e+00
1.699000000000000000e+03,8.725945249402759885e+01,4.127389124466080261e+01,-2.594951529835568677e-02,6.810238980479049360e+02,1.401859307319541781e-02,0.000000000000000000e+00,9.587069651192940967e+00,1.000000000000000000e+00
1.699000000000000000e+03,2.469150173967562267e+01,4.260225329153641383e+01,-3.565366654311574734e-02,9.325342423058289114e+02,1.491310579472493458e-02,0.000000000000000000e+00,5.610425255886092089e+00,1.000000000000000000e+00
1.700000000000000000e+03,7.743881812012020305e+01,1.057673628096373086e+01,-4.605659225992977598e-03,1.278379003080012524e+02,1.537917635595433818e-01,0.000000000000000000e+00,1.071350531394657679e+01,1.000000000000000000e+00
1.700000000000000000e+03,1.275192030180987075e+02,4.956647030310762148e+01,3.000506308890392004e-03,-8.623585262917161742e+01,2.243801428076626081e-01,0.000000000000000000e+00,1.133550522902749336e+01,1.000000000000000000e+00
1.700000000000000000e+03,2.300223369635688897e+01,5.157462462119116253e+01,-6.655793205703956598e-03,1.809728824415907127e+02,1.876126824523902670e-01,0.000000000000000000e+00,4.679743554440748632e+00,1.000000000000000000e+00
1.701000000000000000e+03,1.061198504429959115e+02,3.865242763836198492e+01,-3.352426964872694953e-02,8.773449390415511289e+02,2.449385151594518639e-02,0.000000000000000000e+00,1.182575690179243466e+01,1.000000000000000000e+00
1.702000000000000000e+03,1.245827864702031036e+02,1.209756715656693160e+01,-3.318849932049910967e-02,8.686425076063671895e+02,2.624494299674762221e-02,0.000000000000000000e+00,1.060933102884366619e+01,1.000000000000000000e+00
1.703000000000000000e+03,3.075832567893055369e+01,2.337129511032986784e+01,-2.560388925590819167e-02,6.720660280881378412e+02,1.981860489211351162e-02,0.000000000000000000e+00,1.398972855185967212e+01,1.000000000000000000e+00
1.703000000000000000e+03,5.923749310931027168e+01,6.561230570214238611e+00,-5.754134446795321385e-03,1.576038624071250069e+02,2.722877381257302609e-01,0.000000000000000000e+00,1.863900529165107756e+01,1.000000000000000000e+00
1.703000000000000000e+03,9.950587855789656544e+01,5.274427717296707385e+01,-8.260148182276196016e-03,2.225542492496854550e+02,7.821819982490108014e-02,0.000000000000000000e+00,6.793839456313917502e+00,1.000000000000000000e+00
1.703000000000000000e+03,2.136754864150803712e+01,1.300182976306457583e+01,-7.188902024656614043e-03,1.947898953054533138e+02,2.431270599313386516e-01,0.000000000000000000e+00,1.398972855185967212e+01,1.000000000000000000e+00
1.704000000000000000e+03,1.118110805062993620e+02,2.402280953321999846e+01,-5.839822135117648562e-03,1.598246995978325629e+02,2.392850922044665873e-01,0.000000000000000000e+00,7.065374634773288420e+00,1.000000000000000000e+00
1.704000000000000000e+03,1.209817199783455663e+02,2.207705737404827673e+01,-3.923413780669550432e-03,1.101555927579875345e+02,2.835170236408434130e-01,0.000000000000000000e+00,9.151084060534710574e+00,1.000000000000000000e+00
1.705000000000000000e+03,6.133814210134003986e+01,4.586910834483206401e+01,-8.636241084654808220e-02,2.246793822042896863e+03,5.261320903936828053e-03,0.000000000000000000e+00,1.758714006514318129e+01,1.000000000000000000e+00
1.705000000000000000e+03,2.140297348007741363e+01,4.717662888495454609e+01,-3.664237201002331495e-02,9.581593223442182534e+02,1.152666179735983842e-02,0.000000000000000000e+00,4.679743554440748632e+00,1.000000000000000000e+00
1.705000000000000000e+03,8.190402468086475096e+01,4.921825814465368154e+01,-2.748946374037722351e-02,7.209359885567403126e+02,1.752382559595211386e-02,0.000000000000000000e+00,1.117326627168493225e+01,1.000000000000000000e+00
1.707000000000000000e+03,1.353628748094791092e+02,3.504086437554386180e+01,-3.974351507690541963e-02,1.038534157883364742e+03,6.554860840750298401e-03,0.000000000000000000e+00,1.082778275037229854e+01,1.000000000000000000e+00
1.707000000000000000e+03,9.278267309852911637e+01,5.176715747236764997e+01,8.588192930790170335e-03,-2.310564505808224567e+02,8.855385232140766671e-02,0.000000000000000000e+00,6.352776810682831510e+00,1.000000000000000000e+00
1.708000000000000000e+03,1.159705078633847535e+02,2.973408634237812365e+01,6.012466661446138477e-03,-1.642992675591028728e+02,1.170700921007453710e-01,0.000000000000000000e+00,7.065374634773288420e+00,1.000000000000000000e+00
1.709000000000000000e+03,8.881928429292668170e+01,2.153249715148103860e+01,-2.460523906195456398e-02,6.461832025076787431e+02,1.418894873892306840e-02,0.000000000000000000e+00,1.481139214043149543e+01,1.000000000000000000e+00
1.709000000000000000e+03,6.128741817023117733e+01,2.102530409127422217e+01,-7.411677993550557994e-03,2.005637604499359838e+02,1.379588929178129364e-01,0.000000000000000000e+00,6.341216040676541432e+00,1.000000000000000000e+00
1.709000000000000000e+03,9.116007932515408640e+01,3.615774982467391396e+01,-7.603941020350635585e-03,2.055467969709989688e+02,1.738466457132324949e-01,0.000000000000000000e+00,1.182240151993332056e+01,1.000000000000000000e+00
1.709000000000000000e+03,7.708538420187002771e+01,3.803764220506867844e+01,2.790712123396980448e-03,-8.079844687508771983e+01,3.403651700942331715e-01,0.000000000000000000e+00,6.942446545543412562e+00,1.000000000000000000e+00
1.710000000000000000e+03,1.711690798767111588e+01,1.434564862415016684e+01,-3.651724454284936781e-03,1.031140005273331326e+02,3.635456686115579039e-01,0.000000000000000000e+00,7.589512755376365050e+00,1.000000000000000000e+00
1.710000000000000000e+03,1.197802508013941036e+02,2.233848652975584415e+01,-7.707828279895595318e-03,2.082393271833937831e+02,9.447213017206301799e-02,0.000000000000000000e+00,8.319196946951720406e+00,1.000000000000000000e+00
1.710000000000000000e+03,1.436524079806889063e+02,4.388243057977413741e+01,2.784179718594214422e-03,-8.062914125120197184e+01,3.769926304305277753e-01,0.000000000000000000e+00,1.211980417087563922e+01,1.000000000000000000e+00
1.711000000000000000e+03,1.046097096144796410e+02,1.396382590787329114e+01,-5.215422378822626853e-02,1.360192543221761980e+03,1.924419739529936724e-02,0.000000000000000000e+00,1.021230622715442138e+01,1.000000000000000000e+00
1.711000000000000000e+03,1.406498980084832340e+02,2.559161758109235407e+01,6.675634324621536851e-03,-1.814871207838792770e+02,1.341115066580816917e-01,0.000000000000000000e+00,1.051898233501102808e+01,1.000000000000000000e+00
1.711000000000000000e+03,7.173419366464051450e+01,3.361471061256207804e+01,3.249927637798016335e-03,-9.270030714112068893e+01,3.488841373696968118e-01,0.000000000000000000e+00,6.942446545543412562e+00,1.000000000000000000e+00
1.711000000000000000e+03,2.810035058627591908e+01,4.508290568661319497e+01,-9.050305233712368710e-03,2.430333892601884145e+02,1.841043698302856635e-01,0.000000000000000000e+00,5.835415558747131470e+00,1.000000000000000000e+00
1.711000000000000000e+03,1.310855094555727192e+02,2.121309488807952093e+01,-6.459130915954737831e-03,1.758758266610466876e+02,3.318286544553686879e-01,0.000000000000000000e+00,6.528447789174240512e+00,1.000000000000000000e+00
1.711000000000000000e+03,3.372333773425884118e+01,3.216092291830854322e+01,-5.516339255493466973e-03,1.514407319159856797e+02,2.336961316521150023e-01,0.000000000000000000e+00,7.275636878168220356e+00,1.000000000000000000e+00
1.711000000000000000e+03,9.657235950891741538e+01,4.666852529135402250e+01,2.350701421330057394e-03,-6.939433327846798250e+01,3.543958906216508886e-01,0.000000000000000000e+00,6.352776810682831510e+00,1.000000000000000000e+00
1.712000000000000000e+03,5.502522838250118298e+01,2.002730612685563472e+01,-4.805921010693889675e-03,1.330282471133470210e+02,2.794497234281489995e-01,0.000000000000000000e+00,6.341216040676541432e+00,1.000000000000000000e+00
1.712000000000000000e+03,4.221558175627975373e+01,4.420418255827985377e+01,-7.729337870152439005e-03,2.087968086481706678e+02,1.393440314936337243e-01,0.000000000000000000e+00,7.473260393316968120e+00,1.000000000000000000e+00
1.712000000000000000e+03,2.346501153269371542e+01,5.306827378874105960e+01,-8.634653844954258417e-03,2.322606157078094498e+02,5.965906673586462983e-02,0.000000000000000000e+00,9.233226514504316640e+00,1.000000000000000000e+00
1.712000000000000000e+03,6.670798130056229525e+01,1.289145916250125978e+01,-6.261618462313967536e-03,1.707567364946355895e+02,2.673579824411641548e-01,0.000000000000000000e+00,7.167989960437476604e+00,1.000000000000000000e+00
1.712000000000000000e+03,1.787630102013701716e+01,2.392347980513521577e+01,-3.781417941715911873e-03,1.064753716404831749e+02,2.187858091686575301e-01,0.000000000000000000e+00,9.607888837263221404e+00,1.000000000000000000e+00
1.713000000000000000e+03,2.408085581578554013e+01,4.085257041227989561e+01,-6.330320800590288899e-03,1.725373506169198379e+02,3.116772161403673636e-01,0.000000000000000000e+00,5.835415558747131470e+00,1.000000000000000000e+00
1.714000000000000000e+03,6.273173562324174668e+01,2.732778402497872960e+01,-4.586967059375883504e-03,1.273534402926722038e+02,1.934668038056509554e-01,0.000000000000000000e+00,5.837600892669439823e+00,1.000000000000000000e+00
1.714000000000000000e+03,4.757278127691677838e+01,4.941475202834802616e+01,-9.198622053687448633e-03,2.468774363602699680e+02,1.379853339835079851e-01,0.000000000000000000e+00,7.473260393316968120e+00,1.000000000000000000e+00
1.715000000000000000e+03,8.883250650619130795e+01,2.151647493221459584e+01,2.526945499593885591e-02,-6.633982246156857627e+02,1.773487073700019678e-02,0.000000000000000000e+00,1.073036783046877041e+01,1.000000000000000000e+00
1.715000000000000000e+03,5.571042148987168474e+01,4.651397323655773164e+01,-5.996228603800799438e-03,1.638784126728329795e+02,1.664784520467943452e-01,0.000000000000000000e+00,6.216304974435801434e+00,1.000000000000000000e+00
1.716000000000000000e+03,9.948609299782566495e+01,2.279783695850732528e+01,-7.230805915101778947e-03,1.958759523593662664e+02,1.044239162656057651e-01,0.000000000000000000e+00,8.110111045877602010e+00,1.000000000000000000e+00
1.716000000000000000e+03,8.560191242060663797e+01,3.979925740667041367e+01,5.220302564165406681e-03,-1.437681093165490438e+02,1.761801093103363414e-01,0.000000000000000000e+00,1.122317292050917814e+01,1.000000000000000000e+00
1.717000000000000000e+03,7.528740451391094268e+01,6.023088252306068036e+00,-6.936644792432472562e-03,1.882519403913124734e+02,1.336111543804038293e-01,0.000000000000000000e+00,9.341877421885493860e+00,1.000000000000000000e+00
1.717000000000000000e+03,1.055455405266564384e+02,1.268436758101627504e+01,-1.757118658488462243e-02,4.638759697147601742e+02,1.290163046894423626e-01,0.000000000000000000e+00,1.178979080408565139e+01,1.000000000000000000e+00
1.717000000000000000e+03,1.178572459973936759e+01,8.828820750588548094e+00,2.505201747035488025e-03,-7.339864330270802384e+01,4.162769364220386681e-01,0.000000000000000000e+00,6.606926124241663700e+00,1.000000000000000000e+00
1.718000000000000000e+03,1.271919029408537369e+02,2.575155492483189335e+01,-2.157497503399697508e-02,5.676453964037652895e+02,1.298238280728413185e-01,0.000000000000000000e+00,4.394050150041561409e+00,1.000000000000000000e+00
1.718000000000000000e+03,1.746992918610695256e+01,1.219650408360914007e+01,3.174628683215133425e-03,-9.074872317342142480e+01,2.632644940839702352e-01,0.000000000000000000e+00,5.940017068313733439e+00,1.000000000000000000e+00
1.718000000000000000e+03,6.140494765465794558e+01,4.900692716588734754e+01,-6.750112003812410409e-03,1.834174190923421008e+02,2.077598311873917192e-01,0.000000000000000000e+00,6.216304974435801434e+00,1.000000000000000000e+00
1.719000000000000000e+03,6.606697538400455016e+01,3.211879226128159814e+01,-8.881598966896794498e-03,2.386608923591157065e+02,3.984184491896769487e-02,0.000000000000000000e+00,5.837600892669439823e+00,1.000000000000000000e+00
1.719000000000000000e+03,1.070160366062246169e+02,2.581012021723278238e+01,-4.347309061271105966e-03,1.211420299294995431e+02,1.713967018238844453e-01,0.000000000000000000e+00,8.110111045877602010e+00,1.000000000000000000e+00
1.720000000000000000e+03,1.805828129649257363e+01,2.354758325328664625e+01,4.113408839359166194e-03,-1.150798485133924771e+02,2.228043629824276728e-01,0.000000000000000000e+00,6.036734370458349375e+00,1.000000000000000000e+00
1.720000000000000000e+03,5.515086549790964909e+01,2.055936335575506391e+01,3.364243495465709961e-03,-9.566312377401956724e+01,3.998695419563292885e-01,0.000000000000000000e+00,8.639290784783682398e+00,1.000000000000000000e+00
1.720000000000000000e+03,2.266369258985550061e+01,2.745044741674895761e+01,3.039770751378934564e-03,-8.725350097350478507e+01,4.369610864235601300e-01,0.000000000000000000e+00,6.036734370458349375e+00,1.000000000000000000e+00
1.720000000000000000e+03,2.329594744519193483e+01,1.335465520357011826e+01,2.981891129676205072e-03,-8.575338795869245700e+01,2.230867419945695707e-01,0.000000000000000000e+00,5.940017068313733439e+00,1.000000000000000000e+00
1.721000000000000000e+03,4.952400270082838318e+01,2.711495336176299276e+01,-8.453677147754268609e-03,2.275700961283656056e+02,7.882870146195430916e-02,0.000000000000000000e+00,8.639290784783682398e+00,1.000000000000000000e+00
1.721000000000000000e+03,3.673950646467859826e+01,3.419913611760817673e+01,-7.632717191324151634e-03,2.062926122912086271e+02,1.074006672668911255e-01,0.000000000000000000e+00,6.902658987810266211e+00,1.000000000000000000e+00
1.721000000000000000e+03,3.791667964869863994e+01,2.739759479252442986e+01,-3.191937120095194366e-03,9.119731994489293925e+01,3.742669256179496085e-01,0.000000000000000000e+00,6.902658987810266211e+00,1.000000000000000000e+00
1.721000000000000000e+03,9.781568123061947517e+01,4.718403816376769555e+01,-4.010610416603507290e-03,1.124155385655844981e+02,1.413929900305344045e-01,0.000000000000000000e+00,1.427274099025259702e+01,1.000000000000000000e+00
1.721000000000000000e+03,2.522641062033381587e+01,4.780812689620382372e+01,3.137199720729145873e-03,-8.977864645031276325e+01,2.302202476637629225e-01,0.000000000000000000e+00,7.519019120633896769e+00,1.000000000000000000e+00
1.722000000000000000e+03,1.343551336143497394e+02,4.139565450983920414e+01,-3.230132782820843013e-02,8.456489657896801191e+02,9.151363906577558716e-03,0.000000000000000000e+00,9.792980472388979507e+00,1.000000000000000000e+00
1.722000000000000000e+03,1.326580826036512235e+02,3.073477007608678591e+01,7.824289223516696368e-03,-2.112577397456012989e+02,1.119215849891452841e-01,0.000000000000000000e+00,7.396725853354115365e+00,1.000000000000000000e+00
1.722000000000000000e+03,5.769314324759108814e+01,3.648281979299432010e+01,-4.100162860398064504e-03,1.147365417527585834e+02,2.747289378354296208e-01,0.000000000000000000e+00,9.442764475850145445e+00,1.000000000000000000e+00
1.723000000000000000e+03,7.438391699968300941e+01,8.347256877218898197e+00,-5.842215188815670125e-03,1.598867223079322173e+02,7.435009102040035511e-02,0.000000000000000000e+00,1.844120569134337373e+01,1.000000000000000000e+00
1.723000000000000000e+03,1.281228629607349490e+02,2.145725752450398360e+01,5.648806489444130330e-03,-1.548739924633021019e+02,2.201402857124419299e-01,0.000000000000000000e+00,4.394050150041561409e+00,1.000000000000000000e+00
1.723000000000000000e+03,1.161052889257448442e+02,5.015027435595661132e+01,3.131835986359245063e-03,-8.963963020418714223e+01,2.097676090665169246e-01,0.000000000000000000e+00,7.726159590142309241e+00,1.000000000000000000e+00
1.724000000000000000e+03,1.917465160422353065e+01,4.334585602282712813e+01,-6.845925881706739838e-03,1.859007049363155204e+02,6.185861060719799465e-02,0.000000000000000000e+00,7.519019120633896769e+00,1.000000000000000000e+00
1.724000000000000000e+03,1.260568084000277054e+02,4.659568000688621936e+01,-7.522817208368442511e-03,2.034442454582972175e+02,1.895974608794753768e-01,0.000000000000000000e+00,6.042902126650014694e+00,1.000000000000000000e+00
1.724000000000000000e+03,9.413993897895126395e+01,3.171645758248724078e+01,-5.839864435049307509e-03,1.598257959194072555e+02,3.173680842036011862e-01,0.000000000000000000e+00,9.792409966012884937e+00,1.000000000000000000e+00
1.725000000000000000e+03,3.481276935158231822e+01,5.008985023343845455e+01,2.739847645361814885e-03,-7.948015101814382888e+01,3.964706458666429345e-01,0.000000000000000000e+00,3.685657911598029912e+00,1.000000000000000000e+00
1.726000000000000000e+03,1.206481030951201774e+02,4.390076386033612010e+01,-6.147004845745217966e-03,1.677862026032334768e+02,2.234862547659075549e-01,0.000000000000000000e+00,6.042902126650014694e+00,1.000000000000000000e+00
1.726000000000000000e+03,9.287998236269022811e+01,1.210856514665645278e+01,2.411655353376721076e-03,-7.097412568341515282e+01,2.252542857809526344e-01,0.000000000000000000e+00,1.017095955975342214e+01,1.000000000000000000e+00
1.726000000000000000e+03,1.255820521166650927e+01,2.397676352375900777e+01,-2.867677239689626553e-03,8.279321410473771437e+01,3.132352400764331080e-01,0.000000000000000000e+00,1.903101565033367493e+01,1.000000000000000000e+00
1.726000000000000000e+03,1.420746500712097884e+02,3.033782756499921973e+01,-4.496697480991364813e-03,1.250138505477403896e+02,1.413981977163827342e-01,0.000000000000000000e+00,9.424930038371151397e+00,1.000000000000000000e+00
1.726000000000000000e+03,7.368503172127449830e+01,4.602802661960453179e+01,3.325998476909548026e-03,-9.467189666506401124e+01,3.213021546786131166e-01,0.000000000000000000e+00,1.452800098307434418e+01,1.000000000000000000e+00
1.726000000000000000e+03,6.017005287487136655e+01,5.135795713936602169e+01,-5.685311198196604278e-03,1.558201145541266612e+02,3.752204806187172670e-01,0.000000000000000000e+00,8.052357629158651164e+00,1.000000000000000000e+00
1.727000000000000000e+03,1.352028498958516991e+02,2.020202389831283085e+01,9.432254927331533770e-03,-2.529326886948748268e+02,8.951883884534095337e-02,0.000000000000000000e+00,6.937701001173136817e+00,1.000000000000000000e+00
1.728000000000000000e+03,1.102967753755627172e+02,1.248509905685011745e+01,8.290466327832101551e-03,-2.233400291735242433e+02,6.822323146052600151e-02,0.000000000000000000e+00,1.285586662926960599e+01,1.000000000000000000e+00
1.728000000000000000e+03,1.423184982274399033e+02,1.554624381266494737e+01,-7.234241228478275991e-03,1.959649881573628249e+02,1.427485415797252744e-01,0.000000000000000000e+00,8.503454555928984249e+00,1.000000000000000000e+00
1.728000000000000000e+03,1.209698296580504433e+02,2.160503941347711887e+01,-8.435669526107291219e-03,2.271033780192323377e+02,1.063276040134059075e-01,0.000000000000000000e+00,7.154559729013524105e+00,1.000000000000000000e+00
1.728000000000000000e+03,6.040855351808458806e+01,2.666555073238143336e+01,-2.452565888849912723e-02,6.441206587243993908e+02,3.268395215855228741e-01,0.000000000000000000e+00,5.010742151124653709e+00,1.000000000000000000e+00
1.728000000000000000e+03,1.032868135607911313e+02,2.821989093410768845e+01,3.310252344169149850e-03,-9.426379139481619518e+01,3.221237764892426192e-01,0.000000000000000000e+00,5.019266866671821425e+00,1.000000000000000000e+00
1.728000000000000000e+03,5.624059455651798345e+01,4.432945653737466074e+01,-8.859111632828221491e-03,2.380780699163921668e+02,5.377122594641714493e-02,0.000000000000000000e+00,4.356209581255733987e+00,1.000000000000000000e+00
1.729000000000000000e+03,3.144125521558148861e+01,5.157879840986090159e+01,-7.370013646605247555e-03,1.994839118388423742e+02,1.018158269598071763e-01,0.000000000000000000e+00,3.685657911598029912e+00,1.000000000000000000e+00
1.730000000000000000e+03,8.438542354876240381e+01,1.770239111131254361e+01,8.753086471287816264e-03,-2.353301299671432787e+02,8.525428240617016762e-02,0.000000000000000000e+00,1.017095955975342214e+01,1.000000000000000000e+00
1.730000000000000000e+03,3.997787896104566840e+01,2.926311690236743601e+01,-2.474639218533290427e-02,6.498415822833585480e+02,2.819639694167797028e-02,0.000000000000000000e+00,9.882614647707416822e+00,1.000000000000000000e+00
1.730000000000000000e+03,8.449762019378829336e+01,3.362408811624730021e+01,2.720202099141920057e-03,-7.897098149179615234e+01,1.879698436516249460e-01,0.000000000000000000e+00,1.592209231238480882e+01,1.000000000000000000e+00
1.730000000000000000e+03,1.229605879854549073e+02,1.469895473667738095e+01,-5.962884178357446760e-03,1.630141982030854422e+02,1.950360143262871437e-01,0.000000000000000000e+00,7.187289077340521359e+00,1.000000000000000000e+00
1.731000000000000000e+03,3.158912015839592513e+01,2.403867453728696546e+01,-8.121171590927962758e-03,2.189522804167428376e+02,1.254870899484068492e-01,0.000000000000000000e+00,9.107712655711912575e+00,1.000000000000000000e+00
1.731000000000000000e+03,1.229322232075941912e+02,3.423076641982164148e+01,-3.922244605008880919e-02,1.025029190059666234e+03,1.302281115376791032e-02,0.000000000000000000e+00,9.936098589877461862e+00,1.000000000000000000e+00
1.731000000000000000e+03,7.093613081598086012e+01,1.847212603071430337e+01,3.541730675216127246e-03,-1.002632027046215200e+02,3.184747943765217082e-01,0.000000000000000000e+00,9.215703098684977945e+00,1.000000000000000000e+00
1.731000000000000000e+03,1.284882096113976786e+02,2.194710298880299248e+01,3.716245917775138404e-03,-1.047862555329636791e+02,3.149099452218989681e-01,0.000000000000000000e+00,6.937701001173136817e+00,1.000000000000000000e+00
1.732000000000000000e+03,1.215703509333726018e+01,1.325720501227294434e+01,-5.713958533730509326e-03,1.565625907419432110e+02,1.278091438810657898e-01,0.000000000000000000e+00,6.389641176788134480e+00,1.000000000000000000e+00
1.732000000000000000e+03,5.686787206362117075e+01,4.001864630669798828e+01,3.746959269826855097e-03,-1.055822783435122005e+02,2.951372800482322534e-01,0.000000000000000000e+00,4.356209581255733987e+00,1.000000000000000000e+00
1.733000000000000000e+03,9.976071527046633491e+01,2.464782280404100234e+01,-3.362149057897001470e-02,8.798646926003915496e+02,1.008426194775158269e-02,0.000000000000000000e+00,5.019266866671821425e+00,1.000000000000000000e+00
1.733000000000000000e+03,6.763288141961339761e+00,2.820234378149236321e+01,-4.445482528023677465e-03,1.236864711482270280e+02,1.972914348105918592e-01,0.000000000000000000e+00,9.556635862664656145e+00,1.000000000000000000e+00
1.733000000000000000e+03,1.429929857996895350e+02,4.843023676305192993e+01,-7.506273247863610651e-03,2.030154622399599873e+02,1.458884842415145711e-01,0.000000000000000000e+00,7.910206371799037406e+00,1.000000000000000000e+00
1.733000000000000000e+03,2.636565483980256985e+01,5.224738241279747797e+01,-1.135878978926770783e-02,3.028642524276739323e+02,4.343870074560174377e-02,0.000000000000000000e+00,5.119445648074584021e+00,1.000000000000000000e+00
1.733000000000000000e+03,9.375514993490330795e+00,1.900965321301790922e+01,-4.011262964917293450e-03,1.124324511885337756e+02,2.920942019641150633e-01,0.000000000000000000e+00,6.389641176788134480e+00,1.000000000000000000e+00
1.734000000000000000e+03,3.908620005499035699e+01,1.886719284988880219e+01,-4.655444645107283466e-03,1.291282293212908314e+02,1.860065633991493383e-01,0.000000000000000000e+00,9.107712655711912575e+00,1.000000000000000000e+00
1.734000000000000000e+03,3.318891537583385798e+01,3.717716356400745781e+01,1.923751692785951022e-03,-5.832873150675833784e+01,3.938580731249261557e-01,0.000000000000000000e+00,8.136295534403313212e+00,1.000000000000000000e+00
1.735000000000000000e+03,1.053879083054723083e+02,3.479890355074756059e+01,7.224770375465741981e-03,-1.957195243922669476e+02,8.685276991847501460e-02,0.000000000000000000e+00,1.082054634446549990e+01,1.000000000000000000e+00
1.735000000000000000e+03,1.430429874667759123e+02,2.018561261558501840e+01,2.017129180594218717e-03,-6.074887145637823949e+01,3.604596347965008940e-01,0.000000000000000000e+00,1.466098246211174683e+01,1.000000000000000000e+00
1.735000000000000000e+03,5.188315960189755316e+01,2.427293235080505696e+01,-6.981323838666438596e-03,1.894099234045603737e+02,8.232544005457564928e-02,0.000000000000000000e+00,1.106028843872054424e+01,1.000000000000000000e+00
1.735000000000000000e+03,4.826517993116966920e+01,4.992268287153135020e+01,-4.628078878220484062e-03,1.284189685856548806e+02,1.464292127333082227e-01,0.000000000000000000e+00,8.466103888650648557e+00,1.000000000000000000e+00
1.736000000000000000e+03,1.083219304786913995e+02,1.254674381491865987e+01,-8.177793173855835152e-03,2.204197878221233395e+02,1.203037092697185617e-01,0.000000000000000000e+00,9.235161512122660454e+00,1.000000000000000000e+00
1.736000000000000000e+03,1.345429657512332540e+02,4.160581642445490758e+01,3.817409550124236522e-02,-9.978582401442135961e+02,2.139383980904068228e-01,0.000000000000000000e+00,3.733724980228906087e+00,1.000000000000000000e+00
1.736000000000000000e+03,1.358095769804747590e+02,4.511813734116292807e+01,-3.819829179923750484e-02,9.984853551885934166e+02,2.063649102583170469e-01,0.000000000000000000e+00,3.733724980228906087e+00,1.000000000000000000e+00
1.736000000000000000e+03,4.066432708176419197e+01,5.365121489031706403e+01,-4.189509793720131402e-03,1.170522185586365680e+02,3.147101283616700051e-01,0.000000000000000000e+00,8.466103888650648557e+00,1.000000000000000000e+00
1.736000000000000000e+03,8.294876576991694606e+01,2.749977265379412472e+01,-7.707130938816292472e-03,2.082212536300765180e+02,1.125676793618007876e-01,0.000000000000000000e+00,1.281543409582600468e+01,1.000000000000000000e+00
1.736000000000000000e+03,9.490786543677319287e+01,3.210577810566437762e+01,-7.712432697629940763e-03,2.083586636055355825e+02,2.198411425419974918e-01,0.000000000000000000e+00,8.897822699367962329e+00,1.000000000000000000e+00
1.737000000000000000e+03,7.364767874673626125e+01,1.000404915901536107e+01,-6.833418824122319823e-03,1.855765493992292932e+02,4.897142640897234056e-02,0.000000000000000000e+00,1.931220631394209875e+01,1.000000000000000000e+00
1.738000000000000000e+03,1.174722073145781138e+02,1.129748724334229948e+01,-7.245243023531022786e-03,1.962501305867603207e+02,1.108180565002651052e-01,0.000000000000000000e+00,9.235161512122660454e+00,1.000000000000000000e+00
1.738000000000000000e+03,4.126064311023109354e+01,3.184452318652143177e+01,3.944196414294059636e-03,-1.106942330991826680e+02,1.864799946015621712e-01,0.000000000000000000e+00,7.621625150489029998e+00,1.000000000000000000e+00
1.739000000000000000e+03,2.579946882767507432e+01,3.377196390245227775e+01,-4.084333037422972594e-03,1.143262674149428904e+02,2.403797689439249874e-01,0.000000000000000000e+00,8.136295534403313212e+00,1.000000000000000000e+00
1.739000000000000000e+03,2.008331847465375830e+01,4.135800411359947049e+01,-8.229912674550237534e-03,2.217706111173887109e+02,2.195094682284615129e-01,0.000000000000000000e+00,9.498546254216371665e+00,1.000000000000000000e+00
1.739000000000000000e+03,9.745052914218150875e+01,2.266318921000221565e+01,-3.692903935736225468e-02,9.655891120701001000e+02,2.726951305526281732e-02,0.000000000000000000e+00,9.778937762931263933e+00,1.000000000000000000e+00
1.739000000000000000e+03,6.551914741465607150e+00,2.855012515044145616e+01,3.472087170683999923e-03,-9.845819561452059077e+01,4.729868224989466352e-01,0.000000000000000000e+00,1.863171088562303268e+01,1.000000000000000000e+00
1.739000000000000000e+03,2.730044155306180897e+01,5.180777635602387932e+01,6.840643944992225514e-03,-1.857638087062476302e+02,7.579733673663857640e-02,0.000000000000000000e+00,7.636099348795742259e+00,1.000000000000000000e+00
1.741000000000000000e+03,5.297415155199374937e+01,3.051401287647758309e+01,-4.029737195780555212e-03,1.129112627864906955e+02,2.174541888921206478e-01,0.000000000000000000e+00,1.178883105741947546e+01,1.000000000000000000e+00
1.741000000000000000e+03,3.425340175205433724e+01,3.484247890381014656e+01,-7.394906707998553583e-03,2.001290854643095827e+02,5.940772858965259751e-02,0.000000000000000000e+00,7.621625150489029998e+00,1.000000000000000000e+00
1.742000000000000000e+03,9.482768895322485037e+01,5.158059790510840514e+01,-3.480466395214258657e-02,9.105299548059994095e+02,1.290446333899819553e-02,0.000000000000000000e+00,5.651991511925943179e+00,1.000000000000000000e+00
1.742000000000000000e+03,2.549467537851588972e+01,7.631467572144945422e+00,-8.447463942024701841e-03,2.274090634452824418e+02,7.269589409562915439e-02,0.000000000000000000e+00,1.302149161402787136e+01,1.000000000000000000e+00
1.742000000000000000e+03,3.253374536735747569e+01,4.624697205700766744e+01,5.636412746052598538e-03,-1.545527737818917444e+02,2.168005875375242919e-01,0.000000000000000000e+00,7.636099348795742259e+00,1.000000000000000000e+00
1.743000000000000000e+03,6.133272951077942281e+01,2.071983563743516754e+01,-9.854676970551179069e-03,2.638809427804319512e+02,9.611888159083248340e-02,0.000000000000000000e+00,1.008193295454900884e+01,1.000000000000000000e+00
1.744000000000000000e+03,7.165097246803466646e+01,3.877593571871236122e+01,-6.796944654947434383e-02,1.770088475474990901e+03,4.280398682710129243e-03,0.000000000000000000e+00,8.840571537027777538e+00,1.000000000000000000e+00
1.744000000000000000e+03,1.142569929599777510e+02,3.766116781221271026e+01,-5.074469889364641682e-03,1.399884458181055891e+02,1.919628209033951149e-01,0.000000000000000000e+00,1.586372549284039479e+01,1.000000000000000000e+00
1.744000000000000000e+03,1.367755416258092964e+02,4.079899500102743559e+01,-3.890951654866047806e-03,1.093142455623127489e+02,2.495527818004378284e-01,0.000000000000000000e+00,7.602342227237676830e+00,1.000000000000000000e+00
1.746000000000000000e+03,1.315178713193107107e+01,1.178024493258700112e+01,-7.200610805105481065e-03,1.950933612477349754e+02,5.536572845322529357e-02,0.000000000000000000e+00,1.302149161402787136e+01,1.000000000000000000e+00
1.746000000000000000e+03,1.262849924640007373e+02,2.731781175900555780e+01,7.000537556284408547e-03,-1.899079008794250001e+02,7.323104980205108472e-02,0.000000000000000000e+00,1.586372549284039479e+01,1.000000000000000000e+00
1.746000000000000000e+03,1.473349565799470362e+01,3.757201046128672317e+01,-7.653092281692940903e-03,2.068206900038996139e+02,5.711262256752402955e-02,0.000000000000000000e+00,1.137280119692361957e+01,1.000000000000000000e+00
1.746000000000000000e+03,9.512877717306449199e+01,4.593663175223711903e+01,-7.340517247164156725e-03,1.987194297743440643e+02,3.461933837979114248e-01,0.000000000000000000e+00,5.651991511925943179e+00,1.000000000000000000e+00
1.746000000000000000e+03,5.381146491577688096e+01,1.400597303890199719e+01,-2.106422333239768834e-03,6.306315438492227798e+01,3.941416985788650518e-01,0.000000000000000000e+00,1.008193295454900884e+01,1.000000000000000000e+00
1.746000000000000000e+03,2.628460916645869716e+01,2.707685518678084691e+01,3.645865282909170352e-03,-1.029621436392224041e+02,2.276653656671377979e-01,0.000000000000000000e+00,5.716100692282062745e+00,1.000000000000000000e+00
1.747000000000000000e+03,9.728018323365478182e+01,2.015245883738337085e+01,-2.604886649796081879e-02,6.835988635224607606e+02,1.393628801608637335e-02,0.000000000000000000e+00,7.136760126466544563e+00,1.000000000000000000e+00
1.747000000000000000e+03,7.001549817559748590e+01,5.061971303637302810e+01,-2.882127151909240348e-02,7.554535289846994601e+02,3.599335309231277424e-02,0.000000000000000000e+00,1.195616315176219935e+01,1.000000000000000000e+00
1.747000000000000000e+03,6.593198612704598816e+01,3.203435576050593170e+01,5.308133415006402976e-03,-1.460444925853499569e+02,4.445182051808925783e-01,0.000000000000000000e+00,8.840571537027777538e+00,1.000000000000000000e+00
1.748000000000000000e+03,9.462622845054565346e+01,2.677740178898189427e+01,-7.705812497249284534e-03,2.081870825125786268e+02,2.372182777380863472e-01,0.000000000000000000e+00,7.136760126466544563e+00,1.000000000000000000e+00
1.749000000000000000e+03,1.097178420364598281e+02,1.443960939735738513e+01,-9.165401647803786411e-03,2.460164362058567349e+02,5.739473323798338633e-02,0.000000000000000000e+00,4.198594227107590449e+00,1.000000000000000000e+00
1.749000000000000000e+03,7.749627245934007647e+01,2.566283472929960752e+01,5.764560865068287139e-03,-1.578740923306978345e+02,8.469442102781499226e-02,0.000000000000000000e+00,7.072382725747251797e+00,1.000000000000000000e+00
1.749000000000000000e+03,1.374705308894335190e+02,4.836950338973477415e+01,-8.961356693925729561e-03,2.407280379421061411e+02,1.194871244506010566e-01,0.000000000000000000e+00,7.602342227237676830e+00,1.000000000000000000e+00
1.749000000000000000e+03,2.564512050527985210e+01,2.139663852044397530e+01,-2.920426009063374455e-03,8.416034666581943213e+01,2.910869140716201287e-01,0.000000000000000000e+00,5.716100692282062745e+00,1.000000000000000000e+00
1.749000000000000000e+03,5.223756254868960980e+01,2.997726946724032260e+01,2.610918024573169720e-03,-7.613857765518689291e+01,3.305169976987454294e-01,0.000000000000000000e+00,8.990823591262810055e+00,1.000000000000000000e+00
1.750000000000000000e+03,1.422943368785157929e+02,2.425827933795675051e+01,-6.573595070139021113e-02,1.712201155349636338e+03,8.260892194200120109e-03,0.000000000000000000e+00,1.629907504179342226e+01,1.000000000000000000e+00
1.750000000000000000e+03,1.582287740527591957e+01,4.889251638962039692e+01,3.766155281069183750e-03,-1.060797969079043384e+02,2.189739552114532417e-01,0.000000000000000000e+00,5.897481456368076635e+00,1.000000000000000000e+00
1.750000000000000000e+03,9.481793094986304027e+01,5.172167277409520381e+01,3.207890597676043426e-02,-8.398842785937363260e+02,1.252613325394447141e-02,0.000000000000000000e+00,5.793386315365085082e+00,1.000000000000000000e+00
1.751000000000000000e+03,7.455395816650245422e+01,1.195661210931629093e+01,-5.721139851314755755e-03,1.567487147637441467e+02,4.882521479215118365e-01,0.000000000000000000e+00,5.847576692883795779e+00,1.000000000000000000e+00
1.752000000000000000e+03,4.349675185515789622e+01,9.063768825648438110e+00,-4.798145235916314449e-03,1.328267160631960735e+02,1.469945204164568864e-01,0.000000000000000000e+00,9.445087547076139955e+00,1.000000000000000000e+00
1.752000000000000000e+03,7.134571222973806925e+01,2.217153034819986956e+01,3.973336303998564224e-03,-1.114494752122088101e+02,2.397099480448247055e-01,0.000000000000000000e+00,7.072382725747251797e+00,1.000000000000000000e+00
1.752000000000000000e+03,1.111456257325893375e+02,1.838797959288970674e+01,4.570764012842680642e-03,-1.269334928177404294e+02,3.518444725126631534e-01,0.000000000000000000e+00,4.198594227107590449e+00,1.000000000000000000e+00
1.752000000000000000e+03,1.923571277193030582e+01,3.332190181049789146e+01,2.603453091826034120e-03,-7.594510294959549412e+01,2.680726692597267258e-01,0.000000000000000000e+00,1.288604882902126825e+01,1.000000000000000000e+00
1.752000000000000000e+03,8.032341712336264550e+01,3.747815058879933048e+01,-5.589106631451134372e-03,1.533267029108978932e+02,2.417591480286997996e-01,0.000000000000000000e+00,5.241746971506990427e+00,1.000000000000000000e+00
1.752000000000000000e+03,1.168349662887844715e+02,4.710609504418142279e+01,3.055153579786797687e-03,-8.765219019123635746e+01,3.210748715490537863e-01,0.000000000000000000e+00,3.910427542195098916e+00,1.000000000000000000e+00
1.753000000000000000e+03,8.096470935573849204e+01,1.839581838696197025e+01,-7.983757503649092230e-03,2.153908082667638269e+02,9.385583490821736152e-02,0.000000000000000000e+00,8.052302839815462576e+00,1.000000000000000000e+00
1.753000000000000000e+03,4.733516419231444416e+01,2.244059916765722562e+01,5.170004011768125282e-03,-1.424644810125336676e+02,2.022323491578064125e-01,0.000000000000000000e+00,3.929723586722956519e+00,1.000000000000000000e+00
1.753000000000000000e+03,5.535525958306506311e+01,1.618110247420484882e+01,-3.382027494492571579e-03,9.612404607466319817e+01,2.566451516119215848e-01,0.000000000000000000e+00,1.017365366680429872e+01,1.000000000000000000e+00
1.754000000000000000e+03,2.148802071644749390e+01,4.725348045587968215e+01,8.796588921249402435e-03,-2.364576181822316130e+02,5.492317735566243364e-02,0.000000000000000000e+00,5.897481456368076635e+00,1.000000000000000000e+00
1.754000000000000000e+03,1.260715382242380826e+02,4.687499380448672781e+01,6.648850112469204508e-03,-1.807929326731212427e+02,1.785885250751599873e-01,0.000000000000000000e+00,5.492448637818268864e+00,1.000000000000000000e+00
1.754000000000000000e+03,3.410484534940658108e+01,8.062883737759287683e+00,1.925038735584570478e-03,-5.836208883695557859e+01,3.550062186218825300e-01,0.000000000000000000e+00,9.445087547076139955e+00,1.000000000000000000e+00
1.754000000000000000e+03,1.186405491232802945e+01,2.014068184611791423e+01,-9.292700601452348955e-03,2.493157462483616484e+02,7.216823668309180206e-02,0.000000000000000000e+00,6.574336592405177093e+00,1.000000000000000000e+00
1.754000000000000000e+03,6.966246001854790393e+01,4.934309578804649732e+01,-8.635424249706799560e-03,2.322805829114981009e+02,1.133622298436929299e-01,0.000000000000000000e+00,8.742773898810348499e+00,1.000000000000000000e+00
1.755000000000000000e+03,7.735411300275576707e+01,6.823066933498220799e+00,-2.751160024910498381e-02,7.215097183750789327e+02,1.652627825770258685e-02,0.000000000000000000e+00,5.847576692883795779e+00,1.000000000000000000e+00
1.755000000000000000e+03,6.623551937722380956e+01,3.230593381925076102e+01,5.058909642616436948e-03,-1.395851583056101219e+02,2.573074389857544775e-01,0.000000000000000000e+00,4.852056374941437156e+00,1.000000000000000000e+00
1.755000000000000000e+03,6.106324832272390779e+01,4.776523215131381761e+01,-6.148885985984084944e-03,1.678349576377688379e+02,1.139910330286366680e-01,0.000000000000000000e+00,8.742773898810348499e+00,1.000000000000000000e+00
1.755000000000000000e+03,1.183292241702323651e+02,3.195567874665420760e+01,-3.426333680595185401e-03,9.727236537002055172e+01,2.776061537326669493e-01,0.000000000000000000e+00,1.014303189684457429e+01,1.000000000000000000e+00
1.755000000000000000e+03,7.514911535096106832e+01,4.225643564134634289e+01,-5.227915070783338905e-03,1.439654088136251744e+02,1.959074139460350583e-01,0.000000000000000000e+00,7.043110596552655700e+00,1.000000000000000000e+00
1.756000000000000000e+03,8.444697366460935939e+01,4.071422734382912267e+01,-8.915429938135155385e-03,2.395377170301382819e+02,7.520694753047363346e-02,0.000000000000000000e+00,5.241746971506990427e+00,1.000000000000000000e+00
1.756000000000000000e+03,1.355593970848385084e+02,3.471147973146391763e+01,-3.816782423415727293e-03,1.073919415436600531e+02,2.285545873435700370e-01,0.000000000000000000e+00,4.387268790120747219e+00,1.000000000000000000e+00
1.756000000000000000e+03,8.299488463635420032e+00,4.013727064149892954e+01,-2.765008685657553526e-03,8.013227006978019062e+01,3.066196234598163040e-01,0.000000000000000000e+00,1.288604882902126825e+01,1.000000000000000000e+00
1.757000000000000000e+03,1.206269974283842430e+02,4.615113776814041557e+01,-7.683326837302436457e-03,2.076043034594231926e+02,7.431745378050769180e-02,0.000000000000000000e+00,3.910427542195098916e+00,1.000000000000000000e+00
1.757000000000000000e+03,4.348232834993618923e+01,2.166704668738702466e+01,-7.539626645220133191e-03,2.038799092420447892e+02,1.303204697778773680e-01,0.000000000000000000e+00,3.929723586722956519e+00,1.000000000000000000e+00
1.757000000000000000e+03,1.302939348858851361e+02,5.015442022489131624e+00,5.225155888544312337e-03,-1.438938968537118797e+02,1.404878467490373595e-01,0.000000000000000000e+00,1.187369567908681667e+01,1.000000000000000000e+00
1.758000000000000000e+03,1.148581126323068347e+01,4.831738997938491487e+00,-8.793331150258942158e-03,2.363731838939916656e+02,4.273542000827279530e-02,0.000000000000000000e+00,9.746868732024470461e+00,1.000000000000000000e+00
1.758000000000000000e+03,1.447750072757831141e+01,1.410811998559891123e+01,-5.113964625134012620e-03,1.410120628598426435e+02,1.214782857830998264e-01,0.000000000000000000e+00,6.193719810696265426e+00,1.000000000000000000e+00
1.758000000000000000e+03,2.087594494729438566e+01,2.667482277284532444e+01,-6.564220001037955263e-03,1.785995055589103515e+02,4.800776223195091230e-02,0.000000000000000000e+00,7.850527967442034516e+00,1.000000000000000000e+00
1.758000000000000000e+03,7.049964258540187245e+01,3.462103734416861300e+01,-6.789706655561655695e-03,1.844436257374212005e+02,1.946507578611826883e-01,0.000000000000000000e+00,4.852056374941437156e+00,1.000000000000000000e+00
1.758000000000000000e+03,3.517208751518585785e+01,3.907564535422942242e+01,2.422516584784781355e-03,-7.125562501103344459e+01,4.730371095725126596e-01,0.000000000000000000e+00,1.129187761540482704e+01,1.000000000000000000e+00
1.759000000000000000e+03,4.934604136433596011e+01,2.170167334796386527e+01,-8.976313563455006264e-03,2.411156872387265366e+02,1.467153678962703767e-01,0.000000000000000000e+00,5.863815252961500413e+00,1.000000000000000000e+00
1.759000000000000000e+03,9.723377640709360037e+01,2.010892122107009783e+01,2.456701901511048128e-02,-6.451926226108022320e+02,3.784452681185757061e-01,0.000000000000000000e+00,6.003014141454898756e+00,1.000000000000000000e+00
1.759000000000000000e+03,1.008587710876128938e+02,2.489385511285108166e+01,-3.069616482098515980e-02,8.040466565970239117e+02,1.960133484365929046e-01,0.000000000000000000e+00,6.003014141454898756e+00,1.000000000000000000e+00
1.759000000000000000e+03,1.100753313798064852e+02,3.785096074708150837e+01,-7.774328681737478590e-03,2.099628719364265237e+02,4.929204492283045802e-02,0.000000000000000000e+00,6.472430119898933576e+00,1.000000000000000000e+00
1.759000000000000000e+03,4.614281895914678522e+00,2.508008490388862910e+01,2.355082346799229620e-03,-6.950787727063472232e+01,4.152584306618560817e-01,0.000000000000000000e+00,8.772508840498813854e+00,1.000000000000000000e+00
1.759000000000000000e+03,8.024217146656235400e+01,3.267386201194481998e+01,-4.332718075225045103e-03,1.207638635313316655e+02,3.290949979884126853e-01,0.000000000000000000e+00,3.905239032715743352e+00,1.000000000000000000e+00
1.760000000000000000e+03,3.095867681273985639e+01,2.422690718065514659e+01,-7.332460327711038707e-03,1.985106120700233134e+02,1.703405861130150578e-01,0.000000000000000000e+00,7.475359757100972224e+00,1.000000000000000000e+00
1.760000000000000000e+03,1.399113465145514681e+02,1.197892122791213332e+01,3.359372454098211516e-03,-9.553687705131977737e+01,2.031080174688649764e-01,0.000000000000000000e+00,1.070645033376384525e+01,1.000000000000000000e+00
1.760000000000000000e+03,3.768826304920059300e+01,2.793635260137047993e+01,-6.716166559487853592e-03,1.825376275296675885e+02,8.560367900328125224e-02,0.000000000000000000e+00,7.684225155682760544e+00,1.000000000000000000e+00
1.760000000000000000e+03,8.404236663011957376e+01,3.357353340835737043e+01,4.028313177466808122e-03,-1.128743553509729907e+02,3.032959589226862374e-01,0.000000000000000000e+00,3.905239032715743352e+00,1.000000000000000000e+00
1.760000000000000000e+03,7.060290726024135211e+01,5.169637273126647870e+01,4.971546823700730318e-03,-1.373209053991339772e+02,2.202552369090242657e-01,0.000000000000000000e+00,1.031789508104763620e+01,1.000000000000000000e+00
1.762000000000000000e+03,1.174715040569603097e+01,1.966755810587767783e+01,9.018515659402223314e-03,-2.422094731260623348e+02,6.463725920377050294e-02,0.000000000000000000e+00,6.193719810696265426e+00,1.000000000000000000e+00
1.762000000000000000e+03,1.311246753110716270e+02,2.832287060910879717e+01,-8.242645359140009231e-03,2.221006144122394801e+02,1.994660823131099159e-01,0.000000000000000000e+00,3.450714244537409492e+00,1.000000000000000000e+00
1.762000000000000000e+03,1.278727694505499812e+01,4.031899368059526267e+01,-8.318331913543121348e-03,2.240622441182790965e+02,6.369503344450944127e-02,0.000000000000000000e+00,5.519689884348118802e+00,1.000000000000000000e+00
1.762000000000000000e+03,7.522526353112010611e+01,1.684519772155538675e+01,1.856620880257375903e-03,-5.658884788958027912e+01,2.743573688598467397e-01,0.000000000000000000e+00,1.233932270541821197e+01,1.000000000000000000e+00
1.762000000000000000e+03,2.578272172660874162e+01,3.280298163220683705e+01,-2.819960964996464942e-03,8.155651278258314107e+01,3.458813372553158905e-01,0.000000000000000000e+00,7.850527967442034516e+00,1.000000000000000000e+00
1.763000000000000000e+03,5.502091162373989874e+01,1.534488868394292282e+01,-5.131358823297101773e-02,1.338405110960556840e+03,1.090285988713068921e-02,0.000000000000000000e+00,8.521318191793989527e+00,1.000000000000000000e+00
1.763000000000000000e+03,1.197835166735756474e+02,2.116120421836608045e+01,-4.580958978338807962e-03,1.271977239923125751e+02,1.878198668499901913e-01,0.000000000000000000e+00,1.144464608778835313e+01,1.000000000000000000e+00
1.764000000000000000e+03,1.299538899938137604e+02,1.591302066577209295e+01,4.118323425080350382e-03,-1.152072238103601052e+02,1.893461214490230748e-01,0.000000000000000000e+00,1.070645033376384525e+01,1.000000000000000000e+00
1.764000000000000000e+03,9.682674931466731039e+01,4.455983902712767275e+01,-4.046815494816485143e-03,1.133538948891370666e+02,1.444208517622268539e-01,0.000000000000000000e+00,1.255200381606013948e+01,1.000000000000000000e+00
1.765000000000000000e+03,1.245324243413580660e+02,3.898120362567476604e+01,-7.428619959989475954e-03,2.010028591102912117e+02,5.865864188010083691e-02,0.000000000000000000e+00,1.208146824175272727e+01,1.000000000000000000e+00
1.765000000000000000e+03,5.932607444435605615e+00,3.201515551705413287e+01,-2.620045300198260360e-02,6.875276536711057815e+02,1.213597349070183462e-02,0.000000000000000000e+00,1.076755414237624464e+01,1.000000000000000000e+00
1.765000000000000000e+03,8.033769697980117996e+01,3.823955724379139554e+01,4.406842840835229792e-03,-1.226850150928061538e+02,3.725169985011211882e-01,0.000000000000000000e+00,5.957881809068442891e+00,1.000000000000000000e+00
1.766000000000000000e+03,1.701761842063943675e+01,3.677340664607967824e+01,-4.378484772250658581e-03,1.219500360707050106e+02,1.706444091631820204e-01,0.000000000000000000e+00,5.519689884348118802e+00,1.000000000000000000e+00
1.766000000000000000e+03,3.352229255748885350e+01,5.093430732378378423e+01,-3.094629963509612156e-03,8.867533158812504723e+01,2.570108147317383684e-01,0.000000000000000000e+00,1.200377402851285780e+01,1.000000000000000000e+00
1.767000000000000000e+03,9.882244012923602838e+01,5.392225801863484769e+00,-2.939393139864257543e-02,7.702956187064704636e+02,9.167628910392688901e-03,0.000000000000000000e+00,1.450516649306207206e+01,1.000000000000000000e+00
1.767000000000000000e+03,7.282052146149869998e+01,2.894792883511163240e+01,-5.510586065608813477e-02,1.436692505561196413e+03,9.230480260006279636e-03,0.000000000000000000e+00,1.004781762961672342e+01,1.000000000000000000e+00
1.767000000000000000e+03,4.667688845303246836e+01,2.184667645492586985e+01,3.629552808591438896e-03,-1.025393600358066521e+02,2.715894988673981381e-01,0.000000000000000000e+00,7.927336048365004828e+00,1.000000000000000000e+00
1.767000000000000000e+03,1.383763039779286146e+02,2.733246014490131515e+01,2.708173531301672279e-03,-7.865922736079329525e+01,4.172633737114238572e-01,0.000000000000000000e+00,7.318950143947813736e+00,1.000000000000000000e+00
1.767000000000000000e+03,6.684189322984634885e+01,4.256678438757165139e+01,-3.720525604607095860e-03,1.048971756414072587e+02,3.416461968618880185e-01,0.000000000000000000e+00,3.538531329524797542e+00,1.000000000000000000e+00
1.767000000000000000e+03,5.648499602783255824e+01,5.034987714860160679e+01,2.174932751469971833e-03,-6.483879435999345731e+01,3.546698547599680396e-01,0.000000000000000000e+00,1.295537929123952736e+01,1.000000000000000000e+00
1.768000000000000000e+03,1.420385357548296099e+02,5.416220951857970256e+00,5.717694554676954269e-03,-1.566594202214819234e+02,1.281463591859036688e-01,0.000000000000000000e+00,1.600691936017877026e+01,1.000000000000000000e+00
1.769000000000000000e+03,6.954600849893007819e+01,1.767366523614289164e+01,-8.972837038988193750e-03,2.410255833395379170e+02,5.593518228330984776e-02,0.000000000000000000e+00,1.174016417436576987e+01,1.000000000000000000e+00
1.769000000000000000e+03,5.011690406205112680e+01,8.299261255467801135e+00,-7.511358802842611933e-03,2.031472686855985614e+02,7.442842561399598544e-02,0.000000000000000000e+00,1.397734473985669190e+01,1.000000000000000000e+00
1.769000000000000000e+03,1.128379060546813548e+02,2.528491695481537960e+01,-7.222195757887447075e-03,1.956527959440887514e+02,2.640164031170477710e-01,0.000000000000000000e+00,4.465170433531469918e+00,1.000000000000000000e+00
1.769000000000000000e+03,3.007376303511399485e+01,3.268559407380728743e+01,-4.674901560325798316e-03,1.296325099452607219e+02,1.426479465819455728e-01,0.000000000000000000e+00,8.029826075271127905e+00,1.000000000000000000e+00
1.769000000000000000e+03,9.095692039207285973e+01,3.346488935541388088e+01,-8.903598439299014247e-03,2.392310704960612213e+02,1.078492070224941202e-01,0.000000000000000000e+00,1.144096509364791991e+01,1.000000000000000000e+00
1.769000000000000000e+03,1.393195765289083283e+02,5.166141084449654386e+01,3.769477646186421022e-03,-1.061659053344231438e+02,2.633505991821069037e-01,0.000000000000000000e+00,1.115658783121354780e+01,1.000000000000000000e+00
1.769000000000000000e+03,5.863010633522725357e+01,2.674142909044038063e+01,-9.022971836445943181e-03,2.423249674742100126e+02,2.654501618129219143e-01,0.000000000000000000e+00,1.291657931118364822e+01,1.000000000000000000e+00
1.770000000000000000e+03,1.169414177392596059e+02,1.982805350305941872e+01,-8.145213579515602279e-03,2.195753960992799705e+02,1.913132917077582373e-01,0.000000000000000000e+00,5.731766281377642436e+00,1.000000000000000000e+00
1.770000000000000000e+03,1.567537566171151653e+01,2.307774826129129764e+01,-9.333340983901513080e-03,2.503690559426105153e+02,5.071985734006523305e-02,0.000000000000000000e+00,1.020702128146420407e+01,1.000000000000000000e+00
1.770000000000000000e+03,1.081127898881540119e+02,1.653176153493706835e+01,-4.846615717843731803e-03,1.340829647848444495e+02,2.268684945350352145e-01,0.000000000000000000e+00,8.049827713962370623e+00,1.000000000000000000e+00
1.771000000000000000e+03,9.057125171526293173e+01,2.203042644954034657e+01,-1.047648167935277472e-02,2.799967588293968674e+02,7.341812996007890391e-02,0.000000000000000000e+00,1.144096509364791991e+01,1.000000000000000000e+00
1.771000000000000000e+03,3.756246417851989605e+01,3.558343154058406554e+01,-5.162912320289147171e-03,1.422806799030639411e+02,1.988125532055762257e-01,0.000000000000000000e+00,7.039289871718220404e+00,1.000000000000000000e+00
1.771000000000000000e+03,1.315600574484449510e+02,4.364521999874524028e+01,-8.743850643476871673e-03,2.350907575404725947e+02,6.485541555514429124e-02,0.000000000000000000e+00,1.115658783121354780e+01,1.000000000000000000e+00
1.771000000000000000e+03,3.674670746582759051e+01,1.724861548437108638e+01,-3.574706062705326152e-03,1.011178525189394009e+02,1.594070696507997598e-01,0.000000000000000000e+00,4.517668384919199198e+00,1.000000000000000000e+00
1.771000000000000000e+03,1.198583901885687339e+02,4.283561394798664423e+01,2.362470961286266928e-03,-6.969937397409213986e+01,4.316589018734693362e-01,0.000000000000000000e+00,7.795294759738406576e+00,1.000000000000000000e+00
1.772000000000000000e+03,1.017302622944717605e+01,3.278667909553632853e+01,8.571738024405521628e-03,-2.306299754502158805e+02,1.503920659534924154e-01,0.000000000000000000e+00,8.613666306434282660e+00,1.000000000000000000e+00
1.772000000000000000e+03,6.991129099345401698e+01,4.080610232121532732e+01,-4.247315151784879575e-03,1.185504068226197489e+02,2.196438519598487016e-01,0.000000000000000000e+00,3.538531329524797542e+00,1.000000000000000000e+00
1.772000000000000000e+03,4.526063746683813349e+01,2.964647709134029441e+01,-3.471588209259412333e-02,9.082289234745934436e+02,1.828520831967106464e-02,0.000000000000000000e+00,7.676750517527078266e+00,1.000000000000000000e+00
1.772000000000000000e+03,1.159676248884761804e+02,2.846966294498061956e+01,6.074073703286260971e-03,-1.658959871393225285e+02,3.151278764167906310e-01,0.000000000000000000e+00,4.465170433531469918e+00,1.000000000000000000e+00
1.772000000000000000e+03,1.878668370117822306e+01,3.279901596276999953e+01,2.164386269918485480e-03,-6.456545265922838439e+01,3.306319999206118743e-01,0.000000000000000000e+00,8.613666306434282660e+00,1.000000000000000000e+00
1.772000000000000000e+03,2.045967754366130009e+01,4.283828853749516696e+01,1.747866625154072869e-03,-5.377017581299702442e+01,3.971450081244446428e-01,0.000000000000000000e+00,9.796541273240070069e+00,1.000000000000000000e+00
1.773000000000000000e+03,1.008218467128204026e+02,4.268248656341375380e+01,-4.109739066273097527e-03,1.149847360332851594e+02,1.503185384328433738e-01,0.000000000000000000e+00,1.141428089377669153e+01,1.000000000000000000e+00
1.773000000000000000e+03,5.745880103560217123e+01,5.222841444604129890e+01,-3.672065160987067478e-02,9.601881581083572428e+02,1.515847757150368125e-02,0.000000000000000000e+00,4.732860070426085031e+00,1.000000000000000000e+00
1.773000000000000000e+03,1.221532384509366977e+02,2.221344017479031052e+01,-7.015538362169304945e-03,1.902966889101447236e+02,2.626929851294365070e-01,0.000000000000000000e+00,5.731766281377642436e+00,1.000000000000000000e+00
1.773000000000000000e+03,1.121558012708285617e+02,4.403425666185568588e+01,1.011632764222557788e-02,-2.706623550697013911e+02,1.113747086565703981e-01,0.000000000000000000e+00,7.795294759738406576e+00,1.000000000000000000e+00
1.773000000000000000e+03,4.062733822788091231e+01,4.565651206414434427e+01,-4.510955180482700486e-03,1.253833788884418112e+02,1.466064458447778884e-01,0.000000000000000000e+00,9.000677829788113371e+00,1.000000000000000000e+00
1.774000000000000000e+03,1.030305388476556061e+02,2.277439323845999297e+01,-7.367756681534756193e-03,1.994254162478792978e+02,7.189091243218836969e-02,0.000000000000000000e+00,8.049827713962370623e+00,1.000000000000000000e+00
1.775000000000000000e+03,1.274236757720965301e+02,3.184901701590240819e+01,-3.470766875156368336e-02,9.080160516656151231e+02,1.200733811796694805e-02,0.000000000000000000e+00,1.098279794120105990e+01,1.000000000000000000e+00
1.775000000000000000e+03,1.430024006862112742e+02,2.389012968094981204e+01,4.634666995723781165e-03,-1.285897181607051039e+02,2.121901022128781511e-01,0.000000000000000000e+00,1.467664076862383560e+01,1.000000000000000000e+00
1.776000000000000000e+03,3.509145014940402518e+01,1.304511089266136636e+01,-8.649053033919478634e-03,2.326338111457549473e+02,5.628673978333498251e-02,0.000000000000000000e+00,4.517668384919199198e+00,1.000000000000000000e+00
1.776000000000000000e+03,4.439565010138593237e+01,3.727434018436709096e+01,7.369302344986473734e-03,-1.994654764589212732e+02,1.006864709731181140e-01,0.000000000000000000e+00,7.039289871718220404e+00,1.000000000000000000e+00
1.776000000000000000e+03,5.122608201601009625e+01,1.583477100870982568e+01,-6.781060482808042023e-03,1.842195358782540779e+02,8.737582563900447852e-02,0.000000000000000000e+00,6.469423834356386571e+00,1.000000000000000000e+00
1.776000000000000000e+03,3.316152597908791932e+01,5.068382236503206428e+01,4.142993483684932580e-03,-1.158466176920096729e+02,2.106024953606072669e-01,0.000000000000000000e+00,9.000677829788113371e+00,1.000000000000000000e+00
1.777000000000000000e+03,5.418692780592456870e+01,5.743736933376042408e+00,-4.560090382107696329e-03,1.266568556886470986e+02,2.261393217074776363e-01,0.000000000000000000e+00,7.856934824648622140e+00,1.000000000000000000e+00
1.777000000000000000e+03,6.036675926779380319e+01,4.849428223546512129e+01,9.614746758113926206e-03,-2.576624772180207401e+02,3.584516186708073260e-01,0.000000000000000000e+00,3.468737836561821553e+00,1.000000000000000000e+00
1.777000000000000000e+03,1.152586555097670740e+01,4.685814229076295589e+01,-3.946459551754353395e-03,1.107528886649694044e+02,1.406162787130880165e-01,0.000000000000000000e+00,9.796541273240070069e+00,1.000000000000000000e+00
1.778000000000000000e+03,1.289820471284585039e+02,1.955037503732760840e+01,-6.868810935662331141e-02,1.788714641274808173e+03,8.347341031455846050e-03,0.000000000000000000e+00,7.329702850768669009e+00,1.000000000000000000e+00
1.778000000000000000e+03,1.582825986301410914e+01,2.315628594611998992e+01,8.553590660995138636e-03,-2.301596355406659598e+02,6.313720593731875219e-02,0.000000000000000000e+00,1.379432640236071173e+01,1.000000000000000000e+00
1.778000000000000000e+03,3.784551974013741926e+01,2.812921699635847261e+01,7.177119712841214041e-03,-1.944845235912144688e+02,1.361540318757920032e-01,0.000000000000000000e+00,9.370310521812770688e+00,1.000000000000000000e+00
1.779000000000000000e+03,8.553124436531223296e+01,8.472026530246733245e+00,-3.966286321846802104e-02,1.036443838372775190e+03,1.097752318167177776e-02,0.000000000000000000e+00,6.167566017123418121e+00,1.000000000000000000e+00
1.779000000000000000e+03,2.668582035134525654e+01,3.166491810041459942e+01,-9.262401159413218704e-03,2.485304510787094330e+02,8.292399071567124746e-02,0.000000000000000000e+00,1.170641160840638939e+01,1.000000000000000000e+00
1.779000000000000000e+03,5.078418370616016375e+01,4.707107782217244818e+01,-4.046258462367267363e-03,1.133394578281791354e+02,1.174707123471958603e-01,0.000000000000000000e+00,7.010004240427705646e+00,1.000000000000000000e+00
1.779000000000000000e+03,6.117366260247585075e+01,5.186786329826390585e+01,-8.082397479881013244e-03,2.179473403893520924e+02,2.327038042966780296e-01,0.000000000000000000e+00,3.468737836561821553e+00,1.000000000000000000e+00
1.779000000000000000e+03,1.098091249470695772e+02,1.800454425303013295e+01,3.873973793096511815e-03,-1.088742165736131682e+02,2.209926149715946142e-01,0.000000000000000000e+00,8.288587868326821706e+00,1.000000000000000000e+00
1.779000000000000000e+03,1.118921296715749065e+02,4.291676309422314972e+01,-8.928311622506037576e-03,2.398715820729457846e+02,6.627245795030956010e-02,0.000000000000000000e+00,1.116916442040881563e+01,1.000000000000000000e+00
1.780000000000000000e+03,8.455900764755850219e+01,3.928472613834639304e+01,6.257731482124431407e-03,-1.706559944821775900e+02,8.093088755811372881e-02,0.000000000000000000e+00,1.022599118845328015e+01,1.000000000000000000e+00
1.780000000000000000e+03,5.706722812928867228e+01,1.305368186381190121e+01,-8.322682731109500714e-03,2.241750077795539084e+02,1.359693016918348540e-01,0.000000000000000000e+00,3.391621784093097336e+00,1.000000000000000000e+00
1.781000000000000000e+03,6.531093349089853461e+01,4.739860174450615915e+01,-5.411060271622211357e-03,1.487121312574910519e+02,3.288106667371604175e-01,0.000000000000000000e+00,5.064126231313882620e+00,1.000000000000000000e+00
1.781000000000000000e+03,1.161196637852896600e+02,3.257857228695400664e+01,-7.057655368374467567e-03,1.913882694577473274e+02,5.392598312634211410e-02,0.000000000000000000e+00,9.327161238531640919e+00,1.000000000000000000e+00
1.782000000000000000e+03,1.369882311081150306e+02,2.422276253071991192e+01,-7.305662255950755475e-03,1.978160647485853190e+02,1.324408987015511796e-01,0.000000000000000000e+00,3.557222838256850928e+00,1.000000000000000000e+00
1.782000000000000000e+03,2.034306097039149108e+01,5.989263258476829499e+00,-2.240890266806826354e-03,6.654826868395632289e+01,3.557233783553589435e-01,0.000000000000000000e+00,1.775077736318133859e+01,1.000000000000000000e+00
1.782000000000000000e+03,5.148452563673713200e+01,1.555137435197644891e+01,6.527463650535553219e-03,-1.776468614651246298e+02,1.223318015631819078e-01,0.000000000000000000e+00,6.115965572644665116e+00,1.000000000000000000e+00
1.783000000000000000e+03,3.778966940668733798e+01,1.875907291980081126e+01,-4.855304847890959223e-03,1.343081680029682445e+02,9.168944282917912414e-02,0.000000000000000000e+00,9.195828651639333273e+00,1.000000000000000000e+00
1.783000000000000000e+03,1.248354251253044396e+02,2.925721096462382675e+01,-2.165879895619368493e-03,6.460416416575240817e+01,3.563304969487748330e-01,0.000000000000000000e+00,9.222179930596873021e+00,1.000000000000000000e+00
1.783000000000000000e+03,9.931564020345514621e+01,3.475567763249816267e+01,2.138919719616782806e-03,-6.390541545742761542e+01,3.368181385166167940e-01,0.000000000000000000e+00,3.596362205534688439e+00,1.000000000000000000e+00
1.783000000000000000e+03,7.868801959603527507e+01,4.765744344428689772e+01,-4.179854850482528361e-03,1.168019835781387599e+02,2.129723005043269168e-01,0.000000000000000000e+00,1.022599118845328015e+01,1.000000000000000000e+00
1.783000000000000000e+03,9.003697204126940790e+01,5.063143936775158238e+01,2.535343546836524645e-03,-7.417985273084896392e+01,3.712846066587481841e-01,0.000000000000000000e+00,1.173215126722164037e+01,1.000000000000000000e+00
1.784000000000000000e+03,7.997049896560172044e+01,1.113979360688104769e+01,-7.817934041760562364e-03,2.110930273548942750e+02,1.586848153197983891e-01,0.000000000000000000e+00,6.167566017123418121e+00,1.000000000000000000e+00
1.784000000000000000e+03,6.411808347573570188e+01,2.712238708132891674e+01,-4.105170943524942204e-03,1.148663402976847578e+02,1.748605354739931617e-01,0.000000000000000000e+00,9.318609033700381516e+00,1.000000000000000000e+00
1.784000000000000000e+03,4.459426304186048640e+01,2.816977879370782745e+01,4.735264990302485294e-03,-1.311969978299918580e+02,2.908029021096084632e-01,0.000000000000000000e+00,9.370028316999169604e+00,1.000000000000000000e+00
1.784000000000000000e+03,5.738505172370814478e+01,4.471126832441068899e+01,-7.051869098345561401e-03,1.912383020128638407e+02,7.021643643511255028e-02,0.000000000000000000e+00,7.010004240427705646e+00,1.000000000000000000e+00
1.785000000000000000e+03,5.924314181413494396e+01,3.506413865884326242e+01,-7.001859662918200403e-03,1.899421669874259919e+02,2.103090912651424116e-01,0.000000000000000000e+00,8.638510219449653249e+00,1.000000000000000000e+00
1.785000000000000000e+03,1.320682630668332820e+02,1.806038886613384520e+01,-4.071647346888313500e-03,1.139974821030646979e+02,2.870537929442453784e-01,0.000000000000000000e+00,5.390086663302261272e+00,1.000000000000000000e+00
1.786000000000000000e+03,1.130504001421538049e+02,1.023618283608341528e+01,-8.969016348299062996e-03,2.409265594057296767e+02,5.480173659088083404e-02,0.000000000000000000e+00,1.462148331752563735e+01,1.000000000000000000e+00
1.786000000000000000e+03,5.060949915804675214e+01,3.535409261813773441e+01,-3.164335857430578686e-02,8.285958439466400023e+02,1.554531359825206405e-02,0.000000000000000000e+00,6.268577821687463469e+00,1.000000000000000000e+00
1.786000000000000000e+03,4.046681716851212940e+01,4.060705276902463368e+01,-6.112269170524070594e-02,1.592635587067810320e+03,9.790964570297489011e-03,0.000000000000000000e+00,1.096133611117427797e+01,1.000000000000000000e+00
1.786000000000000000e+03,1.008837758104101141e+02,3.151920241529066757e+01,-3.925585983214556311e-03,1.102118914899541693e+02,1.940027283879159903e-01,0.000000000000000000e+00,3.596362205534688439e+00,1.000000000000000000e+00
1.787000000000000000e+03,9.131928207207722892e+01,3.613110063107941272e+01,8.129496322120115248e-03,-2.191680392147235921e+02,1.237350316543939233e-01,0.000000000000000000e+00,8.113786526048118120e+00,1.000000000000000000e+00
1.787000000000000000e+03,1.329550901111433063e+02,7.828159185931223618e+00,-3.758411667387854312e-03,1.058790994029223214e+02,2.630661327407590733e-01,0.000000000000000000e+00,1.027058841717158444e+01,1.000000000000000000e+00
1.788000000000000000e+03,4.629472259617258345e+01,4.695406810089593819e+00,-4.736826264813520475e-03,1.312374626454968336e+02,1.153442602175617226e-01,0.000000000000000000e+00,9.097511174552940005e+00,1.000000000000000000e+00
1.788000000000000000e+03,3.863382539198382659e+01,9.602072031802656227e+00,-3.960343510781444767e-03,1.111127304714800061e+02,2.872947986280203203e-01,0.000000000000000000e+00,9.097511174552940005e+00,1.000000000000000000e+00
1.788000000000000000e+03,1.162014761943305672e+02,3.249812573203732313e+01,8.701953299143456652e-03,-2.340048701474376003e+02,7.853876400535553248e-02,0.000000000000000000e+00,8.519910229328315765e+00,1.000000000000000000e+00
1.789000000000000000e+03,8.616404151097475150e+00,2.281090992546079121e+01,-8.801972988918920632e-03,2.365971614229451916e+02,6.562130342882455114e-02,0.000000000000000000e+00,8.381427470562330839e+00,1.000000000000000000e+00
1.789000000000000000e+03,1.267924833179172452e+02,1.695622299144094214e+01,-3.705139698187993186e-03,1.044984066483664407e+02,2.399087993506896499e-01,0.000000000000000000e+00,5.390086663302261272e+00,1.000000000000000000e+00
1.789000000000000000e+03,3.072540162277857334e+01,3.558154657487126826e+01,-4.893362490538876071e-03,1.352945387388109282e+02,4.192680721098667185e-01,0.000000000000000000e+00,5.945427337195806849e+00,1.000000000000000000e+00
1.790000000000000000e+03,1.176758640458184573e+02,2.410675809742625120e+01,2.001805448705341276e-03,-6.035171389097355643e+01,4.656955736353491915e-01,0.000000000000000000e+00,8.519910229328315765e+00,1.000000000000000000e+00
1.790000000000000000e+03,2.662206948628498893e+01,3.127913195055921491e+01,-8.745977570538462226e-03,2.351458828310806837e+02,1.345921525477367098e-01,0.000000000000000000e+00,5.945427337195806849e+00,1.000000000000000000e+00
1.791000000000000000e+03,2.599391044239702353e+01,4.706046555950010202e+00,-7.509736428917990897e-03,2.031052203071258191e+02,8.049366539617652805e-02,0.000000000000000000e+00,1.355501808899516192e+01,1.000000000000000000e+00
1.791000000000000000e+03,5.586941116156892662e+01,9.930743717934529258e+00,3.438490341180360649e-03,-9.758743938439714327e+01,2.060575674597731055e-01,0.000000000000000000e+00,4.559396452800800859e+00,1.000000000000000000e+00
1.791000000000000000e+03,8.137010577197180794e+00,1.444320365399069495e+01,-3.886937911908687048e-03,1.092102181365743405e+02,1.877828477839375010e-01,0.000000000000000000e+00,8.381427470562330839e+00,1.000000000000000000e+00
1.791000000000000000e+03,8.134857319348714810e+00,4.881505214263399495e+01,3.453523618065054441e-03,-9.797706899230702504e+01,3.057131156829132612e-01,0.000000000000000000e+00,1.854832668223520287e+01,1.000000000000000000e+00
1.791000000000000000e+03,2.629942451164350459e+01,5.256857334645396662e+01,3.103872258723985519e-03,-8.891487163572638508e+01,3.746387440907751332e-01,0.000000000000000000e+00,1.755415483373548469e+01,1.000000000000000000e+00
1.792000000000000000e+03,1.071923964644701357e+02,4.573226504486488864e+01,-4.997494435277194391e-03,1.379934106554582911e+02,1.190975936037180771e-01,0.000000000000000000e+00,1.200498929880572163e+01,1.000000000000000000e+00
1.792000000000000000e+03,1.114845994577473931e+02,1.573724096964206964e+01,7.186343341210807423e-03,-1.947235798350870084e+02,1.466077132788965454e-01,0.000000000000000000e+00,1.041059912549587807e+01,1.000000000000000000e+00
1.793000000000000000e+03,1.357855657053573850e+02,3.331462777110643003e+01,6.364786395299582011e-03,-1.734306233382275479e+02,9.505271624592748214e-02,0.000000000000000000e+00,9.837285423737082368e+00,1.000000000000000000e+00
1.793000000000000000e+03,1.230968965439699616e+02,4.084174249909241183e+01,-4.456156617773175677e-03,1.239631201739711344e+02,3.722813330066170323e-01,0.000000000000000000e+00,3.638301158851221295e+00,1.000000000000000000e+00
1.794000000000000000e+03,5.487232472043060483e+01,1.437977896646995113e+01,-4.181182560413521446e-03,1.168363949113297053e+02,2.253769350147585282e-01,0.000000000000000000e+00,4.559396452800800859e+00,1.000000000000000000e+00
1.794000000000000000e+03,8.354376170415869751e+01,3.326197528127886471e+01,-6.370191379484108074e-03,1.735707086891945039e+02,1.460013742897274813e-01,0.000000000000000000e+00,1.507841729585495116e+01,1.000000000000000000e+00
1.794000000000000000e+03,7.982262649782275332e+01,4.978294221191607960e+01,-4.815747244781732640e-03,1.332829215774869738e+02,2.672566029670014887e-01,0.000000000000000000e+00,1.693485150649515703e+01,1.000000000000000000e+00
1.794000000000000000e+03,2.700886414197555752e+01,1.884606962810883957e+01,-4.126483773223838490e-03,1.154187221597846786e+02,2.008598295764534303e-01,0.000000000000000000e+00,1.033229618010566497e+01,1.000000000000000000e+00
1.795000000000000000e+03,1.260341828370129633e+02,4.298873680630420324e+01,4.688222190522695412e-03,-1.299777515024101149e+02,2.076096419447879260e-01,0.000000000000000000e+00,3.638301158851221295e+00,1.000000000000000000e+00
1.795000000000000000e+03,1.191279607315700417e+01,2.715316923571215213e+01,3.249559222242653488e-03,-9.269075861690438956e+01,3.493112604570993707e-01,0.000000000000000000e+00,1.053284226866409234e+01,1.000000000000000000e+00
1.795000000000000000e+03,1.381007611957421659e+02,4.287559290802498424e+01,3.034452283497917398e-03,-8.711565793561915427e+01,2.782322667177475894e-01,0.000000000000000000e+00,9.265862010074519262e+00,1.000000000000000000e+00
1.797000000000000000e+03,1.445637160097850824e+02,1.286343090570715653e+01,-5.339515391263138615e-03,1.468578446707358296e+02,2.404775270224949191e-01,0.000000000000000000e+00,1.666456219452589593e+01,1.000000000000000000e+00
1.797000000000000000e+03,7.582483441464127338e+00,4.540548751064826405e+01,9.740243636712083222e-03,-2.609150814224905162e+02,8.062762616502294755e-02,0.000000000000000000e+00,9.257149962143412125e+00,1.000000000000000000e+00
1.797000000000000000e+03,9.574205673707741937e+01,4.212539823394270400e+01,-4.598834394020958651e-03,1.276610156124219344e+02,1.824199746774891606e-01,0.000000000000000000e+00,1.179645977708414506e+01,1.000000000000000000e+00
1.797000000000000000e+03,9.544894885546968055e+01,1.169094300462198177e+01,-1.986804550420295107e-02,5.234055218558160050e+02,1.654005071574948804e-02,0.000000000000000000e+00,1.349654314746319095e+01,1.000000000000000000e+00
1.797000000000000000e+03,2.240342787725194285e+01,2.809519397395881413e+01,-2.765561349443049297e-03,8.014659390454359311e+01,4.029123679568604732e-01,0.000000000000000000e+00,7.356754273137259936e+00,1.000000000000000000e+00
1.798000000000000000e+03,3.527496984283991566e+01,9.556694911942011927e+00,3.882528525303856944e-03,-1.090959364941127205e+02,1.916159731013911127e-01,0.000000000000000000e+00,1.243466871594180212e+01,1.000000000000000000e+00
1.798000000000000000e+03,1.597422238984978904e+01,4.149734948292216075e+01,-7.615094638729271066e-03,2.058358743284491084e+02,9.935672727840816343e-02,0.000000000000000000e+00,9.257149962143412125e+00,1.000000000000000000e+00
1.799000000000000000e+03,1.091940886809941418e+02,3.698858918599044898e+01,-7.536988716568797028e-03,2.038115399095301257e+02,1.455769665469101026e-01,0.000000000000000000e+00,9.134525677913098107e+00,1.000000000000000000e+00
1.799000000000000000e+03,7.276024388116859143e+01,5.201534186484980005e+00,-3.953667825740048505e-03,1.109397113376504933e+02,2.508615091888325432e-01,0.000000000000000000e+00,1.076638034076455064e+01,1.000000000000000000e+00
1.800000000000000000e+03,8.198504077610311924e+01,1.075293652186004145e+01,-8.425555904357850262e-03,2.268412550963986689e+02,7.561622111542287694e-02,0.000000000000000000e+00,1.076638034076455064e+01,1.000000000000000000e+00
1.800000000000000000e+03,1.418810943533982822e+02,2.931065481078932677e+01,-8.256920337154378259e-03,2.224705905744109771e+02,1.080390483548765435e-01,0.000000000000000000e+00,1.408184875521355650e+01,1.000000000000000000e+00
1.800000000000000000e+03,1.200661786538037461e+02,3.958287752769372503e+01,-8.338004640516755508e-03,2.245721181102268815e+02,5.336429856018998219e-02,0.000000000000000000e+00,6.871459186846692546e+00,1.000000000000000000e+00
1.800000000000000000e+03,1.359839573526851382e+02,5.189642104516190813e+01,3.732598498302106341e-03,-1.052100786014740521e+02,2.061327148077584104e-01,0.000000000000000000e+00,9.265862010074519262e+00,1.000000000000000000e+00
1.801000000000000000e+03,2.106679533266122561e+01,6.488403332264951473e+00,2.824153804729038434e-03,-8.166518200444087938e+01,2.914973086628523946e-01,0.000000000000000000e+00,7.592789873308835702e+00,1.000000000000000000e+00
1.801000000000000000e+03,1.069383355567212703e+02,4.584020695918800925e+01,3.796353710323068301e-03,-1.068624740474217418e+02,2.345813382265449221e-01,0.000000000000000000e+00,9.134525677913098107e+00,1.000000000000000000e+00
1.802000000000000000e+03,1.628292545688655224e+01,2.401337041608364231e+01,-8.230211306095535501e-03,2.217783509929192576e+02,6.376409768475699291e-02,0.000000000000000000e+00,7.356754273137259936e+00,1.000000000000000000e+00
1.802000000000000000e+03,5.743185249263698466e+01,5.227997192212511379e+01,9.238480288009233085e-03,-2.479104744882771172e+02,1.882900145585459928e-01,0.000000000000000000e+00,3.338878648483341927e+00,1.000000000000000000e+00
1.803000000000000000e+03,1.082407632468902392e+02,8.113082167143172541e+00,-4.158587547076619297e-03,1.162507816578321211e+02,2.848368865120782800e-01,0.000000000000000000e+00,5.295414905687827911e+00,1.000000000000000000e+00
1.803000000000000000e+03,1.981242738455334518e+01,1.397686239344575121e+01,2.918286050802633338e-03,-8.410488363507296583e+01,2.565013949522312320e-01,0.000000000000000000e+00,7.592789873308835702e+00,1.000000000000000000e+00
1.804000000000000000e+03,9.536307702550735144e+01,1.176731054549771471e+01,1.998615547256788263e-02,-5.264666735273541462e+02,5.901094848424059958e-02,0.000000000000000000e+00,4.020893583180614073e+00,1.000000000000000000e+00
1.804000000000000000e+03,3.651074436175507287e+01,2.085524658111804897e+01,2.034143701590399381e-02,-5.356747929207118659e+02,1.883542445292440970e-02,0.000000000000000000e+00,1.805951159096844805e+01,1.000000000000000000e+00
1.804000000000000000e+03,5.605184194921967133e+01,4.923962958459879502e+01,-8.418465909915694850e-03,2.266574979704062116e+02,1.510687176772176343e-01,0.000000000000000000e+00,3.338878648483341927e+00,1.000000000000000000e+00
1.806000000000000000e+03,8.654095961997283837e+01,2.059666020716177215e+01,-6.509237529919645673e-03,1.771744803413175759e+02,2.312259599143784428e-01,0.000000000000000000e+00,1.132470132923276118e+01,1.000000000000000000e+00
1.806000000000000000e+03,1.031365424126232284e+02,9.523170355312768010e+00,-7.897232130258740115e-03,2.131482601139613280e+02,1.618188476777392415e-01,0.000000000000000000e+00,5.295414905687827911e+00,1.000000000000000000e+00
1.806000000000000000e+03,6.361134949299456309e+01,1.521718661437905595e+01,4.553430804286545154e-03,-1.264842540186850215e+02,1.624920510215033254e-01,0.000000000000000000e+00,1.160785507857391607e+01,1.000000000000000000e+00
1.806000000000000000e+03,7.519018224837647324e+01,2.713710359745372358e+01,2.506720790855700414e-03,-7.343801359120912764e+01,3.040092211775566877e-01,0.000000000000000000e+00,1.306635871435743823e+01,1.000000000000000000e+00
1.806000000000000000e+03,1.291582820141973684e+02,5.120967505493078420e+01,3.045043244102688031e-03,-8.739015243601828331e+01,3.229995470120147205e-01,0.000000000000000000e+00,1.259280065136104731e+01,1.000000000000000000e+00
1.806000000000000000e+03,1.308522937837942095e+02,3.754772723705706028e+01,2.478537527961355465e-03,-7.270756514970366879e+01,3.613866640515512874e-01,0.000000000000000000e+00,6.904828290541940028e+00,1.000000000000000000e+00
1.807000000000000000e+03,7.027107852706060953e+01,4.560038532021248869e+01,-4.761563514555226459e-03,1.318785979742449399e+02,2.155930775827137325e-01,0.000000000000000000e+00,6.249493342021770204e+00,1.000000000000000000e+00
1.808000000000000000e+03,5.394598077913983758e+01,3.169925724716463478e+01,-1.220028658940938877e-02,3.246740062698615361e+02,3.245873516485942023e-02,0.000000000000000000e+00,3.936877970013897166e+00,1.000000000000000000e+00
1.808000000000000000e+03,1.406078765416535816e+02,3.938077890947391069e+01,-8.644354357325901433e-03,2.325120317404467869e+02,5.804851362065388543e-02,0.000000000000000000e+00,9.926302099935972123e+00,1.000000000000000000e+00
1.808000000000000000e+03,8.588366310386241764e+01,4.929908075343110596e+01,-8.435986352727598350e-03,2.271115894712525858e+02,1.132792547631101820e-01,0.000000000000000000e+00,8.007897976284922947e+00,1.000000000000000000e+00
1.808000000000000000e+03,9.328632858094630365e+01,8.324244890405394059e+00,-7.782185576410068605e-03,2.101665054365709580e+02,2.086371464992801128e-01,0.000000000000000000e+00,4.020893583180614073e+00,1.000000000000000000e+00
1.808000000000000000e+03,7.498060868526541967e+00,4.600895389311178718e+01,3.217932334592122409e-03,-9.187105896464608179e+01,1.607112407514340591e-01,0.000000000000000000e+00,2.558878192142027430e+01,1.000000000000000000e+00
1.809000000000000000e+03,1.378891804192622139e+01,2.120550904676250425e+01,-4.366882099082878416e-02,1.140269489168686050e+03,1.446426003201162214e-02,0.000000000000000000e+00,9.795839617017049861e+00,1.000000000000000000e+00
1.809000000000000000e+03,8.969506920277101614e+00,1.267721787895839825e+01,-1.844369063939474418e-02,4.864893636717811773e+02,1.378921002474298163e-01,0.000000000000000000e+00,9.795839617017049861e+00,1.000000000000000000e+00
1.809000000000000000e+03,1.266249087298243836e+02,3.208825204915292773e+01,-6.029208876604965142e-03,1.647331891038139986e+02,1.152879489420405301e-01,0.000000000000000000e+00,6.904828290541940028e+00,1.000000000000000000e+00
1.810000000000000000e+03,9.257222391916269544e+01,3.581175561717692801e+01,-5.694301308443015103e-02,1.484307472398824530e+03,6.813669181329862212e-03,0.000000000000000000e+00,1.505472633796456883e+01,1.000000000000000000e+00
1.810000000000000000e+03,3.152422487488487590e+01,6.300573603502314768e+00,-8.171398811952093957e-03,2.202540599678106616e+02,6.671409808675954345e-02,0.000000000000000000e+00,1.182894118684657769e+01,1.000000000000000000e+00
1.811000000000000000e+03,7.982709056306956086e+01,1.147674669424494454e+01,-2.013079585899872279e-02,5.302154355228417444e+02,1.475919549047344237e-02,0.000000000000000000e+00,8.302305792467921108e+00,1.000000000000000000e+00
1.811000000000000000e+03,4.017516577219353735e+01,2.448973821891415881e+01,-7.061110909270217929e-03,1.914778295087365052e+02,9.125507847685543350e-02,0.000000000000000000e+00,8.331611375001912734e+00,1.000000000000000000e+00
1.811000000000000000e+03,5.081171281396918715e+01,1.119931617125144108e+01,-4.412362793456422495e-03,1.228280801738242758e+02,1.638166826036748791e-01,0.000000000000000000e+00,1.341543819682421912e+01,1.000000000000000000e+00
1.811000000000000000e+03,3.698998466481275926e+01,1.679101303761006037e+01,3.568806468502188321e-03,-1.009649479596855031e+02,3.274473358921160537e-01,0.000000000000000000e+00,8.331611375001912734e+00,1.000000000000000000e+00
1.812000000000000000e+03,2.740770031713685739e+01,1.767932502520147153e+01,-8.449751669036921486e-03,2.274683563183940578e+02,8.178742284956630471e-02,0.000000000000000000e+00,9.623371109284583724e+00,1.000000000000000000e+00
1.812000000000000000e+03,6.931142736464809673e+01,5.177575872418206160e+01,2.813625370452591500e-03,-8.139230804951401410e+01,4.369975585284334718e-01,0.000000000000000000e+00,6.249493342021770204e+00,1.000000000000000000e+00
1.813000000000000000e+03,9.876995587152408973e+01,7.360108389941770746e+00,-8.599521754220481803e-03,2.313500688694423104e+02,6.786836958789910224e-02,0.000000000000000000e+00,5.567739887377616270e+00,1.000000000000000000e+00
1.813000000000000000e+03,9.055839432104144748e+01,1.785989524827723685e+01,3.517479243182151504e-03,-9.963465870672099811e+01,3.661300122305960469e-01,0.000000000000000000e+00,5.974401766659752866e+00,1.000000000000000000e+00
1.813000000000000000e+03,1.291550656173465370e+02,1.945493365875437064e+01,3.463931683316629363e-03,-9.824682324576592407e+01,2.099462399538161161e-01,0.000000000000000000e+00,1.277092385264175256e+01,1.000000000000000000e+00
1.813000000000000000e+03,5.098752502093793026e+01,2.910184552055240559e+01,5.449899891821135406e-03,-1.497187691386095025e+02,1.589837903066609881e-01,0.000000000000000000e+00,3.936877970013897166e+00,1.000000000000000000e+00
1.814000000000000000e+03,1.163549455335232778e+02,2.271634979385935438e+01,4.349555335417231924e-03,-1.212002484351205140e+02,1.778727149834398169e-01,0.000000000000000000e+00,7.219054592098271605e+00,1.000000000000000000e+00
1.814000000000000000e+03,2.851140667173052989e+01,4.692924933266101561e+01,-2.127687305561831548e-03,6.361429588864164941e+01,3.320617839571062824e-01,0.000000000000000000e+00,9.283395581711712197e+00,1.000000000000000000e+00
1.815000000000000000e+03,1.270717774021404125e+02,3.205479104931071532e+01,4.580123053718315566e-03,-1.271760586571615761e+02,3.619150809793806323e-01,0.000000000000000000e+00,3.396484299139628238e+00,1.000000000000000000e+00
1.815000000000000000e+03,7.937282465765245831e+01,5.103254773300452030e+01,-8.234422051297533851e-03,2.218874842853242910e+02,1.606989344275644438e-01,0.000000000000000000e+00,1.008880954647685968e+01,1.000000000000000000e+00
1.816000000000000000e+03,7.157658085770560774e+01,1.240269003664858083e+01,-6.898249317204319629e-03,1.872568137749797472e+02,1.129327356738487609e-01,0.000000000000000000e+00,8.302305792467921108e+00,1.000000000000000000e+00
1.816000000000000000e+03,3.078598586761383871e+01,3.315233575952041889e+01,-5.891876050302317751e-03,1.611738230603443753e+02,2.647359527548674984e-01,0.000000000000000000e+00,3.581362147948575103e+00,1.000000000000000000e+00
1.817000000000000000e+03,8.505219828175255259e+01,2.017836061277731119e+01,-8.044012813650133070e-03,2.169524939185525909e+02,2.406967593854706378e-01,0.000000000000000000e+00,5.974401766659752866e+00,1.000000000000000000e+00
1.817000000000000000e+03,5.018338093407449207e+01,1.417654822931426395e+01,-6.504851398978518488e-03,1.770608014347198491e+02,1.454286751069406858e-01,0.000000000000000000e+00,1.267600844689509465e+01,1.000000000000000000e+00
1.817000000000000000e+03,1.809140556540467060e+01,3.619522291970498884e+01,-4.299059805452659470e-03,1.198915149040212782e+02,2.055078594950179305e-01,0.000000000000000000e+00,7.750298486692201116e+00,1.000000000000000000e+00
1.817000000000000000e+03,2.560041265665231691e+01,3.811406088483283838e+01,7.302481985363306997e-03,-1.977336391010342709e+02,1.666048178241525957e-01,0.000000000000000000e+00,4.073245909166780976e+00,1.000000000000000000e+00
1.818000000000000000e+03,1.062694542985283874e+01,1.304223996140740560e+01,-3.357462358819700982e-02,8.786500028571729217e+02,9.662889288938103505e-03,0.000000000000000000e+00,8.680507198474337827e+00,1.000000000000000000e+00
1.818000000000000000e+03,1.236828334714567461e+02,3.182859505247533249e+01,-4.026807796417660422e-03,1.128353391715709080e+02,2.794658908973011169e-01,0.000000000000000000e+00,3.396484299139628238e+00,1.000000000000000000e+00
1.818000000000000000e+03,6.338016635484333250e+01,5.153228799016684292e+01,-8.476225671271056528e-02,2.205321331876945351e+03,6.516164038588789786e-03,0.000000000000000000e+00,1.600046436560634078e+01,1.000000000000000000e+00
1.819000000000000000e+03,3.869432538809220290e+01,1.953218010679514549e+01,-2.938124471608146229e-02,7.699668076834395833e+02,5.614360318023314811e-03,0.000000000000000000e+00,1.267600844689509465e+01,1.000000000000000000e+00
1.819000000000000000e+03,1.027452324198872731e+02,1.850624816609329670e+01,-6.273052445764589619e-03,1.710530803006390386e+02,1.092906051188963223e-01,0.000000000000000000e+00,7.931594775352862392e+00,1.000000000000000000e+00
1.819000000000000000e+03,1.056212647389640011e+02,3.173149239249658038e+01,-2.761248069853186257e-02,7.241243186553404030e+02,1.099310419631793767e-02,0.000000000000000000e+00,1.137537657876431574e+01,1.000000000000000000e+00
1.819000000000000000e+03,1.168512078762434641e+02,2.991832680652004584e+01,3.320567818582105275e-03,-9.453114589654937561e+01,2.034063361852659346e-01,0.000000000000000000e+00,7.093675566635276653e+00,1.000000000000000000e+00
1.820000000000000000e+03,8.445543315597987544e+01,2.671778470474584921e+01,-2.960463197403771091e-02,7.757565161014474597e+02,1.335663354946303727e-02,0.000000000000000000e+00,6.566596993112720604e+00,1.000000000000000000e+00
1.820000000000000000e+03,1.444191870882942794e+02,4.033083798044233248e+01,-7.585056226960315735e-03,2.050573444916382186e+02,2.758757328457953628e-01,0.000000000000000000e+00,1.298507337447718335e+01,1.000000000000000000e+00
1.820000000000000000e+03,7.165300583735229267e+00,5.081824131683924328e+00,-7.265328833782172362e-03,1.967707107924422587e+02,2.662353796621182989e-01,0.000000000000000000e+00,8.680507198474337827e+00,1.000000000000000000e+00
1.820000000000000000e+03,6.302965287282547990e+01,8.582759751313558283e+00,-4.922850894299689306e-03,1.360588135727901999e+02,2.527639089745623568e-01,0.000000000000000000e+00,4.977342174669064256e+00,1.000000000000000000e+00
1.821000000000000000e+03,5.989276926237989329e+01,3.374392240353946448e+01,5.384182043912635190e-03,-1.480155064694212399e+02,1.655818859655644459e-01,0.000000000000000000e+00,4.269441173005535717e+00,1.000000000000000000e+00
1.821000000000000000e+03,2.930059916690501254e+01,3.641113633398277472e+01,-6.290444567263158392e-03,1.715038459941192173e+02,1.372599539855864359e-01,0.000000000000000000e+00,3.581362147948575103e+00,1.000000000000000000e+00
1.821000000000000000e+03,1.875030497183839273e+01,1.748120654737109447e+01,4.048384270645951320e-03,-1.133945541223848608e+02,2.214580492960244174e-01,0.000000000000000000e+00,9.257072679830804063e+00,1.000000000000000000e+00
1.822000000000000000e+03,1.212168333061264178e+02,5.800901912278138006e+00,4.223002535345717415e-03,-1.179202770589553211e+02,1.610569419766857413e-01,0.000000000000000000e+00,1.262861077305754165e+01,1.000000000000000000e+00
1.822000000000000000e+03,6.332649412234322028e+01,1.355124245696164387e+01,4.012003199609043801e-03,-1.124516364503313213e+02,3.148285473858488670e-01,0.000000000000000000e+00,4.977342174669064256e+00,1.000000000000000000e+00
1.822000000000000000e+03,7.950748474385561337e+01,3.832587263180622017e+01,-8.004327252051477229e-03,2.159239310893060235e+02,7.105551059566883598e-02,0.000000000000000000e+00,1.261863300090020523e+01,1.000000000000000000e+00
1.822000000000000000e+03,1.185665895962838619e+02,3.922614789427930759e+01,-7.648916686417225538e-03,2.067124677205913486e+02,7.928808459047320678e-02,0.000000000000000000e+00,8.994428244058992661e+00,1.000000000000000000e+00
1.823000000000000000e+03,1.338450751155714045e+02,5.897436152683392052e+00,3.448013944506757300e-03,-9.783427032208386720e+01,1.902524853950802175e-01,0.000000000000000000e+00,4.758579875760274192e+00,1.000000000000000000e+00
1.823000000000000000e+03,1.182882478261378623e+02,1.816718233723435816e+01,-4.392920154784013542e-03,1.223241695666580426e+02,2.771131971603361110e-01,0.000000000000000000e+00,1.150473427113978708e+01,1.000000000000000000e+00
1.823000000000000000e+03,1.081599237719873372e+02,1.271044682012761484e+01,3.353584853146571350e-03,-9.538687511183428569e+01,3.894087743215576269e-01,0.000000000000000000e+00,5.025220264297131756e+00,1.000000000000000000e+00
1.823000000000000000e+03,1.199966517845762866e+02,5.219321914294678066e+01,2.976130100766802896e-03,-8.560407470833828825e+01,3.425384070286390248e-01,0.000000000000000000e+00,1.245515900036578749e+01,1.000000000000000000e+00
1.824000000000000000e+03,4.191671529800864704e+01,5.110114580022376884e+01,-6.766798146607446753e-03,1.838498873642049034e+02,2.035280322864918556e-01,0.000000000000000000e+00,1.495991650668815431e+01,1.000000000000000000e+00
1.824000000000000000e+03,7.447104992082102193e+00,2.193287545663140037e+01,-3.449311513193777014e-03,9.786790046025249978e+01,2.340283601318691176e-01,0.000000000000000000e+00,1.004032150511670984e+01,1.000000000000000000e+00
1.824000000000000000e+03,4.645634108553574748e+01,3.684664126319058397e+01,2.368449826429688473e-03,-6.985433306248286556e+01,3.050364807040251147e-01,0.000000000000000000e+00,1.334303370189788751e+01,1.000000000000000000e+00
1.825000000000000000e+03,1.337972051261416198e+02,3.286186015638502766e+01,-3.593242621899849637e-02,9.397590825085569577e+02,7.576043102090479486e-03,0.000000000000000000e+00,1.172917856470852271e+01,1.000000000000000000e+00
1.825000000000000000e+03,6.372407566581917848e+01,3.562785955024049400e+01,-7.239165016162696711e-03,1.960926019490615317e+02,1.733171231907107979e-01,0.000000000000000000e+00,4.269441173005535717e+00,1.000000000000000000e+00
1.825000000000000000e+03,3.739588754362052470e+01,6.859302570074818917e+00,1.795087968581573785e-03,-5.499404960084482497e+01,3.888216858523401154e-01,0.000000000000000000e+00,1.327993393535056654e+01,1.000000000000000000e+00
1.826000000000000000e+03,9.139353095016943485e+01,1.145021626847781526e+01,-8.225812938948773648e-03,2.216643549506737259e+02,1.221116803652007032e-01,0.000000000000000000e+00,5.686329995938222304e+00,1.000000000000000000e+00
1.826000000000000000e+03,6.530359870411015777e+01,4.183200334249021779e+01,-7.571107330943076426e-03,2.046958196605811793e+02,1.024551066372850761e-01,0.000000000000000000e+00,6.402053828530555712e+00,1.000000000000000000e+00
1.827000000000000000e+03,1.044682169002029610e+02,9.301027650016296278e+00,-7.729210440437259827e-03,2.087935059490757226e+02,5.991344996760450403e-02,0.000000000000000000e+00,5.025220264297131756e+00,1.000000000000000000e+00
1.828000000000000000e+03,1.252599274000806560e+02,4.090477746485719734e+01,-7.881621447520800045e-03,2.127436654110870506e+02,6.064897382283307437e-02,0.000000000000000000e+00,1.172917856470852271e+01,1.000000000000000000e+00
1.828000000000000000e+03,1.380212106043299229e+02,8.178658371916387892e+00,3.420193145576111687e-03,-9.711321615257517692e+01,3.314124569486240901e-01,0.000000000000000000e+00,4.758579875760274192e+00,1.000000000000000000e+00
1.828000000000000000e+03,2.504924648662328224e+01,4.284445609590781601e+01,3.301656044788226982e-03,-9.404099414422640280e+01,3.190559160242657510e-01,0.000000000000000000e+00,7.655894237857980400e+00,1.000000000000000000e+00
1.829000000000000000e+03,8.544169584204676937e+01,2.532203206396937034e+01,-8.406591870776074227e-03,2.263497488848434216e+02,6.483631581589588411e-02,0.000000000000000000e+00,7.935471014217569952e+00,1.000000000000000000e+00
1.829000000000000000e+03,5.501430683271947686e+01,2.660956303549236779e+01,-5.518407409251326751e-03,1.514943339312983142e+02,1.155135604238698432e-01,0.000000000000000000e+00,6.572382050927775055e+00,1.000000000000000000e+00
1.829000000000000000e+03,5.930019364153775285e+00,3.185791989601011664e+01,2.630956174211657519e-02,-6.903555132232187361e+02,1.783639446224583036e-02,0.000000000000000000e+00,1.004032150511670984e+01,1.000000000000000000e+00
1.829000000000000000e+03,5.074584305843961118e+01,1.604931926853464574e+01,3.602229049611615358e-03,-1.018311880531052509e+02,1.713906205767614654e-01,0.000000000000000000e+00,5.479695507474692917e+00,1.000000000000000000e+00
1.829000000000000000e+03,1.339919067091155114e+02,1.729314058194558967e+01,-5.379799272907179707e-03,1.479019146449965092e+02,8.569174102850551922e-02,0.000000000000000000e+00,9.965393912782817054e+00,1.000000000000000000e+00
1.830000000000000000e+03,2.907864376116949146e+01,3.633471922064575921e+01,7.091079767013541355e-03,-1.922545566575543887e+02,6.954161936109037878e-02,0.000000000000000000e+00,7.655894237857980400e+00,1.000000000000000000e+00
1.830000000000000000e+03,1.161439716926356311e+02,1.528570206908622353e+01,-4.767013867310886804e-03,1.320198591792002389e+02,1.438796860634777852e-01,0.000000000000000000e+00,1.310859517027784271e+01,1.000000000000000000e+00
1.831000000000000000e+03,1.261513736873644405e+02,6.818874289207301764e+00,-7.779640338431223143e-03,2.101005384432572782e+02,1.274848911697303855e-01,0.000000000000000000e+00,1.194747007474576606e+01,1.000000000000000000e+00
1.831000000000000000e+03,4.320113581745367526e+01,5.074082098129892415e+01,-2.157869953977274019e-02,5.677419274353028413e+02,1.308143958857244105e-02,0.000000000000000000e+00,1.797256579945096178e+01,1.000000000000000000e+00
1.831000000000000000e+03,2.843280245660219308e+01,7.362109210931541803e+00,-8.503022519525542389e-02,2.212266487985422827e+03,1.191697107988209936e-02,0.000000000000000000e+00,1.939089593081943619e+01,1.000000000000000000e+00
1.831000000000000000e+03,1.424663906267449818e+02,4.687352047032711511e+01,2.906707449915502551e-03,-8.380479166188573004e+01,2.398866806280107733e-01,0.000000000000000000e+00,6.721474933550909192e+00,1.000000000000000000e+00
1.831000000000000000e+03,8.599948775405265167e+01,1.324984034620433526e+01,-9.102431926472301024e-03,2.443843989580387870e+02,2.175288951753328037e-01,0.000000000000000000e+00,3.230771994761272303e+00,1.000000000000000000e+00
1.831000000000000000e+03,1.140599606789500342e+02,3.075003449637832631e+01,-3.372900885541751936e-02,8.826513308175084376e+02,1.545014962191215702e-02,0.000000000000000000e+00,9.835239804081695070e+00,1.000000000000000000e+00
1.831000000000000000e+03,8.351703929181527997e+01,3.302056422153929560e+01,4.927889113743643378e-03,-1.361893931850443096e+02,2.005020579129410674e-01,0.000000000000000000e+00,5.498700773641748363e+00,1.000000000000000000e+00
1.832000000000000000e+03,6.313505285895714536e+01,1.619418336171029082e+01,-7.039417804064936231e-03,1.909155917384678389e+02,9.754281556799160313e-02,0.000000000000000000e+00,5.476537207954768505e+00,1.000000000000000000e+00
1.832000000000000000e+03,8.167765288932842793e+01,5.185997469790270031e+01,-3.288657139089962156e-02,8.608171970151237247e+02,1.061215639511348119e-02,0.000000000000000000e+00,9.165299709744681778e+00,1.000000000000000000e+00
1.832000000000000000e+03,8.334268315141991934e+01,1.508812133276848400e+01,6.754065196333398392e-03,-1.835198771833996148e+02,2.915320321332031117e-01,0.000000000000000000e+00,3.230771994761272303e+00,1.000000000000000000e+00
1.833000000000000000e+03,9.376381338600063486e+01,5.718284539927987353e+00,-6.977223101234705793e-03,1.893036412725992363e+02,1.236211645603112474e-01,0.000000000000000000e+00,1.081707379016984483e+01,1.000000000000000000e+00
1.833000000000000000e+03,5.084598147111123723e+01,2.152809971247889465e+01,3.707205597641080597e-03,-1.045519502370372038e+02,2.878060579640232541e-01,0.000000000000000000e+00,5.479695507474692917e+00,1.000000000000000000e+00
1.833000000000000000e+03,4.736030915490049154e+01,3.325613057612829238e+01,4.626534430511902891e-03,-1.283789398840120271e+02,2.105882496965088002e-01,0.000000000000000000e+00,9.298104861941888899e+00,1.000000000000000000e+00
1.833000000000000000e+03,5.579711521640528105e+01,3.716446238192772000e+01,3.103522443802660472e-03,-8.890580519920145264e+01,3.005016949630194834e-01,0.000000000000000000e+00,9.298104861941888899e+00,1.000000000000000000e+00
1.834000000000000000e+03,1.235990670128050937e+02,3.314531993974394197e+01,6.766037163521682225e-03,-1.838301643494818336e+02,2.257954216136464076e-01,0.000000000000000000e+00,9.382038905579245025e+00,1.000000000000000000e+00
1.834000000000000000e+03,9.666158181777926472e+01,3.428982624319884565e+01,-8.145000129006797762e-03,2.195698639296344936e+02,2.313697771927760716e-01,0.000000000000000000e+00,5.694914354647034216e+00,1.000000000000000000e+00
1.834000000000000000e+03,7.158906951856167211e+01,4.589561092183517843e+01,5.911984336585702354e-03,-1.616949857955502807e+02,2.764119759400299747e-01,0.000000000000000000e+00,4.971291468757974563e+00,1.000000000000000000e+00
1.835000000000000000e+03,8.776948976465598662e+01,2.953453852253975853e+01,-8.230262378273081603e-03,2.217796746718925931e+02,9.779535136479033941e-02,0.000000000000000000e+00,5.498700773641748363e+00,1.000000000000000000e+00
1.835000000000000000e+03,6.575151510549683564e+01,3.474470733896737329e+01,-3.814182164488302135e-02,9.970217724801453869e+02,7.289807613687249166e-03,0.000000000000000000e+00,1.024428092253809552e+01,1.000000000000000000e+00
1.835000000000000000e+03,1.436774535696719681e+02,4.026204923991083007e+01,4.358724518650385245e-03,-1.214378935803133714e+02,1.766664522141574434e-01,0.000000000000000000e+00,6.721474933550909192e+00,1.000000000000000000e+00
1.835000000000000000e+03,8.902731386433215732e+01,4.638410012648004965e+01,-8.284418015822653941e-03,2.231832701744827716e+02,1.001642370600172027e-01,0.000000000000000000e+00,9.165299709744681778e+00,1.000000000000000000e+00
1.836000000000000000e+03,1.031944688768788154e+02,2.535475935143942650e+01,-7.966530252357877095e-03,2.149443156479260040e+02,1.058472677161703679e-01,0.000000000000000000e+00,1.106860576979619815e+01,1.000000000000000000e+00
1.836000000000000000e+03,2.467585810853593031e+01,4.229208470666117137e+01,2.174922588481975616e-02,-5.721615967774289402e+02,1.672721003472865675e-01,0.000000000000000000e+00,4.647362707648074576e+00,1.000000000000000000e+00
1.836000000000000000e+03,5.050925373723128331e+00,2.857085815562091824e+01,-6.829413351616133235e-03,1.854727363254696684e+02,3.019403332132226669e-01,0.000000000000000000e+00,1.023417350232350920e+01,1.000000000000000000e+00
1.837000000000000000e+03,9.705314691124039328e+00,5.026820468932705843e+00,-4.925420233441129073e-03,1.361254052154470173e+02,2.361688215316793960e-01,0.000000000000000000e+00,8.960557444069317867e+00,1.000000000000000000e+00
1.837000000000000000e+03,6.025690154508862406e+01,1.153492324828134485e+01,-4.286333544727657756e-03,1.195616781016744881e+02,1.635233595246673444e-01,0.000000000000000000e+00,5.476537207954768505e+00,1.000000000000000000e+00
1.837000000000000000e+03,5.747078150282100673e+00,1.306572295591497657e+01,-4.838468446039961325e-03,1.338718053455029064e+02,1.632955233729568301e-01,0.000000000000000000e+00,8.960557444069317867e+00,1.000000000000000000e+00
1.837000000000000000e+03,1.270098509810697607e+02,2.440522802102642075e+01,6.453958133859061079e-03,-1.757417594796064577e+02,9.570956202067515406e-02,0.000000000000000000e+00,7.315179990007854016e+00,1.000000000000000000e+00
1.837000000000000000e+03,2.902806106301912692e+01,6.518316155574026105e+00,-1.489325873667518910e-02,3.944699456315391899e+02,4.128843271616433608e-02,0.000000000000000000e+00,1.151855657920244624e+01,1.000000000000000000e+00
1.837000000000000000e+03,7.051025875024694756e+01,8.670687910411935206e+00,-6.932397653284000545e-03,1.881418638475322780e+02,7.257956333390080950e-02,0.000000000000000000e+00,1.053549456573457910e+01,1.000000000000000000e+00
1.837000000000000000e+03,1.101771763379131102e+02,4.972043792001002771e+01,-4.029056283083501562e-03,1.128936150208565863e+02,1.995363406103315418e-01,0.000000000000000000e+00,1.250615447715319917e+01,1.000000000000000000e+00
1.838000000000000000e+03,4.328959965322626857e+01,2.351776875285183266e+01,-7.504555635764198658e-03,2.029709454966066460e+02,6.906093297419613197e-02,0.000000000000000000e+00,7.813941967271135880e+00,1.000000000000000000e+00
1.838000000000000000e+03,2.285702739060458200e+01,3.801542304644681991e+01,-2.077899117170093485e-02,5.470152382188410911e+02,2.608845238927287591e-01,0.000000000000000000e+00,4.647362707648074576e+00,1.000000000000000000e+00
1.838000000000000000e+03,6.905691893557559524e+01,5.017368902916668105e+01,-7.555514762678640882e-03,2.042916944451822019e+02,1.552699487510329490e-01,0.000000000000000000e+00,4.971291468757974563e+00,1.000000000000000000e+00
1.839000000000000000e+03,1.242879181586557280e+02,1.207235053509526956e+01,7.207656481506941742e-03,-1.952759697471870197e+02,8.272041978226229997e-02,0.000000000000000000e+00,8.457554382905133394e+00,1.000000000000000000e+00
1.839000000000000000e+03,2.003791127456137033e+01,1.371931278447067548e+01,-6.037978145873797685e-03,1.649604693550245713e+02,1.357034481484417077e-01,0.000000000000000000e+00,7.457106612434791337e+00,1.000000000000000000e+00
1.839000000000000000e+03,2.375816123142333680e+01,3.185526670416435735e+01,-3.033428699697216999e-02,7.946675760570373086e+02,8.995619027552781422e-02,0.000000000000000000e+00,3.478421442032422650e+00,1.000000000000000000e+00
1.840000000000000000e+03,1.165000717448072294e+02,3.027392695796332589e+01,3.811234442398774881e-03,-1.072481500280173492e+02,2.610809888401343093e-01,0.000000000000000000e+00,1.191482950200710711e+01,1.000000000000000000e+00
1.840000000000000000e+03,1.162557702276728406e+02,1.472090216846116206e+01,4.106049527671623046e-03,-1.148891112743129810e+02,2.030081551243125837e-01,0.000000000000000000e+00,8.457554382905133394e+00,1.000000000000000000e+00
1.841000000000000000e+03,1.526089749866781276e+01,2.786745465583352299e+01,4.798437975473852750e-03,-1.328343032313097467e+02,2.791280538855454019e-01,0.000000000000000000e+00,6.794604657520997293e+00,1.000000000000000000e+00
1.841000000000000000e+03,7.704381491285133166e+01,1.811587353531186295e+01,-3.636897619093855654e-03,1.027297214359311255e+02,4.557447783863963764e-01,0.000000000000000000e+00,7.826278195642233371e+00,1.000000000000000000e+00
1.841000000000000000e+03,6.710002657325617292e+01,2.334179097401164071e+01,-2.330282759108947502e-03,6.886512627880476600e+01,3.981932792726737835e-01,0.000000000000000000e+00,3.903729006612336239e+00,1.000000000000000000e+00
1.842000000000000000e+03,1.342792060872153286e+02,2.522274537678510242e+01,-8.098975221161515761e-03,2.183769991314011918e+02,6.655984492484812165e-02,0.000000000000000000e+00,7.315179990007854016e+00,1.000000000000000000e+00
1.842000000000000000e+03,1.437437969019492812e+02,4.222924272285668224e+01,-7.647751610135581322e-03,2.066822714953582647e+02,6.716165558564957117e-02,0.000000000000000000e+00,1.077941570935239568e+01,1.000000000000000000e+00
1.842000000000000000e+03,1.499720139154666576e+01,1.921473659929120004e+01,-3.260413823819771281e-03,9.297208611382666277e+01,4.549686587276159377e-01,0.000000000000000000e+00,7.061870937899886513e+00,1.000000000000000000e+00
1.843000000000000000e+03,9.579321353130296757e+00,1.059008732571567890e+01,3.354754641634684776e-03,-9.541719346713745153e+01,2.114598171509545210e-01,0.000000000000000000e+00,1.018518528073286156e+01,1.000000000000000000e+00
1.843000000000000000e+03,9.121671149059173089e+00,2.313241008149589817e+01,-7.243373536082417172e-03,1.962016775670241771e+02,1.321599836753641899e-01,0.000000000000000000e+00,7.061870937899886513e+00,1.000000000000000000e+00
1.843000000000000000e+03,2.658527858178490177e+01,2.982873685842422518e+01,-2.583471328828771535e-02,6.780484814096607806e+02,8.787203754133954270e-02,0.000000000000000000e+00,3.478421442032422650e+00,1.000000000000000000e+00
1.844000000000000000e+03,1.002723432623195876e+01,3.485447549412333501e+01,-8.949198994295897575e-03,2.404129369979679609e+02,1.938312940184215849e-01,0.000000000000000000e+00,8.729816172016876763e+00,1.000000000000000000e+00
1.844000000000000000e+03,1.052724420514965971e+02,1.972071695365659139e+01,3.312070359892806386e-03,-9.431091038018547579e+01,3.792148119304872278e-01,0.000000000000000000e+00,5.480472888196336712e+00,1.000000000000000000e+00
1.844000000000000000e+03,1.046025299415774157e+02,3.091553517354195080e+01,-7.713183317403782269e-03,2.083781180259133805e+02,1.482017144285139310e-01,0.000000000000000000e+00,3.041440084030136770e+00,1.000000000000000000e+00
1.845000000000000000e+03,8.300510871715694350e+01,5.019754229362023068e+01,4.379357044048036440e-03,-1.219726434450659127e+02,1.472888521698080266e-01,0.000000000000000000e+00,1.287886351324034528e+01,1.000000000000000000e+00
1.845000000000000000e+03,1.188094695896580646e+02,4.547978547567776531e+01,-3.368654620869272753e-02,8.815507920247292759e+02,1.758275882067628082e-02,0.000000000000000000e+00,1.427009368849619086e+01,1.000000000000000000e+00
1.846000000000000000e+03,7.062705253687877871e+01,4.664102003296292054e+01,-4.382287134999475475e-03,1.220485849844459096e+02,1.453735454295713714e-01,0.000000000000000000e+00,1.000332530116772567e+01,1.000000000000000000e+00
1.846000000000000000e+03,2.149653618438501823e+01,2.516866555084717305e+01,-8.281948758654747444e-03,2.231192724373600242e+02,3.723284271355457031e-01,0.000000000000000000e+00,6.794604657520997293e+00,1.000000000000000000e+00
1.846000000000000000e+03,3.253389923457066857e+01,3.567567003375712176e+01,-2.757716381067856770e-02,7.232089822804155119e+02,9.669282948366442199e-03,0.000000000000000000e+00,6.435540989690692548e+00,1.000000000000000000e+00
1.846000000000000000e+03,1.330497056356126677e+02,4.358283609691558524e+01,-6.975620107877616993e-02,1.816397239161229209e+03,6.633605744438608731e-03,0.000000000000000000e+00,3.672054947766013822e+00,1.000000000000000000e+00
1.846000000000000000e+03,5.717741975409074939e+01,7.593682879348688353e+00,2.141502304466795514e-03,-6.397235039983720384e+01,3.966754369512793810e-01,0.000000000000000000e+00,1.582898735957781611e+01,1.000000000000000000e+00
1.846000000000000000e+03,6.338056980636816462e+01,2.215657305467463445e+01,2.814160167900988264e-03,-8.140616882795428921e+01,3.580012563349128651e-01,0.000000000000000000e+00,3.903729006612336239e+00,1.000000000000000000e+00
1.847000000000000000e+03,1.097295213196448742e+02,1.653166890201203998e+01,3.595265305369461754e-03,-1.016507030557579725e+02,2.335143888293044201e-01,0.000000000000000000e+00,5.480472888196336712e+00,1.000000000000000000e+00
1.847000000000000000e+03,8.439935596575944032e+01,2.680236291356841960e+01,2.705046560551923468e-02,-7.095581184842453695e+02,4.029395114195788441e-02,0.000000000000000000e+00,1.544361351430702456e+01,1.000000000000000000e+00
1.847000000000000000e+03,3.207810698405413774e+01,5.253904210313193346e+01,-8.768067204196757641e-03,2.357183977502941730e+02,1.802296334535096189e-01,0.000000000000000000e+00,1.686953064331670760e+01,1.000000000000000000e+00
1.848000000000000000e+03,1.442959841019846294e+02,7.313349037588300128e+00,-7.449743404769186908e-03,2.015503325301152131e+02,4.702289951892643094e-01,0.000000000000000000e+00,2.054095587324193062e+01,1.000000000000000000e+00
1.848000000000000000e+03,1.045433772884588137e+02,4.514187375329708374e+01,-5.993314498458935519e-02,1.561805141655754596e+03,7.885402251990192291e-03,0.000000000000000000e+00,1.122279528012404981e+01,1.000000000000000000e+00
1.848000000000000000e+03,1.256196627896834741e+02,1.586471678936683105e+01,2.175168827138383287e-03,-6.484491292421772357e+01,3.207397663935882548e-01,0.000000000000000000e+00,1.590413220073331679e+01,1.000000000000000000e+00
1.849000000000000000e+03,4.647072488260351975e+01,3.102735333826367992e+01,4.673270541498216260e-03,-1.295902375098390564e+02,1.744946660415952477e-01,0.000000000000000000e+00,1.150504254752683764e+01,1.000000000000000000e+00
1.849000000000000000e+03,8.800915519739220372e+00,5.659029215064106388e+00,-4.757024225036548745e-03,1.317609495327961895e+02,1.369969924168974451e-01,0.000000000000000000e+00,4.651850185336848575e+00,1.000000000000000000e+00
1.849000000000000000e+03,1.041656635796578740e+02,3.392543642882731803e+01,-3.304329925257205175e-02,8.648792398924258578e+02,1.558092417745404745e-02,0.000000000000000000e+00,3.041440084030136770e+00,1.000000000000000000e+00
1.849000000000000000e+03,6.694479982315662880e+01,3.734007749829105904e+01,-7.034925459234967794e-03,1.907991600005226189e+02,1.111253510399986544e-01,0.000000000000000000e+00,9.922328930755995202e+00,1.000000000000000000e+00
1.851000000000000000e+03,1.011187452339526871e+01,2.533551725233210306e+01,-7.025861278775297550e-03,1.905642362972200203e+02,1.897936159575175363e-01,0.000000000000000000e+00,7.254831508972150900e+00,1.000000000000000000e+00
1.851000000000000000e+03,1.402313631802855731e+01,4.587439239835813254e+01,-8.073173303329728850e-03,2.177082699378108259e+02,1.387631038976474551e-01,0.000000000000000000e+00,7.701479010313878604e+00,1.000000000000000000e+00
1.851000000000000000e+03,9.416143058354354878e+01,1.247715602998955120e+01,3.725912095986711695e-03,-1.050367816993776415e+02,2.535073188206917738e-01,0.000000000000000000e+00,8.044485771915883987e+00,1.000000000000000000e+00
1.851000000000000000e+03,2.729629254885427159e+01,3.193619626921110566e+01,-4.444653981296518667e-03,1.236649970319106728e+02,1.668182484821838507e-01,0.000000000000000000e+00,6.435540989690692548e+00,1.000000000000000000e+00
1.851000000000000000e+03,8.329949465539820963e+00,4.027237855702940550e+01,4.349312405626635722e-03,-1.211939522270625105e+02,2.428331804108297964e-01,0.000000000000000000e+00,7.987173193050795206e+00,1.000000000000000000e+00
1.852000000000000000e+03,1.250354135925406140e+01,1.431939216852422270e+01,-8.986354739650169454e-03,2.413759325314782984e+02,1.037302874039176537e-01,0.000000000000000000e+00,6.499631188286877581e+00,1.000000000000000000e+00
1.852000000000000000e+03,7.639448398033894705e+01,8.153522587371529795e+00,-2.437989774945029803e-02,6.403428492759539949e+02,3.047280926297224468e-02,0.000000000000000000e+00,1.085620901966164276e+01,1.000000000000000000e+00
1.852000000000000000e+03,2.215123494018283168e+01,7.918961079479713838e+00,-8.430124846048183546e-03,2.269596720571865376e+02,1.022884193152521215e-01,0.000000000000000000e+00,6.727599803456163485e+00,1.000000000000000000e+00
1.852000000000000000e+03,5.244176880856424106e+01,5.027470289908225709e+01,-1.046255112227499895e-01,2.720133380236183257e+03,6.013480305963381234e-03,0.000000000000000000e+00,1.678698648189088516e+01,1.000000000000000000e+00
1.852000000000000000e+03,6.266979239704714644e+01,6.724208502611926264e+00,-4.374613509743382339e-03,1.218497014261431275e+02,2.814285046485305308e-01,0.000000000000000000e+00,1.017147291718254998e+01,1.000000000000000000e+00
1.852000000000000000e+03,9.982555937467175511e+01,2.606925530472192065e+01,3.824458957732040140e-03,-1.075909004984317363e+02,4.582749506067971268e-01,0.000000000000000000e+00,6.760832573744182561e+00,1.000000000000000000e+00
1.853000000000000000e+03,1.342206377812025941e+01,6.192601066720813563e+00,-3.484246951286426239e-03,9.877335049291023950e+01,3.256785782602664714e-01,0.000000000000000000e+00,4.651850185336848575e+00,1.000000000000000000e+00
1.853000000000000000e+03,5.750911513916507545e+01,3.427079974051079603e+01,-3.351971515701655802e-02,8.772268965925921975e+02,7.954905413475876763e-03,0.000000000000000000e+00,9.922328930755995202e+00,1.000000000000000000e+00
1.853000000000000000e+03,1.210405537221512446e+02,4.847186830246348421e+01,-3.741125662128572549e-03,1.054310840099270763e+02,1.771367938003273190e-01,0.000000000000000000e+00,8.732764545673111556e+00,1.000000000000000000e+00
1.854000000000000000e+03,8.613115177510591991e+01,1.295504052787018523e+01,-4.273937323648228231e-03,1.192403952040209560e+02,1.630398949509422879e-01,0.000000000000000000e+00,8.044485771915883987e+00,1.000000000000000000e+00
1.854000000000000000e+03,1.361112158125536098e+02,1.411168548790341859e+01,-3.996236649247450305e-03,1.120430020000649449e+02,2.213646740935667490e-01,0.000000000000000000e+00,9.939281798507476395e+00,1.000000000000000000e+00
1.854000000000000000e+03,2.718839569907490272e+01,1.758332081103513644e+01,7.759553297719441745e-03,-2.095799263467309572e+02,5.448982497064358554e-02,0.000000000000000000e+00,1.089829516630156725e+01,1.000000000000000000e+00
1.854000000000000000e+03,6.228351402452936014e+01,1.688834399580086298e+01,-5.825391700090434485e-03,1.594506943304016886e+02,9.957385985075262180e-02,0.000000000000000000e+00,1.017147291718254998e+01,1.000000000000000000e+00
1.854000000000000000e+03,3.908805098823516033e+01,2.048515741262455947e+01,-8.734021509374190195e-03,2.348360079143002395e+02,1.813636137015453009e-01,0.000000000000000000e+00,1.023157045460650139e+01,1.000000000000000000e+00
1.855000000000000000e+03,2.857530360476700082e+01,5.920976868288049921e+00,-1.611007413797465801e-02,4.260071355165820819e+02,6.288987505947063461e-02,0.000000000000000000e+00,6.727599803456163485e+00,1.000000000000000000e+00
1.855000000000000000e+03,3.623105960146181559e+01,1.066056407836997444e+01,-3.962476096539817305e-03,1.111680024231138475e+02,3.716713992129621058e-01,0.000000000000000000e+00,9.004126098789420496e+00,1.000000000000000000e+00
1.855000000000000000e+03,1.894613906693554028e+01,3.995182345569823923e+01,5.196337043735432468e-03,-1.431469755211624886e+02,9.442301258971363964e-02,0.000000000000000000e+00,7.701479010313878604e+00,1.000000000000000000e+00
1.856000000000000000e+03,3.197391598537560853e+01,5.258211506152501613e+01,7.506523197885625609e-03,-2.030219403970392307e+02,1.622234498772869848e-01,0.000000000000000000e+00,1.026593413643994701e+01,1.000000000000000000e+00
1.856000000000000000e+03,1.030112448503715541e+02,3.536665113148585249e+01,-4.547888888586175925e-03,1.263406197027626661e+02,2.462598839806795503e-01,0.000000000000000000e+00,9.828029360437016138e+00,1.000000000000000000e+00
1.856000000000000000e+03,9.784722523435610242e+01,5.081323625327527793e+01,3.359098767692976495e-02,-8.790741241931698369e+02,1.350031275948104792e-02,0.000000000000000000e+00,1.317964230214788124e+01,1.000000000000000000e+00
1.856000000000000000e+03,1.135677020373266544e+02,4.395327733770692902e+01,8.010569270323279756e-03,-2.160857105303728360e+02,7.845854242672978263e-02,0.000000000000000000e+00,8.732764545673111556e+00,1.000000000000000000e+00
1.857000000000000000e+03,7.054462203200868942e+01,4.688525837651654626e+01,4.996308594312060154e-03,-1.379626762551121431e+02,2.067010564411968510e-01,0.000000000000000000e+00,9.192067821709306585e+00,1.000000000000000000e+00
1.857000000000000000e+03,1.062231197179294924e+02,2.388291618542310246e+01,-1.381553944291721413e-03,4.427615349760070274e+01,4.440803058744047238e-01,0.000000000000000000e+00,6.760832573744182561e+00,1.000000000000000000e+00
1.857000000000000000e+03,8.746676808921696988e+01,4.269233232141548484e+01,-4.722689135170324987e-03,1.308710592111625886e+02,2.184085825959086735e-01,0.000000000000000000e+00,5.731218620530021290e+00,1.000000000000000000e+00
1.858000000000000000e+03,3.995371111142853238e+01,3.546793530946582962e+01,4.480185392291618704e-03,-1.245858933767788415e+02,3.942242404566740355e-01,0.000000000000000000e+00,5.288473121649015063e+00,1.000000000000000000e+00
1.859000000000000000e+03,1.100262868288343654e+01,4.928246877793745284e+01,-4.965769382453995642e-03,1.371711667769457961e+02,2.969310468237037481e-01,0.000000000000000000e+00,1.225399116006569145e+01,1.000000000000000000e+00
1.859000000000000000e+03,1.020883469518223592e+02,1.527563957220033686e+01,2.902116148139648275e-03,-8.368579517665878598e+01,3.120278132470543087e-01,0.000000000000000000e+00,8.091513060424826875e+00,1.000000000000000000e+00
1.859000000000000000e+03,5.520119193714823957e+00,2.515708656015941713e+01,-8.131220268811722648e-03,2.192127201368313081e+02,9.285698451610979731e-02,0.000000000000000000e+00,1.041542049710319873e+01,1.000000000000000000e+00
1.859000000000000000e+03,7.911243338423901150e+01,2.915412861567765290e+01,-2.123077663173609467e-03,6.349482405491546899e+01,3.792947644435454846e-01,0.000000000000000000e+00,1.158431177657994660e+01,1.000000000000000000e+00
1.860000000000000000e+03,3.759331079998494829e+01,3.073544565515689442e+01,-7.392422087296711582e-03,2.000646895380395733e+02,1.632861531043576786e-01,0.000000000000000000e+00,5.288473121649015063e+00,1.000000000000000000e+00
1.860000000000000000e+03,2.393060335242530456e+01,4.620288896564590431e+01,7.853558093091270870e-03,-2.120163247343417083e+02,4.799183677661567060e-02,0.000000000000000000e+00,6.064258397511745002e+00,1.000000000000000000e+00
1.860000000000000000e+03,1.227568681386599962e+02,4.589670903407650826e+01,2.298110496816633316e-03,-6.803129171042193946e+01,3.264900579080369791e-01,0.000000000000000000e+00,3.803541034634642326e+00,1.000000000000000000e+00
1.861000000000000000e+03,6.925178728462562106e+01,3.778456119691197301e+01,3.362663859332010174e-03,-9.562218306547448776e+01,1.955307613173903336e-01,0.000000000000000000e+00,9.192067821709306585e+00,1.000000000000000000e+00
1.862000000000000000e+03,5.793919890237824433e+01,5.515405018859847353e+00,-8.361563436930152804e-02,2.175603392301307395e+03,1.932808024927801238e-02,0.000000000000000000e+00,3.698718201708832254e+00,1.000000000000000000e+00
1.862000000000000000e+03,1.581164311747709483e+01,2.355536265820056485e+01,-7.808530709626363905e-03,2.108493135830669019e+02,3.586312601401275835e-02,0.000000000000000000e+00,5.454264356644668688e+00,1.000000000000000000e+00
1.862000000000000000e+03,1.335276030091564508e+02,5.133737641075853020e+01,-7.977145697151822104e-03,2.152194447248782865e+02,1.249302965703467105e-01,0.000000000000000000e+00,1.206687992623695216e+01,1.000000000000000000e+00
1.862000000000000000e+03,3.602514503567649484e+01,9.704915255595842893e+00,3.229359848012250487e-03,-9.216723508163111944e+01,2.749488253017187134e-01,0.000000000000000000e+00,6.743216789413866152e+00,1.000000000000000000e+00
1.862000000000000000e+03,9.776438213357367601e+01,3.756307689186827048e+01,-2.445128525930768092e-03,7.184167699626377157e+01,3.330058726631589527e-01,0.000000000000000000e+00,1.150435205772459213e+01,1.000000000000000000e+00
1.862000000000000000e+03,4.026824238555094837e+01,5.077353390082174656e+01,2.963188318206913790e-03,-8.526865205211097987e+01,1.555662790987957234e-01,0.000000000000000000e+00,1.116130305773566533e+01,1.000000000000000000e+00
1.863000000000000000e+03,1.303070987516369428e+01,1.205396477023246149e+01,3.176028098062823931e-03,-9.078499294099046324e+01,2.418540389587627848e-01,0.000000000000000000e+00,6.378589004953222563e+00,1.000000000000000000e+00
1.863000000000000000e+03,1.003428103601334982e+02,5.027391140971166905e+00,3.031220397218138858e-03,-8.703189452238211743e+01,2.257839411182942513e-01,0.000000000000000000e+00,1.039584022102667404e+01,1.000000000000000000e+00
1.863000000000000000e+03,2.922389433015484883e+01,4.916199365066107418e+01,2.639314743552572621e-03,-7.687455841086210739e+01,4.262794736150651298e-01,0.000000000000000000e+00,6.064258397511745002e+00,1.000000000000000000e+00
1.864000000000000000e+03,1.189562512304015627e+02,4.604582482401730914e+01,-5.027737056047640492e-03,1.387772331422877130e+02,9.924961350156247253e-02,0.000000000000000000e+00,3.803541034634642326e+00,1.000000000000000000e+00
1.865000000000000000e+03,1.279871847335492703e+02,3.620070009969864344e+01,-3.952772360220009433e-03,1.109165028328018394e+02,1.499919767221453704e-01,0.000000000000000000e+00,7.419215396858923839e+00,1.000000000000000000e+00
1.866000000000000000e+03,1.211929135168847296e+02,6.596844109409762069e+00,-7.754387539548851516e-03,2.094460412100437168e+02,7.887471075711283142e-02,0.000000000000000000e+00,1.007282807884406139e+01,1.000000000000000000e+00
1.866000000000000000e+03,8.704570357443047612e+01,9.005996060139009884e+00,2.722616913264221377e-03,-7.903356818442904341e+01,3.070727804962339880e-01,0.000000000000000000e+00,1.215351716817692562e+01,1.000000000000000000e+00
1.867000000000000000e+03,4.854092811783622352e+01,1.186746453910846633e+01,-2.948974989046665787e-02,7.727790241333966605e+02,1.393597322993056498e-02,0.000000000000000000e+00,1.081670973988207685e+01,1.000000000000000000e+00
1.867000000000000000e+03,2.977655575214601669e+01,1.223989151481033666e+01,-6.177850921369939900e-03,1.685856653180761384e+02,1.626666752670496985e-01,0.000000000000000000e+00,6.743216789413866152e+00,1.000000000000000000e+00
1.867000000000000000e+03,5.130926467156346149e+01,2.286609839461812754e+01,-6.403495069700864371e-03,1.744338673910952480e+02,4.422153331891411909e-01,0.000000000000000000e+00,7.953054535415123638e+00,1.000000000000000000e+00
1.867000000000000000e+03,1.905618372996043419e+01,3.792958963909585179e+01,-4.458618034160721257e-03,1.240269146952413877e+02,2.030647073616346221e-01,0.000000000000000000e+00,1.029369134919409845e+01,1.000000000000000000e+00
1.867000000000000000e+03,1.100304842696164940e+02,4.218537114839582358e+01,-7.288011144488038343e-03,1.973585866025269411e+02,5.905641771768510573e-02,0.000000000000000000e+00,6.876362403291794934e+00,1.000000000000000000e+00
1.867000000000000000e+03,6.453357063729471577e+01,2.438773213286484065e+01,-4.848537310860040819e-03,1.341327682667632359e+02,2.676680734433386499e-01,0.000000000000000000e+00,1.331156029579725519e+01,1.000000000000000000e+00
1.868000000000000000e+03,4.381508597032843966e+01,3.109912677306366291e+01,-2.675798823547302988e-02,7.019777456960848667e+02,6.975457893467085224e-02,0.000000000000000000e+00,6.899579566857334534e+00,1.000000000000000000e+00
1.868000000000000000e+03,8.618540100723677710e+01,2.112902617022498575e+01,-2.168471380173841133e-03,6.467132976900765584e+01,3.560871739784639001e-01,0.000000000000000000e+00,6.543933451473891161e+00,1.000000000000000000e+00
1.869000000000000000e+03,1.450991628067962154e+02,3.630020384573133896e+01,3.819279699879963089e-03,-1.074566654795700913e+02,2.136983704985480070e-01,0.000000000000000000e+00,1.673212449482115716e+01,1.000000000000000000e+00
1.870000000000000000e+03,1.257565513040689353e+02,2.912475269964871671e+01,-8.135297690874796275e-03,2.193183979855068628e+02,5.459027811505012817e-02,0.000000000000000000e+00,7.419215396858923839e+00,1.000000000000000000e+00
1.870000000000000000e+03,5.714475623404241844e+01,5.131020088626722497e+01,-7.596526206364617381e-03,2.053546212339154238e+02,8.665689223047889911e-02,0.000000000000000000e+00,1.068855902875690944e+01,1.000000000000000000e+00
1.870000000000000000e+03,5.895568086961025500e+01,6.440107238095825970e+00,-1.080466817295662289e-02,2.885026338827844938e+02,2.008284110431585168e-01,0.000000000000000000e+00,3.402147968002130707e+00,1.000000000000000000e+00
1.870000000000000000e+03,2.594509474146122230e+01,5.025692214315979101e+01,-4.974311028384634410e-03,1.373925475298173069e+02,2.793285553465179039e-01,0.000000000000000000e+00,1.412162248433685185e+01,1.000000000000000000e+00
1.871000000000000000e+03,3.779910181563422356e+01,1.313804601629955293e+01,-8.447489670153031024e-03,2.274097302620137384e+02,5.676479175055848536e-02,0.000000000000000000e+00,6.577741240513676146e+00,1.000000000000000000e+00
1.871000000000000000e+03,2.211372733699771942e+01,1.836044845129872982e+01,-5.637734427021800013e-03,1.545870288575989093e+02,1.844896473244859170e-01,0.000000000000000000e+00,6.686231177044455798e+00,1.000000000000000000e+00
1.871000000000000000e+03,8.176802917070884291e+01,4.032946312523117882e+01,-3.245863592052583482e-03,9.259497597729884433e+01,2.945222530548341489e-01,0.000000000000000000e+00,4.179004602742090846e+00,1.000000000000000000e+00
1.871000000000000000e+03,1.330324799412687469e+02,4.960883652100337571e+01,3.173395255218856327e-03,-9.071675542146284954e+01,2.375283012733538923e-01,0.000000000000000000e+00,1.003371743118571935e+01,1.000000000000000000e+00
1.871000000000000000e+03,1.233528249747878789e+02,1.643537286120837848e+01,-3.772112570383838459e-03,1.062341967980731852e+02,1.800373005341073807e-01,0.000000000000000000e+00,7.333222378877649383e+00,1.000000000000000000e+00
1.871000000000000000e+03,2.723680588066823560e+01,3.168158973354029229e+01,4.002892357909955227e-03,-1.122155033899099408e+02,1.275174482524292774e-01,0.000000000000000000e+00,7.685019275645191605e+00,1.000000000000000000e+00
1.871000000000000000e+03,1.077153896107842996e+02,3.571044283820955911e+01,-4.948457484587726572e-03,1.367224803042927022e+02,1.650550394968881562e-01,0.000000000000000000e+00,5.642252103581396838e+00,1.000000000000000000e+00
1.873000000000000000e+03,8.226244957022701954e+01,2.636672767376468940e+01,3.587256996676009124e-03,-1.014431452358505936e+02,1.988843774200541592e-01,0.000000000000000000e+00,3.710445004682831005e+00,1.000000000000000000e+00
1.873000000000000000e+03,6.783151345385070385e+01,5.111395044398410192e+01,-3.070403780879944668e-03,8.804744199947781169e+01,2.465681691673832221e-01,0.000000000000000000e+00,7.329471533928083815e+00,1.000000000000000000e+00
1.874000000000000000e+03,2.527848146374119409e+01,2.425027176529902562e+01,-9.118907391627784770e-03,2.448114069269533957e+02,8.851940045567174842e-02,0.000000000000000000e+00,6.265187467057256043e+00,1.000000000000000000e+00
1.874000000000000000e+03,1.174986314377718628e+02,3.417264245992047478e+01,-8.280501148297749955e-03,2.230817535477573585e+02,6.652807393362469845e-02,0.000000000000000000e+00,8.480920283915828861e+00,1.000000000000000000e+00
1.874000000000000000e+03,1.057845160819377952e+02,1.364018011164386301e+01,-3.703091124883802886e-03,1.044453121155238478e+02,1.988844616452555281e-01,0.000000000000000000e+00,9.758869493299474840e+00,1.000000000000000000e+00
1.874000000000000000e+03,1.050396903930262340e+02,2.337058444447549377e+01,3.118583925010855965e-03,-8.929616580139764892e+01,3.588714368680621103e-01,0.000000000000000000e+00,8.597773072761881963e+00,1.000000000000000000e+00
1.874000000000000000e+03,1.288944633293257596e+02,4.046814157979873983e+01,3.976115245460890880e-03,-1.115214992879093785e+02,1.923442576590216335e-01,0.000000000000000000e+00,1.003371743118571935e+01,1.000000000000000000e+00
1.875000000000000000e+03,3.144630283532184478e+01,1.143257688937394789e+01,-9.110241244937920466e-03,2.445867993871096076e+02,9.187752414129313205e-02,0.000000000000000000e+00,4.932383420086947190e+00,1.000000000000000000e+00
1.875000000000000000e+03,1.098584858083940361e+02,3.049104177217148504e+01,3.429504979081728772e-03,-9.735455848036863813e+01,3.794883590135216256e-01,0.000000000000000000e+00,5.642252103581396838e+00,1.000000000000000000e+00
1.875000000000000000e+03,7.328271884508762923e+01,4.099427330814772574e+01,-2.579209465407333608e-03,7.531676125614545469e+01,4.207044435198115107e-01,0.000000000000000000e+00,4.355071782151451742e+00,1.000000000000000000e+00
1.876000000000000000e+03,1.078410085567251286e+01,8.971425332291277144e+00,-8.297537611361500282e-03,2.235233013536424949e+02,1.152281414164592066e-01,0.000000000000000000e+00,1.471442120287447253e+01,1.000000000000000000e+00
1.876000000000000000e+03,1.161172231512053088e+02,1.524280558485011561e+01,-4.705433379813063997e-03,1.304238278293682640e+02,3.125385018710906682e-01,0.000000000000000000e+00,5.897448713529593434e+00,1.000000000000000000e+00
1.876000000000000000e+03,1.990166987851646141e+01,5.195536094947614458e+01,-5.157223758203627328e-03,1.421332448340532153e+02,1.258821774115723713e-01,0.000000000000000000e+00,2.155991696380512934e+01,1.000000000000000000e+00
1.876000000000000000e+03,8.081249005512152905e+01,4.439775815734502373e+01,-8.029251183180242946e-03,2.165699047906991552e+02,9.967985576488158639e-02,0.000000000000000000e+00,4.179004602742090846e+00,1.000000000000000000e+00
1.876000000000000000e+03,8.795136063292387973e+01,4.700948609592668248e+01,-8.530339106447950778e-03,2.295570061770879136e+02,8.031436055089424819e-02,0.000000000000000000e+00,7.601617982494257575e+00,1.000000000000000000e+00
1.877000000000000000e+03,1.220135815280441420e+02,1.535620408834280681e+01,-7.581295409934766735e-03,2.049598723520425665e+02,1.706576231118893672e-01,0.000000000000000000e+00,5.897448713529593434e+00,1.000000000000000000e+00
1.877000000000000000e+03,1.248914585998988827e+02,7.786211501374259214e+00,-7.462362151567925039e-03,2.018773828069921308e+02,1.091514136156914727e-01,0.000000000000000000e+00,8.098577912662566547e+00,1.000000000000000000e+00
1.877000000000000000e+03,1.301242607662710782e+02,2.053738120457052929e+01,-8.512340637951597982e-03,2.290905252975697124e+02,4.911156889888435018e-02,0.000000000000000000e+00,9.624329276117235210e+00,1.000000000000000000e+00
1.877000000000000000e+03,7.888897040298934371e+01,2.482172267668889631e+01,-4.802095598927186640e-03,1.329291008195491770e+02,1.905781376506626712e-01,0.000000000000000000e+00,3.710445004682831005e+00,1.000000000000000000e+00
1.877000000000000000e+03,5.544224379465641306e+01,3.183901245399072621e+01,-4.440411290024908614e-02,1.159326644874933436e+03,1.178632951739111423e-02,0.000000000000000000e+00,3.905309247635980974e+00,1.000000000000000000e+00
1.877000000000000000e+03,6.493589058324967311e+01,3.562699861918374467e+01,-7.554940325616659944e-03,2.042768062947845635e+02,1.043070213707959493e-01,0.000000000000000000e+00,9.923566879877931513e+00,1.000000000000000000e+00
1.877000000000000000e+03,2.206371546242798587e+01,2.962780405754720903e+01,-3.348956496435261110e-03,9.526691824384558061e+01,3.298413273018091507e-01,0.000000000000000000e+00,6.265187467057256043e+00,1.000000000000000000e+00
1.877000000000000000e+03,9.977231154140834235e+01,4.453722688287151499e+01,3.012962447447429040e-03,-8.655868845660128841e+01,2.053717389175618857e-01,0.000000000000000000e+00,1.207671089317516788e+01,1.000000000000000000e+00
1.878000000000000000e+03,7.216649922971150488e+01,4.520386996316604211e+01,3.501405407702525788e-03,-9.921806009927360037e+01,2.806222447321377045e-01,0.000000000000000000e+00,4.355071782151451742e+00,1.000000000000000000e+00
1.879000000000000000e+03,9.715205867270644546e+01,1.953372839043340292e+01,-3.887811049862807591e-03,1.092328479598207593e+02,1.702463268459684098e-01,0.000000000000000000e+00,8.771328208135546589e+00,1.000000000000000000e+00
1.880000000000000000e+03,1.378829096570322577e+02,9.176708116324755693e+00,-6.718497586773413202e-03,1.825980426510191137e+02,1.008375817761548721e-01,0.000000000000000000e+00,1.211002999552529147e+01,1.000000000000000000e+00
1.880000000000000000e+03,3.943778688100582031e+01,1.665433038789926812e+01,7.611610028528441318e-03,-2.057455608647457836e+02,2.915627376148151040e-01,0.000000000000000000e+00,4.710328122757115210e+00,1.000000000000000000e+00
1.880000000000000000e+03,4.716874644923100846e+01,5.057476940767244145e+01,-9.024849579527753629e-03,2.423736344618756391e+02,4.418816586119744816e-02,0.000000000000000000e+00,8.397506095797721670e+00,1.000000000000000000e+00
1.880000000000000000e+03,3.516389569568931961e+01,1.467416747538159250e+01,-7.161041668502931765e-03,1.940678158993698048e+02,2.949516927857949167e-01,0.000000000000000000e+00,4.710328122757115210e+00,1.000000000000000000e+00
1.880000000000000000e+03,1.420864217485441543e+02,2.053379016186072903e+01,-4.378773315191715476e-02,1.143351431918490107e+03,6.499687522423469588e-03,0.000000000000000000e+00,1.196216152128887167e+01,1.000000000000000000e+00
1.882000000000000000e+03,1.122901843166141163e+02,1.165473500467060042e+01,-8.349316558717793241e-03,2.248652982523332469e+02,5.352565861952884863e-02,0.000000000000000000e+00,1.040410143686740341e+01,1.000000000000000000e+00
1.882000000000000000e+03,1.415063605308014871e+02,3.326646012449380407e+01,-4.835077135617262337e-03,1.337839100076845398e+02,1.313153515816797290e-01,0.000000000000000000e+00,5.061802044549430946e+00,1.000000000000000000e+00
1.882000000000000000e+03,2.456658540084923104e+01,4.069783275750944540e+01,-4.271050553365958284e-03,1.191655764414960714e+02,1.698005125560497763e-01,0.000000000000000000e+00,1.134944462723354341e+01,1.000000000000000000e+00
1.882000000000000000e+03,4.137727606694460292e+01,4.449389945016971382e+01,-8.303762882219987290e-03,2.236846467384397670e+02,7.665920001927828409e-02,0.000000000000000000e+00,8.397506095797721670e+00,1.000000000000000000e+00
1.883000000000000000e+03,1.068000532599229899e+02,4.581336481014189133e+01,-8.271747627518644119e-03,2.228548814629049559e+02,2.541895880998135127e-01,0.000000000000000000e+00,1.818790516897388443e+01,1.000000000000000000e+00
1.883000000000000000e+03,5.555415611773962326e+01,9.137355884622765601e+00,3.601764049381038241e-03,-1.018191362656667849e+02,4.314120263277907430e-01,0.000000000000000000e+00,3.362501187504043365e+00,1.000000000000000000e+00
1.883000000000000000e+03,6.873939879176463208e+00,1.993162235811458771e+01,-8.328914167666432583e-03,2.243365129657495061e+02,8.190064782280492839e-02,0.000000000000000000e+00,2.728122431100742418e+01,1.000000000000000000e+00
1.884000000000000000e+03,6.982614697865879805e+01,4.124151940209191025e+01,-1.458588335632156861e-02,3.865034490488635015e+02,2.815394825061512396e-02,0.000000000000000000e+00,6.134249665346151126e+00,1.000000000000000000e+00
1.884000000000000000e+03,3.933873925787863612e+01,3.001572428730883146e+01,-2.590740729215556051e-02,6.799325507607193231e+02,9.777585196859339689e-03,0.000000000000000000e+00,1.336176101293636442e+01,1.000000000000000000e+00
1.884000000000000000e+03,8.751177637556814659e+01,3.948091294893720971e+01,-4.137626766161225760e-03,1.157075241290717145e+02,1.917920848690908286e-01,0.000000000000000000e+00,1.166493605686468804e+01,1.000000000000000000e+00
1.885000000000000000e+03,1.208395576697390510e+02,3.425083003776856572e+01,7.339496731309140889e-03,-1.986929802387234929e+02,8.001822263618463271e-02,0.000000000000000000e+00,1.369761588855532963e+01,1.000000000000000000e+00
1.885000000000000000e+03,5.606663504483955052e+01,4.951143197379844452e+01,7.865209593868525279e-03,-2.123183061130007729e+02,6.309470295330854572e-02,0.000000000000000000e+00,4.227459715558427256e+00,1.000000000000000000e+00
1.886000000000000000e+03,1.022441185623652018e+02,2.560691460546112808e+01,3.441675676061712631e-03,-9.766999628735331385e+01,2.290442795789329189e-01,0.000000000000000000e+00,1.386771140347052977e+01,1.000000000000000000e+00
1.887000000000000000e+03,8.181867906220996645e+01,5.095830968225452118e+00,-5.633785725316914350e-02,1.468623158787953344e+03,1.327023021629469834e-02,0.000000000000000000e+00,1.453637111254137970e+01,1.000000000000000000e+00
1.887000000000000000e+03,1.155278705474209460e+02,2.162503655993108609e+01,-8.906024949198846491e-03,2.392939603176292565e+02,1.993084933406726877e-01,0.000000000000000000e+00,1.048282048076689144e+01,1.000000000000000000e+00
1.888000000000000000e+03,4.967765165846833497e+01,2.081505776565032306e+01,-8.905833168629603488e-03,2.392889897853513048e+02,2.186586707519559969e-01,0.000000000000000000e+00,5.078601274335428961e+00,1.000000000000000000e+00
1.889000000000000000e+03,6.042797475566177212e+01,2.500653811127717319e+01,-5.542068713629066251e-03,1.521075831129668359e+02,3.605447140272064477e-01,0.000000000000000000e+00,3.704605374334423384e+00,1.000000000000000000e+00
1.889000000000000000e+03,7.595856173232978392e+01,4.109149191875042106e+01,-6.426036020643306063e-03,1.750180794657468937e+02,7.102962013080715842e-02,0.000000000000000000e+00,6.134249665346151126e+00,1.000000000000000000e+00
1.889000000000000000e+03,1.387892655525465386e+02,2.144143182602300257e+01,3.455082586777845008e-03,-9.801747404657211860e+01,2.113002965295182056e-01,0.000000000000000000e+00,8.634692516313032584e+00,1.000000000000000000e+00
1.889000000000000000e+03,1.374150156300495382e+02,4.531339730556585010e+01,3.847520877220983026e-03,-1.081886149366773822e+02,3.868278701667000608e-01,0.000000000000000000e+00,5.407404335222829594e+00,1.000000000000000000e+00
1.889000000000000000e+03,5.200514004329601647e+01,5.068432327272866900e+01,-4.705915554820439342e-03,1.304363247494016207e+02,1.320791019340825656e-01,0.000000000000000000e+00,4.227459715558427256e+00,1.000000000000000000e+00
1.890000000000000000e+03,5.410366482910062302e+01,3.158398329239867053e+01,-3.163520729246961649e-02,8.283845805760423673e+02,7.438331820640464720e-03,0.000000000000000000e+00,9.124674304207152531e+00,1.000000000000000000e+00
1.890000000000000000e+03,4.405068865720743787e+01,2.576865910139262539e+01,-6.385490364963824529e-03,1.739672248818783657e+02,2.671104548769858145e-01,0.000000000000000000e+00,4.966218322170650623e+00,1.000000000000000000e+00
1.890000000000000000e+03,3.169234644693715808e+01,3.422682874628835492e+01,4.902065046267025522e-03,-1.355200899211765773e+02,2.472467139053975416e-01,0.000000000000000000e+00,8.776762271032701790e+00,1.000000000000000000e+00
1.890000000000000000e+03,9.669356827176655145e+01,3.874800526069799389e+01,2.219597747482702273e-03,-6.599641322228256968e+01,4.655566799427651725e-01,0.000000000000000000e+00,1.426523298574609377e+01,1.000000000000000000e+00
1.891000000000000000e+03,1.102032156791186708e+02,5.765039160390168504e+00,-7.399635763221239573e-03,2.002516522171427766e+02,9.320839088398380490e-02,0.000000000000000000e+00,1.528442923566270650e+01,1.000000000000000000e+00
1.891000000000000000e+03,1.370416184245811166e+02,1.298544907016390049e+01,-4.161575586281856219e-03,1.163282250890205063e+02,3.279220857606595096e-01,0.000000000000000000e+00,7.602171401220723546e+00,1.000000000000000000e+00
1.891000000000000000e+03,1.834958637857444330e+01,2.470825020819805573e+01,3.184212062421315145e-03,-9.099710337097887702e+01,3.819992999673520462e-01,0.000000000000000000e+00,6.270488806384628688e+00,1.000000000000000000e+00
1.891000000000000000e+03,1.055530702413907562e+01,2.760001925256511512e+01,2.906126020407662734e-03,-8.378972228260771260e+01,2.621286952672627901e-01,0.000000000000000000e+00,8.313430029833472901e+00,1.000000000000000000e+00
1.891000000000000000e+03,2.774319152613848516e+01,2.638873386463792059e+01,2.190784081966287364e-03,-6.524962612564912945e+01,4.510144701790032018e-01,0.000000000000000000e+00,7.599898283990943249e+00,1.000000000000000000e+00
1.891000000000000000e+03,1.391921543802823464e+02,4.020636298934986996e+01,-3.562994681092605809e-03,1.008143191601882478e+02,3.409618069660137474e-01,0.000000000000000000e+00,5.407404335222829594e+00,1.000000000000000000e+00
1.892000000000000000e+03,2.297300831231132534e+01,2.047233242173953727e+01,4.783044167792427706e-03,-1.324353294548564861e+02,1.788659969007984074e-01,0.000000000000000000e+00,6.270488806384628688e+00,1.000000000000000000e+00
1.892000000000000000e+03,2.566689753075119995e+01,1.227643176063702590e+01,-4.226047548476916799e-03,1.179991971295087865e+02,1.556993344901107523e-01,0.000000000000000000e+00,8.627272266938557976e+00,1.000000000000000000e+00
1.892000000000000000e+03,6.292157681163883609e+01,2.226682101530276370e+01,2.309296494065716035e-03,-6.832120825727132285e+01,3.948849344721145904e-01,0.000000000000000000e+00,3.704605374334423384e+00,1.000000000000000000e+00
1.892000000000000000e+03,8.577432389878847374e+00,4.178536385886184235e+01,-7.494187847518706501e-03,2.027022351349225744e+02,1.248790020453630634e-01,0.000000000000000000e+00,7.775546841470442949e+00,1.000000000000000000e+00
1.894000000000000000e+03,1.328475442079556501e+02,2.780800000281431394e+01,-4.293325609916081795e-03,1.197428971159148006e+02,2.835057926344130008e-01,0.000000000000000000e+00,7.070892462545662838e+00,1.000000000000000000e+00
1.894000000000000000e+03,9.528420296078943252e+00,4.950253631295162648e+01,5.091586228635027953e-03,-1.404320638403056023e+02,2.287527775916828876e-01,0.000000000000000000e+00,7.775546841470442949e+00,1.000000000000000000e+00
1.895000000000000000e+03,1.141712855091717955e+02,2.052539819680263022e+01,8.306404687917903068e-03,-2.237531165555094788e+02,6.101541986587910582e-02,0.000000000000000000e+00,7.649743564310188759e+00,1.000000000000000000e+00
1.895000000000000000e+03,4.113904613403884980e+01,2.979179994415962085e+01,-4.525213258298895445e-03,1.257529170344949137e+02,1.583954481159579597e-01,0.000000000000000000e+00,4.966218322170650623e+00,1.000000000000000000e+00
1.895000000000000000e+03,1.412326651210044588e+02,5.114735603364935912e+01,-3.808912425756329732e-03,1.071879684427984074e+02,2.160410303861627357e-01,0.000000000000000000e+00,1.112964567622941559e+01,1.000000000000000000e+00
1.895000000000000000e+03,3.566189014267730784e+01,1.217466414894835580e+01,3.540633438227981742e-03,-1.002347647252804563e+02,2.455605114122820787e-01,0.000000000000000000e+00,5.644071245711372420e+00,1.000000000000000000e+00
1.895000000000000000e+03,9.211543443249523477e+01,1.590710525022795352e+01,-7.471782705585164677e-03,2.021215429323050614e+02,3.665894550620485415e-02,0.000000000000000000e+00,1.390360197173337120e+01,1.000000000000000000e+00
1.896000000000000000e+03,1.262740774826976775e+02,2.520280223127924302e+01,-7.083643466765021310e-03,1.920618240436103861e+02,7.073893254162733069e-02,0.000000000000000000e+00,7.070892462545662838e+00,1.000000000000000000e+00
1.896000000000000000e+03,5.022255390128058394e+01,4.526585153711737064e+01,-7.453357605083142309e-03,2.016440046856961601e+02,2.983818723815786500e-01,0.000000000000000000e+00,6.182661240162064864e+00,1.000000000000000000e+00
1.896000000000000000e+03,7.644525550353877463e+01,3.858370111478849651e+01,3.630451998297201666e-03,-1.025626650633918047e+02,1.578089567924590986e-01,0.000000000000000000e+00,2.119269830726474524e+01,1.000000000000000000e+00
1.897000000000000000e+03,1.262783418392634758e+02,3.723487166659575109e+01,-3.879190467116062219e-02,1.013870500577164535e+03,8.890293652070502262e-03,0.000000000000000000e+00,9.193446479654856063e+00,1.000000000000000000e+00
1.897000000000000000e+03,4.694311206919157797e+01,5.050708815461013756e+01,6.941344099483470406e-03,-1.883737361366960386e+02,2.994165039036601472e-01,0.000000000000000000e+00,6.182661240162064864e+00,1.000000000000000000e+00
1.897000000000000000e+03,1.501686840006818713e+01,2.142719195378403185e+01,-2.866089864744472693e-03,8.275207282315086843e+01,3.245590978886917499e-01,0.000000000000000000e+00,7.377795968600664445e+00,1.000000000000000000e+00
1.897000000000000000e+03,9.542826466710041089e+00,2.637357833842250088e+01,3.342485423593797699e-03,-9.509920221005505425e+01,3.047475813703153236e-01,0.000000000000000000e+00,7.377795968600664445e+00,1.000000000000000000e+00
1.898000000000000000e+03,5.479943861811494799e+01,2.398582265201934760e+01,-4.615138052831879029e-03,1.280835707372106640e+02,2.024008790668655466e-01,0.000000000000000000e+00,6.821786778315906297e+00,1.000000000000000000e+00
1.898000000000000000e+03,1.287871116054270715e+02,4.866013496110362269e+01,-5.574805052736858668e-03,1.529560373168510523e+02,1.743209802519630758e-01,0.000000000000000000e+00,6.574729091188482144e+00,1.000000000000000000e+00
1.898000000000000000e+03,7.836358691313226643e+01,1.385848679073417777e+01,3.143920517034918486e-03,-8.995283476930305255e+01,3.624984442681840058e-01,0.000000000000000000e+00,1.003479318746121862e+01,1.000000000000000000e+00
1.898000000000000000e+03,1.077112447318611146e+02,2.462252520913558484e+01,-6.442626248850925885e-03,1.754480618415954893e+02,1.410878403731358199e-01,0.000000000000000000e+00,5.505313226343711008e+00,1.000000000000000000e+00
1.898000000000000000e+03,3.822200191368120414e+01,4.776167241047824774e+01,-7.672311193729003560e-03,2.073188021067033446e+02,1.793161958065920825e-01,0.000000000000000000e+00,4.430617119106448065e+00,1.000000000000000000e+00
1.899000000000000000e+03,3.654218742835843159e+01,1.774966342388000129e+01,-6.237868948098133567e-03,1.701412011071787731e+02,1.018632746402001743e-01,0.000000000000000000e+00,5.644071245711372420e+00,1.000000000000000000e+00
1.900000000000000000e+03,7.013054515124214561e+01,8.121405855093536630e+00,4.132755959248994582e-03,-1.155812834829388862e+02,1.268350638915953787e-01,0.000000000000000000e+00,1.003479318746121862e+01,1.000000000000000000e+00
1.900000000000000000e+03,9.745864718674222615e+01,3.423340761294495138e+01,-1.062204454872509203e-02,2.837694295621177503e+02,9.994268925763549749e-02,0.000000000000000000e+00,1.171422097560506437e+01,1.000000000000000000e+00
1.901000000000000000e+03,6.424737733275084395e+01,2.112347289327845345e+01,-1.317088152060228584e-02,3.498297008919064979e+02,2.638432812972897334e-01,0.000000000000000000e+00,3.142682246111927480e+00,1.000000000000000000e+00
1.901000000000000000e+03,6.111823834919560738e+01,2.141491915182711026e+01,1.310361326927028496e-02,-3.480862551619900955e+02,2.656294446901626971e-01,0.000000000000000000e+00,3.142682246111927480e+00,1.000000000000000000e+00
1.901000000000000000e+03,1.962540464693362807e+01,3.781821990428227309e+01,-3.854059168649471515e-03,1.083580731290077495e+02,2.197796814530940113e-01,0.000000000000000000e+00,1.525248187447951054e+01,1.000000000000000000e+00
1.901000000000000000e+03,1.379019909072722498e+02,4.310968871303256833e+01,2.376528760092108325e-03,-7.006372132688871091e+01,4.335314937389798118e-01,0.000000000000000000e+00,1.021408267466738096e+01,1.000000000000000000e+00
1.901000000000000000e+03,3.705094998492130287e+01,5.238869775207309942e+01,5.187473845218902417e-03,-1.429172608295945395e+02,2.785447797683640037e-01,0.000000000000000000e+00,4.772915894043518570e+00,1.000000000000000000e+00
1.902000000000000000e+03,1.228784717478965831e+02,4.577655426056441001e+01,-4.951930984944070968e-03,1.368125058251620203e+02,2.152545497079562109e-01,0.000000000000000000e+00,6.574729091188482144e+00,1.000000000000000000e+00
1.902000000000000000e+03,1.246616111072971478e+02,1.207437225787212220e+01,3.682951853758057153e-03,-1.039233463210732538e+02,2.139342399708662468e-01,0.000000000000000000e+00,1.578437475418735225e+01,1.000000000000000000e+00
1.902000000000000000e+03,4.237199450565967140e+01,4.620992193355131405e+01,-8.189832757735840407e-03,2.207318274647471412e+02,7.350494620151493130e-02,0.000000000000000000e+00,4.430617119106448065e+00,1.000000000000000000e+00
1.902000000000000000e+03,8.170755095688895153e+01,5.147117363087841824e+01,-7.380467577910005371e-03,1.997548548399346089e+02,1.593705735024046888e-01,0.000000000000000000e+00,5.448705215285892578e+00,1.000000000000000000e+00
1.903000000000000000e+03,1.112648315102156431e+02,5.180209124627895534e+01,-3.127285621680466615e-02,8.189932343898489080e+02,1.623205836900487586e-02,0.000000000000000000e+00,1.308372024832752700e+01,1.000000000000000000e+00
1.903000000000000000e+03,1.127728781914772469e+02,2.245726761691949491e+01,3.390424364669709315e-03,-9.634167455712129424e+01,1.940264076824120831e-01,0.000000000000000000e+00,5.505313226343711008e+00,1.000000000000000000e+00
1.904000000000000000e+03,6.465476934459181280e+01,2.647273315357458046e+01,-6.926219849318084563e-03,1.879817487006187946e+02,4.522278860352841878e-01,0.000000000000000000e+00,4.658733759141575170e+00,1.000000000000000000e+00
1.904000000000000000e+03,1.071320414912985086e+02,2.762671284976088515e+01,1.830257729734615464e-03,-5.590557277396590052e+01,4.848798599268299148e-01,0.000000000000000000e+00,7.651287649371831812e+00,1.000000000000000000e+00
1.905000000000000000e+03,7.641145008627383106e+01,3.204512097078573873e+01,-7.952906732623832298e-02,2.069688525775613016e+03,8.260512354478333208e-03,0.000000000000000000e+00,1.122331432427646369e+01,1.000000000000000000e+00
1.905000000000000000e+03,1.325894601399129442e+02,2.804754183546775081e+01,4.592752195621068248e-03,-1.275033783523650612e+02,1.143951677055217164e-01,0.000000000000000000e+00,7.847605152537624917e+00,1.000000000000000000e+00
1.906000000000000000e+03,3.891956490837865346e+01,1.247135259063481350e+01,3.391079808214588539e-03,-9.635866221811876642e+01,2.415868196387541689e-01,0.000000000000000000e+00,1.372311407141572381e+01,1.000000000000000000e+00
1.907000000000000000e+03,8.538398404475769610e+01,4.744970272168268366e+01,-3.431200909630321722e-03,9.739851328541607245e+01,3.205381490755500051e-01,0.000000000000000000e+00,5.448705215285892578e+00,1.000000000000000000e+00
1.908000000000000000e+03,1.047933413245124541e+02,1.331711800488202257e+01,9.195584448974740768e-03,-2.467987082996963863e+02,2.444180797497002011e-01,0.000000000000000000e+00,4.752047168129223564e+00,1.000000000000000000e+00
1.908000000000000000e+03,4.598751533450273854e+01,2.774479308251873988e+01,-8.300368269993139633e-03,2.235966658250901844e+02,9.480121318780809769e-02,0.000000000000000000e+00,1.259406295039927492e+01,1.000000000000000000e+00
1.908000000000000000e+03,6.617586292484334365e+01,2.206931691630118664e+01,-6.310891317858728818e-03,1.720337809829235880e+02,1.585891213383373577e-01,0.000000000000000000e+00,4.658733759141575170e+00,1.000000000000000000e+00
1.908000000000000000e+03,2.601008218367077163e+01,5.036304320862069517e+01,3.839694001489875764e-03,-1.079857594617425747e+02,3.761075554924736553e-01,0.000000000000000000e+00,4.036439167469569433e+00,1.000000000000000000e+00
1.909000000000000000e+03,1.250320104956433056e+02,3.016174653333023414e+01,-9.304797948446070013e-03,2.496292829843684444e+02,8.149399694166525876e-02,0.000000000000000000e+00,7.847605152537624917e+00,1.000000000000000000e+00
1.909000000000000000e+03,6.436404680286160840e+01,5.307956598549998972e+01,-1.881491738673300371e-02,4.961107478264449355e+02,3.185125664127885781e-02,0.000000000000000000e+00,1.311347749053185474e+01,1.000000000000000000e+00
1.909000000000000000e+03,5.505498037757568142e+01,4.992824109633120955e+00,-4.043698368787423947e-02,1.056507345303646389e+03,1.489037553440453188e-02,0.000000000000000000e+00,8.142147695885070036e+00,1.000000000000000000e+00
1.909000000000000000e+03,6.992240657119795344e+01,4.120236393365185279e+01,1.447964666735036647e-02,-3.837500267719387921e+02,4.391554925208751570e-02,0.000000000000000000e+00,1.122331432427646369e+01,1.000000000000000000e+00
1.911000000000000000e+03,6.360277532400679235e+01,7.438001139076405366e+00,-4.892080761783726417e-03,1.352613191369805179e+02,1.665963697046354275e-01,0.000000000000000000e+00,8.890651784405365632e+00,1.000000000000000000e+00
1.911000000000000000e+03,2.298246662352202208e+01,3.440107348044359981e+01,-7.040862708727700821e-03,1.909530405024025583e+02,8.890175291322988116e-02,0.000000000000000000e+00,9.302253852785730359e+00,1.000000000000000000e+00
1.911000000000000000e+03,2.907736715005388817e+01,5.298689611754728901e+01,-9.719818365785636016e-03,2.603857031396606772e+02,7.149946642709037459e-02,0.000000000000000000e+00,4.036439167469569433e+00,1.000000000000000000e+00
1.911000000000000000e+03,1.108665430629056061e+02,6.852682005020512612e+00,-3.150912077350405405e-02,8.251166941847997123e+02,7.530036870062495336e-02,0.000000000000000000e+00,3.902721641625078952e+00,1.000000000000000000e+00
1.911000000000000000e+03,1.263038676642544971e+02,3.829675006327527598e+01,-4.786718649670854142e-03,1.325305639765475689e+02,1.525579117324854517e-01,0.000000000000000000e+00,8.233826758534938506e+00,1.000000000000000000e+00
1.912000000000000000e+03,1.025562462335343525e+02,1.850594082827154807e+01,5.623770666398793076e-03,-1.542251187685198488e+02,2.311377445302169598e-01,0.000000000000000000e+00,3.679902927105151544e+00,1.000000000000000000e+00
1.912000000000000000e+03,4.368726697067655351e+01,1.536257684053141759e+01,-3.137422333175731316e-03,8.978441607731718932e+01,3.587371354980104510e-01,0.000000000000000000e+00,6.749757041081674735e+00,1.000000000000000000e+00
1.913000000000000000e+03,1.005367125159979764e+02,1.542971438721575872e+01,-5.150897890763684803e-03,1.419692922062117191e+02,2.443949401266030108e-01,0.000000000000000000e+00,3.679902927105151544e+00,1.000000000000000000e+00
1.913000000000000000e+03,2.909041635928058511e+01,4.194453494594205267e+01,-2.079160145889237359e-03,6.235657820398542839e+01,4.168260489454773676e-01,0.000000000000000000e+00,8.213375930273937087e+00,1.000000000000000000e+00
1.914000000000000000e+03,4.599004128233199395e+01,2.170737396756483051e+01,-1.445888303327309138e-02,3.832118788573912980e+02,3.450952040590038461e-02,0.000000000000000000e+00,6.749757041081674735e+00,1.000000000000000000e+00
1.914000000000000000e+03,6.481920653920940367e+01,2.598495791651902209e+01,8.494343245693935368e-03,-2.286240723118010010e+02,1.223772705933163785e-01,0.000000000000000000e+00,1.139905994160722891e+01,1.000000000000000000e+00
1.915000000000000000e+03,8.874426024221112641e+01,4.077264437528420160e+01,3.399758113873313243e-03,-9.658358489180236006e+01,2.695921843533859441e-01,0.000000000000000000e+00,1.517205372055466484e+01,1.000000000000000000e+00
1.915000000000000000e+03,7.642687194496369329e+01,3.191413662091447279e+01,8.350613995374094045e-02,-2.172765536886921382e+03,2.024265828136395662e-02,0.000000000000000000e+00,1.050336109070341095e+01,1.000000000000000000e+00
1.915000000000000000e+03,1.444838011715689419e+01,3.810259941491219848e+01,-2.735125891897726216e-02,7.173540223103693734e+02,6.954095823858086334e-03,0.000000000000000000e+00,8.661216442382336567e+00,1.000000000000000000e+00
1.915000000000000000e+03,5.113177297267741039e+01,4.525584413329908529e+01,-8.297536681392521721e-03,2.235232772508835808e+02,4.222270464016619762e-02,0.000000000000000000e+00,1.490180023196863246e+01,1.000000000000000000e+00
1.915000000000000000e+03,1.062854352980932191e+02,4.872378927202805698e+01,-7.968121465829402714e-03,2.149855564157084871e+02,5.083646999723834270e-02,0.000000000000000000e+00,1.925911543945141702e+01,1.000000000000000000e+00
1.916000000000000000e+03,1.348166468381935772e+02,3.903216086445381450e+01,-6.548294310950105585e-03,1.781867465555196191e+02,1.606398190457164477e-01,0.000000000000000000e+00,8.544485842386363217e+00,1.000000000000000000e+00
1.917000000000000000e+03,6.848501928924609672e+01,4.949023664166553260e+01,-8.812476815211127412e-02,2.292470263129592240e+03,9.421262999018353845e-03,0.000000000000000000e+00,1.243593530584356621e+01,1.000000000000000000e+00
1.918000000000000000e+03,4.378582551137211709e+01,9.688060440953503161e+00,-3.703453846961733686e-02,9.683234179741338039e+02,9.514671265092644603e-03,0.000000000000000000e+00,7.697716297882434056e+00,1.000000000000000000e+00
1.918000000000000000e+03,5.305893372379606632e+01,2.385825179172322308e+01,6.017414949408961614e-03,-1.644275163443522558e+02,1.737753120267279128e-01,0.000000000000000000e+00,7.388877841962488091e+00,1.000000000000000000e+00
1.918000000000000000e+03,1.687113322741965860e+01,2.526542877888906702e+01,1.635119377169096935e-03,-5.084801410718615244e+01,3.863796790253991587e-01,0.000000000000000000e+00,1.306379280958108424e+01,1.000000000000000000e+00
1.918000000000000000e+03,3.624729953278453110e+01,4.597424553267397584e+01,4.656890529987556780e-03,-1.291657034903163037e+02,1.820658184016723524e-01,0.000000000000000000e+00,4.033032843558598479e+00,1.000000000000000000e+00
1.919000000000000000e+03,1.050085149404237512e+02,1.686460158243031415e+01,-3.270697953275386594e-02,8.561625694306094374e+02,3.272009011675258705e-02,0.000000000000000000e+00,3.642026323480378025e+00,1.000000000000000000e+00
1.919000000000000000e+03,1.219485111533513901e+02,2.623956474869896383e+01,-7.930958182962744019e-03,2.140223655263872899e+02,8.938069596134945449e-02,0.000000000000000000e+00,8.066068355657359135e+00,1.000000000000000000e+00
1.919000000000000000e+03,3.214605525402048869e+01,3.680616924729102379e+01,-8.032868808606723546e-03,2.166636657176943572e+02,1.540287997619029792e-01,0.000000000000000000e+00,5.524246287674414724e+00,1.000000000000000000e+00
1.919000000000000000e+03,6.729924393539117489e+01,3.711096268309604085e+01,-4.373481724107798618e-02,1.141979967416732052e+03,1.245807972728518731e-02,0.000000000000000000e+00,9.713063043198527424e+00,1.000000000000000000e+00
1.919000000000000000e+03,6.899575359381219641e+01,7.908784853605349774e+00,3.281195174359623733e-03,-9.351069320027794163e+01,1.975815044500378592e-01,0.000000000000000000e+00,6.444405278940906534e+00,1.000000000000000000e+00
1.919000000000000000e+03,1.360167055810107684e+02,2.917212187057058870e+01,-3.886015824068229929e-03,1.091863196394940587e+02,2.842740472312139666e-01,0.000000000000000000e+00,8.963919123502531505e+00,1.000000000000000000e+00
1.920000000000000000e+03,2.863723792038860694e+01,7.503669720997305781e+00,4.346246178664013929e-03,-1.211144823404654431e+02,2.422141099427670419e-01,0.000000000000000000e+00,1.530526931547205116e+01,1.000000000000000000e+00
1.920000000000000000e+03,2.093487958339359878e+01,4.384211114817880883e+01,3.861052716347781674e-03,-1.085393305666570285e+02,2.816754380682939818e-01,0.000000000000000000e+00,8.661216442382336567e+00,1.000000000000000000e+00
1.920000000000000000e+03,3.759319057730323976e+01,3.588637915344902751e+01,-7.166398468224683023e-03,1.942066524146050597e+02,2.144256884541957398e-01,0.000000000000000000e+00,5.524246287674414724e+00,1.000000000000000000e+00
1.921000000000000000e+03,7.535424643366430075e+01,8.957559474194036753e+00,2.542445083234023788e-03,-7.436390899904239404e+01,4.245839844191521273e-01,0.000000000000000000e+00,6.444405278940906534e+00,1.000000000000000000e+00
1.921000000000000000e+03,6.604413103045129674e+01,2.589509313353637054e+01,2.911544947130009688e-03,-8.393016899361522576e+01,4.440140179531408826e-01,0.000000000000000000e+00,6.298053579040635341e+00,1.000000000000000000e+00
1.921000000000000000e+03,1.203846855282409081e+02,3.415258617748233405e+01,2.864733764697625484e-03,-8.271692568034279702e+01,3.667794983808944087e-01,0.000000000000000000e+00,7.874837446660504447e+00,1.000000000000000000e+00
1.921000000000000000e+03,1.116153072326258098e+02,4.092179841097488691e+01,-5.176542336324228138e-03,1.426339400634592494e+02,9.732307536257389646e-02,0.000000000000000000e+00,1.107809685612426875e+01,1.000000000000000000e+00
1.922000000000000000e+03,7.330708469157693230e+01,1.517297233161665737e+01,3.441835545213588980e-03,-9.767413974559200085e+01,1.874626791972456852e-01,0.000000000000000000e+00,6.543869511724742516e+00,1.000000000000000000e+00
1.922000000000000000e+03,4.898817336132977118e+01,3.079453780348715952e+01,-8.597273437379867461e-03,2.312917974216545360e+02,5.693223806515879115e-02,0.000000000000000000e+00,8.042583761803092202e+00,1.000000000000000000e+00
1.922000000000000000e+03,1.350680047151952010e+02,3.900123763191873394e+01,7.553688790531839885e-03,-2.042443692467527967e+02,1.197702505115538774e-01,0.000000000000000000e+00,9.874793667858673629e+00,1.000000000000000000e+00
1.922000000000000000e+03,4.822483414441335015e+01,1.597694257997234857e+01,-3.636174557677958764e-03,1.027109812678272647e+02,3.394748001936652715e-01,0.000000000000000000e+00,7.697716297882434056e+00,1.000000000000000000e+00
1.923000000000000000e+03,6.453001549851258289e+01,4.642090186364561077e+01,-7.940121419507619252e-03,2.142598565464456044e+02,1.824950735061432461e-01,0.000000000000000000e+00,4.428413148853573844e+00,1.000000000000000000e+00
1.924000000000000000e+03,5.688780001267839026e+01,6.245153863118459547e+00,-5.804574910465856198e-03,1.589111687405001874e+02,2.629480584244597852e-01,0.000000000000000000e+00,7.261447296201955837e+00,1.000000000000000000e+00
1.924000000000000000e+03,1.075168033438344679e+02,5.173397465837255282e+01,-4.204957391525725521e-03,1.174525864572862162e+02,1.360828035435913685e-01,0.000000000000000000e+00,1.156291007191649811e+01,1.000000000000000000e+00
1.924000000000000000e+03,5.979114471794003549e+01,2.664718425834331228e+01,3.855845118998108348e-03,-1.084043610500926462e+02,2.142477975392386158e-01,0.000000000000000000e+00,6.298053579040635341e+00,1.000000000000000000e+00
1.924000000000000000e+03,7.806796097633649367e+01,3.095771006777408374e+01,-2.939230647153432546e-03,8.464772169536981039e+01,3.686447150386134020e-01,0.000000000000000000e+00,1.240273294302157403e+01,1.000000000000000000e+00
1.925000000000000000e+03,6.405018539802428279e+01,7.440500016875715161e+00,4.236376511360916315e-03,-1.182669012228662240e+02,2.061662367561299947e-01,0.000000000000000000e+00,7.261447296201955837e+00,1.000000000000000000e+00
1.925000000000000000e+03,1.269769933679746714e+02,8.655466897688892658e+00,1.297526103963991470e-02,-3.447596465131360333e+02,3.563855211479360907e-02,0.000000000000000000e+00,1.348450312232099257e+01,1.000000000000000000e+00
1.925000000000000000e+03,7.204697564071346960e+01,4.251669918573182372e+01,-3.749025043269278365e-03,1.056358186662625798e+02,3.576039930393235533e-01,0.000000000000000000e+00,8.470388912539137394e+00,1.000000000000000000e+00
1.926000000000000000e+03,1.219175164406147900e+02,2.642837138208742687e+01,8.250503375124099495e-03,-2.223042769743218514e+02,1.801568018455383946e-01,0.000000000000000000e+00,6.110625130388338988e+00,1.000000000000000000e+00
1.926000000000000000e+03,1.381060665576158613e+02,5.310534449785250644e+01,-4.505452295405542977e-03,1.252407561607802933e+02,2.012533749437148689e-01,0.000000000000000000e+00,1.442760029402161592e+01,1.000000000000000000e+00
1.926000000000000000e+03,3.600538140752876615e+01,1.488990661187323639e+01,-3.895984595050099811e-03,1.094446883477138783e+02,1.500343932976702099e-01,0.000000000000000000e+00,9.810989116723565218e+00,1.000000000000000000e+00
1.928000000000000000e+03,8.261043799627928763e+01,4.823814631172941070e+00,-1.452045567941586367e-02,3.848077069764760836e+02,4.322792813250864175e-02,0.000000000000000000e+00,8.376096161759562619e+00,1.000000000000000000e+00
1.928000000000000000e+03,1.263641899429816675e+02,2.223709064137322500e+01,7.733416831104317213e-03,-2.089025263814732796e+02,2.036177842984927544e-01,0.000000000000000000e+00,6.110625130388338988e+00,1.000000000000000000e+00
1.928000000000000000e+03,9.114911757017306826e+00,2.439848642274066748e+01,-2.885824476905034935e-02,7.564117946372755341e+02,1.406031184316469673e-02,0.000000000000000000e+00,8.834921950527299117e+00,1.000000000000000000e+00
1.928000000000000000e+03,1.228442428963959365e+01,3.264530618416745256e+01,-1.285385342699170257e-02,3.416130271249465977e+02,8.669730782613427333e-02,0.000000000000000000e+00,8.834921950527299117e+00,1.000000000000000000e+00
1.928000000000000000e+03,2.970599376270392966e+01,2.241142392879117651e+01,4.202397157382727587e-03,-1.173862307962453713e+02,2.306677673615352697e-01,0.000000000000000000e+00,9.674188616538499375e+00,1.000000000000000000e+00
1.929000000000000000e+03,9.097444686749477682e+01,5.273639611884194167e+00,-7.781629751933547522e-03,2.101520996836193547e+02,9.292069507899192171e-02,0.000000000000000000e+00,8.376096161759562619e+00,1.000000000000000000e+00
1.929000000000000000e+03,9.999629968768135768e+01,1.388944073495656895e+01,-5.879513508341431723e-03,1.608534130516726179e+02,9.463097631329497883e-02,0.000000000000000000e+00,1.162588227412184061e+01,1.000000000000000000e+00
1.929000000000000000e+03,6.258585716207450389e+01,1.950917735461572278e+01,2.277462240481825488e-03,-6.749613413423540464e+01,3.984573022946140686e-01,0.000000000000000000e+00,7.665608925784225036e+00,1.000000000000000000e+00
1.930000000000000000e+03,7.140193406848095492e+01,1.290546982209175653e+01,-6.670941566269877887e-03,1.813654947664383030e+02,9.070547545372209530e-02,0.000000000000000000e+00,8.931082051849106307e+00,1.000000000000000000e+00
1.930000000000000000e+03,1.079615433428930942e+02,2.235797261272910319e+01,4.032920727501941235e-03,-1.129937729554902006e+02,1.535333524087825197e-01,0.000000000000000000e+00,9.566956150377881940e+00,1.000000000000000000e+00
1.930000000000000000e+03,6.845297436303330585e+01,2.888241368989699964e+01,-5.599906745627451256e-03,1.536066182137408020e+02,2.513391688071153762e-01,0.000000000000000000e+00,4.100434035416853362e+00,1.000000000000000000e+00
1.930000000000000000e+03,8.524005861824198860e+01,3.025613866887285042e+01,-3.917821663292342209e-03,1.100106573245634394e+02,2.119030409405830984e-01,0.000000000000000000e+00,1.029337171513728144e+01,1.000000000000000000e+00
1.930000000000000000e+03,7.170153025406963820e+01,3.138450159834827602e+01,4.954346157933551750e-03,-1.368751018188461614e+02,3.426825033422725708e-01,0.000000000000000000e+00,4.100434035416853362e+00,1.000000000000000000e+00
1.930000000000000000e+03,1.059522353379169743e+02,3.171154579758162129e+01,3.553012117251528289e-03,-1.005555929712696894e+02,2.259484617628025882e-01,0.000000000000000000e+00,9.566956150377881940e+00,1.000000000000000000e+00
1.932000000000000000e+03,8.436498048209779199e+01,4.051224609428677326e+01,6.661478434726324574e-03,-1.811202311249052741e+02,1.093730696783649092e-01,0.000000000000000000e+00,6.305852054244120097e+00,1.000000000000000000e+00
1.932000000000000000e+03,2.014755470723432396e+01,2.390345885171905849e+01,-4.245354231443889022e-03,1.184995840625879424e+02,1.894626978390847594e-01,0.000000000000000000e+00,9.674188616538499375e+00,1.000000000000000000e+00
1.932000000000000000e+03,1.402818021431346551e+02,3.205629540678746991e+01,3.320672386356430996e-03,-9.453385606421427667e+01,2.583620578902141585e-01,0.000000000000000000e+00,1.703281279116814417e+01,1.000000000000000000e+00
1.933000000000000000e+03,3.010729624042904362e+01,4.241113777846359767e+01,-6.992838797146767350e-03,1.897083659059658487e+02,6.784149753533419425e-02,0.000000000000000000e+00,6.930506321223816713e+00,1.000000000000000000e+00
1.934000000000000000e+03,8.999679107890068863e+00,1.857504845580284680e+01,3.618475462518616192e-03,-1.022522594894560228e+02,2.808857629107109899e-01,0.000000000000000000e+00,1.235585236743151505e+01,1.000000000000000000e+00
1.934000000000000000e+03,7.170203506671241200e+01,2.183150847357213920e+01,-9.908588612091182718e-03,2.652782144409038096e+02,8.577042389309785797e-02,0.000000000000000000e+00,5.700568068341326899e+00,1.000000000000000000e+00
1.934000000000000000e+03,2.781438214106637474e+01,3.364804215382222452e+01,-6.830374429457290210e-03,1.854976453579642452e+02,8.667189475323189285e-02,0.000000000000000000e+00,9.058106865877929792e+00,1.000000000000000000e+00
1.934000000000000000e+03,9.513064345235960673e+01,3.416185924391468376e+01,3.163323939781671756e-03,-9.045572898557499286e+01,3.023057244848377234e-01,0.000000000000000000e+00,9.398464863300331373e+00,1.000000000000000000e+00
1.934000000000000000e+03,1.075130003908524934e+01,3.573080314468641205e+01,3.924733305498581855e-03,-1.101897919512643114e+02,1.892029775090946497e-01,0.000000000000000000e+00,5.175666721585523433e+00,1.000000000000000000e+00
1.935000000000000000e+03,1.277719965346055062e+02,1.336329695613976831e+01,-7.343831254394931653e-03,1.988053215827529243e+02,6.062724901194038729e-02,0.000000000000000000e+00,1.249409266297846166e+01,1.000000000000000000e+00
1.935000000000000000e+03,9.041462432080767542e+01,4.229145365799999468e+01,-8.507496528094146346e-03,2.289649765806194637e+02,7.493867921684327360e-02,0.000000000000000000e+00,6.305852054244120097e+00,1.000000000000000000e+00
1.935000000000000000e+03,1.187500825714997745e+02,4.752051754003908712e+01,-6.399359706004328907e-02,1.667043165423331857e+03,7.338365589623641050e-03,0.000000000000000000e+00,2.033982500829202067e+01,1.000000000000000000e+00
1.935000000000000000e+03,6.676625510316630141e+01,3.708055013735323513e+01,3.952943369897200972e-03,-1.109209350290544478e+02,1.653098288597175669e-01,0.000000000000000000e+00,7.536704171839603283e+00,1.000000000000000000e+00
1.936000000000000000e+03,5.532001452854847656e+01,7.748900443628399692e+00,-1.109496192894940114e-01,2.884040408978131836e+03,1.117277832366303514e-02,0.000000000000000000e+00,1.899595221383320620e+01,1.000000000000000000e+00
1.936000000000000000e+03,1.125360048075540647e+02,1.116963770362063535e+01,-5.783826426774659607e-03,1.583734134907743965e+02,1.355347941138858037e-01,0.000000000000000000e+00,9.612219466357961650e+00,1.000000000000000000e+00
1.936000000000000000e+03,1.169952049397109448e+02,1.968493554050238359e+01,5.930609179716696266e-03,-1.621777009335851858e+02,2.360788158704166806e-01,0.000000000000000000e+00,4.806270238543775442e+00,1.000000000000000000e+00
1.936000000000000000e+03,7.891140345871703232e+01,2.890137338621570962e+01,-3.890908347189330450e-03,1.093131231221935167e+02,2.674703949264443104e-01,0.000000000000000000e+00,1.009742454760935360e+01,1.000000000000000000e+00
1.936000000000000000e+03,4.455896179011942593e+01,4.296668614046754442e+01,3.281585791560244058e-03,-9.352081714250876132e+01,2.847868675525863091e-01,0.000000000000000000e+00,1.017098937701693728e+01,1.000000000000000000e+00
1.937000000000000000e+03,9.894004882800760470e+01,1.709320463181239091e+01,-6.527203556003498969e-03,1.776401203845657335e+02,6.901154713952795117e-02,0.000000000000000000e+00,1.483032919899394031e+01,1.000000000000000000e+00
1.939000000000000000e+03,6.619944679775082363e+01,2.332080315364021672e+01,-3.242014193078618378e-02,8.487283670776768076e+02,2.911837254802240871e-02,0.000000000000000000e+00,5.700568068341326899e+00,1.000000000000000000e+00
1.939000000000000000e+03,1.139796198049745186e+02,2.342745874030600461e+01,-6.394055198960656161e-03,1.741892066186343868e+02,1.312060945261119826e-01,0.000000000000000000e+00,4.806270238543775442e+00,1.000000000000000000e+00
1.939000000000000000e+03,1.587177410934970645e+01,3.648464086507269144e+01,2.911561428958570064e-03,-8.393059616650965893e+01,2.393875768478948007e-01,0.000000000000000000e+00,5.175666721585523433e+00,1.000000000000000000e+00
1.939000000000000000e+03,2.048738208845787412e+01,9.591757294867754524e+00,3.003748620284633648e-03,-8.631988623854033449e+01,3.481396517786428113e-01,0.000000000000000000e+00,1.046641086181957547e+01,1.000000000000000000e+00
1.939000000000000000e+03,5.205678326436362369e+01,3.281182693887810586e+01,-5.786538698114806339e-03,1.584437096229425208e+02,1.806643840482007324e-01,0.000000000000000000e+00,1.172077956327913562e+01,1.000000000000000000e+00
1.940000000000000000e+03,3.491415316554420656e+01,3.973764735118196967e+01,-3.810859040895743510e-02,9.961604916347678227e+02,1.071678831506495122e-02,0.000000000000000000e+00,1.017098937701693728e+01,1.000000000000000000e+00
1.941000000000000000e+03,1.556150712665212410e+01,1.882655627422133904e+01,-4.004928602607944060e-03,1.122682783922844152e+02,1.686822956960121189e-01,0.000000000000000000e+00,7.248952734012677368e+00,1.000000000000000000e+00
1.942000000000000000e+03,1.402349920785103166e+02,1.648223562440395185e+01,-7.849578456160336351e-03,2.119131812621023130e+02,7.718605461669658663e-02,0.000000000000000000e+00,2.446189915054361563e+01,1.000000000000000000e+00
1.942000000000000000e+03,9.781600158157135638e+01,3.514194957702331834e+01,-4.746401083451085370e-03,1.314856209718668367e+02,1.667659643903103284e-01,0.000000000000000000e+00,9.651215049592957840e+00,1.000000000000000000e+00
1.943000000000000000e+03,1.072149027248130295e+02,3.733434763236363096e+01,-7.962933751919211087e-03,2.148511022343427044e+02,1.576719286522386687e-01,0.000000000000000000e+00,9.651215049592957840e+00,1.000000000000000000e+00
1.943000000000000000e+03,1.141073735928356427e+02,4.873613995985549252e+01,-1.953939244674871012e-02,5.148875544893893448e+02,3.175648296811006688e-02,0.000000000000000000e+00,1.332317615832623758e+01,1.000000000000000000e+00
1.943000000000000000e+03,6.896839930647490746e+01,4.817644392161515299e+01,1.498680179331599895e-02,-3.968943767626360568e+02,2.680468270327167613e-01,0.000000000000000000e+00,1.029626945248983816e+01,1.000000000000000000e+00
1.944000000000000000e+03,5.798923046526100578e+00,2.255153100243442310e+01,-8.474999254615280669e-03,2.281227184341868508e+02,5.523234044515779040e-02,0.000000000000000000e+00,1.044909013490438809e+01,1.000000000000000000e+00
1.944000000000000000e+03,1.168613721328680839e+02,3.038189996238202539e+01,-3.967511762467071205e-03,1.112985158538083112e+02,1.765288102109674462e-01,0.000000000000000000e+00,7.527864849386590507e+00,1.000000000000000000e+00
1.944000000000000000e+03,5.310505536487964662e+01,4.448563519386762977e+01,1.766509471298811267e-03,-5.425335754971433744e+01,3.808863022783526286e-01,0.000000000000000000e+00,1.102329576933107980e+01,1.000000000000000000e+00
1.944000000000000000e+03,1.394003601409956445e+02,5.119657506440128003e+01,2.158364207015190436e-03,-6.440937397952227172e+01,3.665455091303084778e-01,0.000000000000000000e+00,8.600026740571642847e+00,1.000000000000000000e+00
1.945000000000000000e+03,8.630519476392854017e+01,3.371003659342463266e+01,-2.722071137577047537e-02,7.139705159422369434e+02,1.192524237829306610e-02,0.000000000000000000e+00,9.410963230935839974e+00,1.000000000000000000e+00
1.945000000000000000e+03,1.344922466063023023e+02,4.026049007027950921e+01,-7.500388949315388645e-03,2.028629541105778458e+02,7.996265201728602889e-02,0.000000000000000000e+00,4.577572051678693299e+00,1.000000000000000000e+00
1.945000000000000000e+03,4.445136741338408370e+01,3.003964809519233015e+01,-5.252968729587229393e-03,1.446147447722016182e+02,1.223869945784568092e-01,0.000000000000000000e+00,4.971643936031915345e+00,1.000000000000000000e+00
1.946000000000000000e+03,6.939584675066205932e+01,9.018339698974397578e+00,-4.331092390908912806e-03,1.207217293547620329e+02,1.362618159728962164e-01,0.000000000000000000e+00,2.159083376813845234e+01,1.000000000000000000e+00
1.946000000000000000e+03,3.314536524883131108e+01,4.193422617505032690e+01,-2.804389736812692990e-02,7.353056937546879226e+02,1.350552010591576924e-02,0.000000000000000000e+00,1.450914004734777585e+01,1.000000000000000000e+00
1.946000000000000000e+03,9.052616246505994013e+01,4.212131833879684706e+01,8.332247130241495631e-03,-2.244228960551624539e+02,1.591360244378873245e-01,0.000000000000000000e+00,7.702795764337703410e+00,1.000000000000000000e+00
1.946000000000000000e+03,5.994299521921898588e+01,5.313176890591431345e+01,-8.392782932609837987e-03,2.259918514547202051e+02,2.359105208899322514e-01,0.000000000000000000e+00,1.029626945248983816e+01,1.000000000000000000e+00
1.946000000000000000e+03,4.673611344585866334e+01,8.277809836873377236e+00,-4.520264981784571576e-03,1.256246685459655339e+02,3.189804228211283732e-01,0.000000000000000000e+00,1.943352037630480211e+01,1.000000000000000000e+00
1.946000000000000000e+03,2.281045793185244719e+01,1.883184434905598792e+01,3.612680194454553212e-03,-1.021020588352105989e+02,1.635733241356475132e-01,0.000000000000000000e+00,7.248952734012677368e+00,1.000000000000000000e+00
1.947000000000000000e+03,7.502039702017148670e+01,3.964993599263736712e+01,-8.862454598921772064e-03,2.381647122750925689e+02,1.181243027827043601e-01,0.000000000000000000e+00,1.045600371984964738e+01,1.000000000000000000e+00
1.949000000000000000e+03,9.486607916019254105e+01,2.578394170461279344e+01,-7.100019739957402591e-03,1.924862611741118030e+02,8.026666342990884662e-02,0.000000000000000000e+00,8.989640251237668522e+00,1.000000000000000000e+00
1.949000000000000000e+03,1.096290476088914545e+02,3.534699312950089478e+01,2.654164356588277658e-03,-7.725942785410411773e+01,3.496533143512563502e-01,0.000000000000000000e+00,8.772608972152141860e+00,1.000000000000000000e+00
1.950000000000000000e+03,1.192325225520399634e+01,4.814556732269747563e+00,-7.082753863001099194e-03,1.920387674626406636e+02,6.796123981527490976e-02,0.000000000000000000e+00,1.774867881216388454e+01,1.000000000000000000e+00
1.951000000000000000e+03,7.751250683178906797e+01,2.902543673804598257e+01,4.630759730830883575e-03,-1.284884504131676692e+02,2.366173240903660657e-01,0.000000000000000000e+00,8.724248630936457971e+00,1.000000000000000000e+00
1.951000000000000000e+03,4.677925303801637824e+01,4.689731479661062963e+01,2.023615373232101784e-03,-6.091697936217350673e+01,3.607468397119164560e-01,0.000000000000000000e+00,1.450914004734777585e+01,1.000000000000000000e+00
1.951000000000000000e+03,9.720722143239770219e+01,1.710450135929291093e+01,-2.276996367782306227e-03,6.748405973431302129e+01,4.094477940974662333e-01,0.000000000000000000e+00,8.594238447680345061e+00,1.000000000000000000e+00
1.952000000000000000e+03,4.708050145716603296e+00,2.274080337488157255e+01,-8.894505815691950215e-03,2.389954096086801485e+02,7.084993355292390493e-02,0.000000000000000000e+00,1.932380553029095083e+01,1.000000000000000000e+00
1.952000000000000000e+03,1.250304763721490531e+01,4.073676044868808077e+01,2.715182846387009970e-03,-7.884089345457738318e+01,3.407874228548642970e-01,0.000000000000000000e+00,6.535702438925851787e+00,1.000000000000000000e+00
1.952000000000000000e+03,1.017991819321339193e+02,4.246927042279256881e+01,1.979140929013363526e-03,-5.976429918499936633e+01,2.632316496782287629e-01,0.000000000000000000e+00,9.698759191359306087e+00,1.000000000000000000e+00
1.953000000000000000e+03,5.592082128597107982e+01,1.724362627380754986e+01,-4.920420881510762824e-03,1.359958329640095940e+02,3.083752291830278436e-01,0.000000000000000000e+00,6.029658694149830467e+00,1.000000000000000000e+00
1.953000000000000000e+03,1.425601931805299500e+02,1.865094655144729430e+01,-2.985327411271121618e-03,8.584244885078966547e+01,2.151043393771061574e-01,0.000000000000000000e+00,1.729350537312590319e+01,1.000000000000000000e+00
1.953000000000000000e+03,8.690810074389870010e+01,5.069825400727264508e+01,-7.999245436871317214e-03,2.157922215710617024e+02,3.770593350224860085e-02,0.000000000000000000e+00,1.693329283805135432e+01,1.000000000000000000e+00
1.954000000000000000e+03,6.146514288010938998e+01,1.487354567840403874e+01,4.405447597933117784e-03,-1.226488534529282646e+02,2.920389254329569528e-01,0.000000000000000000e+00,6.029658694149830467e+00,1.000000000000000000e+00
1.954000000000000000e+03,1.171061339807275345e+02,2.489807003076727554e+01,3.419084362780139882e-03,-9.708447893118524519e+01,2.737757414954874458e-01,0.000000000000000000e+00,1.284861138548231807e+01,1.000000000000000000e+00
1.954000000000000000e+03,6.883106417173557645e+01,2.988860967239924804e+01,-7.972634316885331487e-03,2.151025196301136759e+02,5.753552158070796008e-02,0.000000000000000000e+00,5.578883579190477171e+00,1.000000000000000000e+00
1.955000000000000000e+03,1.265332563660021918e+02,1.049871927572939256e+01,-2.596600326470585238e-02,6.814512300204030453e+02,1.177995095917483415e-02,0.000000000000000000e+00,1.721080877337136172e+01,1.000000000000000000e+00
1.955000000000000000e+03,8.863454724323693767e+01,1.771293520293073342e+01,-7.615318628666930406e-03,2.058416796570049314e+02,5.546607649126511497e-02,0.000000000000000000e+00,8.594238447680345061e+00,1.000000000000000000e+00
1.955000000000000000e+03,1.046648135333776537e+02,5.294809763017911308e+01,4.394669075189049784e-03,-1.223694977527153043e+02,1.501642980149442419e-01,0.000000000000000000e+00,6.975324957215596200e+00,1.000000000000000000e+00
1.956000000000000000e+03,4.529743267660609973e+01,1.028489738407530574e+01,-7.691219744783631476e-03,2.078088703326840800e+02,7.991196892242802274e-02,0.000000000000000000e+00,1.269961784095803914e+01,1.000000000000000000e+00
1.956000000000000000e+03,5.155948145362496859e+01,2.167043050689596129e+01,-8.205147935618255922e-03,2.211287633290410497e+02,1.200714940948749421e-01,0.000000000000000000e+00,6.214328672616075799e+00,1.000000000000000000e+00
1.957000000000000000e+03,1.017823372764262047e+02,1.113910659859009478e+01,-7.134292485957760555e-03,1.933745356793003793e+02,4.021741244179166674e-02,0.000000000000000000e+00,1.469964643370983381e+01,1.000000000000000000e+00
1.957000000000000000e+03,7.727821000974407717e+00,4.519911598615039594e+01,4.025763726835234271e-03,-1.128082791749280318e+02,2.485330123744232678e-01,0.000000000000000000e+00,6.535702438925851787e+00,1.000000000000000000e+00
1.957000000000000000e+03,6.950390378070621011e+01,4.846948432481895708e+01,-8.372100696339868087e-03,2.254558131930440368e+02,2.683594274780540800e-01,0.000000000000000000e+00,1.210404919647476341e+01,1.000000000000000000e+00
1.958000000000000000e+03,1.088214761637763104e+02,4.734655194744099305e+01,5.239608700033920353e-03,-1.442684820700345369e+02,1.584285551218335142e-01,0.000000000000000000e+00,6.975324957215596200e+00,1.000000000000000000e+00
1.958000000000000000e+03,8.370526463762060132e+01,7.009924312034526928e+00,-8.572637830187870844e-03,2.306532964451566841e+02,5.859821773188489402e-02,0.000000000000000000e+00,1.178355927284598259e+01,1.000000000000000000e+00
1.958000000000000000e+03,5.288839538828746356e+01,3.599433628655035733e+01,2.160208550629037858e-03,-6.445717532613660694e+01,4.002904083596898754e-01,0.000000000000000000e+00,1.075809557098796176e+01,1.000000000000000000e+00
1.958000000000000000e+03,4.848982695098417395e+01,4.581213726318815560e+01,-6.541894224937074530e-03,1.780208703448322751e+02,1.006060092924847549e-01,0.000000000000000000e+00,1.075809557098796176e+01,1.000000000000000000e+00
1.959000000000000000e+03,7.322288822413626974e+01,2.644828650692250704e+01,-7.853113438974677896e-03,2.120048002736115222e+02,1.057420914864810602e-01,0.000000000000000000e+00,5.578883579190477171e+00,1.000000000000000000e+00
1.959000000000000000e+03,3.473684494840375692e+01,2.213507826143171187e+01,-3.886343192762820031e-03,1.091948043189883180e+02,3.219802987024915630e-01,0.000000000000000000e+00,5.284473303897490482e+00,1.000000000000000000e+00
1.959000000000000000e+03,3.956598817967601889e+01,2.428101249888227997e+01,3.935214608543944649e-03,-1.104614443679178777e+02,3.509689603280838899e-01,0.000000000000000000e+00,4.030287525560264150e+00,1.000000000000000000e+00
1.959000000000000000e+03,1.081623154535445366e+02,3.537139549591404375e+01,1.683842419213923622e-03,-5.211080863386921180e+01,3.575246706589391144e-01,0.000000000000000000e+00,1.199328415741329579e+01,1.000000000000000000e+00
1.959000000000000000e+03,9.704850906026392110e+00,3.573561895326173499e+01,3.980848840205128934e-03,-1.116441836951978246e+02,1.926697183917199796e-01,0.000000000000000000e+00,9.667803439094237561e+00,1.000000000000000000e+00
1.959000000000000000e+03,3.698438450430283808e+01,4.223736257152223317e+01,3.296727063314572933e-03,-9.391324574088724830e+01,3.012586777208086097e-01,0.000000000000000000e+00,1.204799651353169132e+01,1.000000000000000000e+00
1.960000000000000000e+03,8.066482562063548301e+01,2.204894889367985655e+01,7.701449583024113331e-03,-2.080740053324045391e+02,1.612950221399713779e-01,0.000000000000000000e+00,8.645033467182473785e+00,1.000000000000000000e+00
1.961000000000000000e+03,8.111202804243710318e+01,5.189869094952035766e+01,7.827984396516718402e-03,-2.113535105358422186e+02,2.997341082082036756e-01,0.000000000000000000e+00,1.210404919647476341e+01,1.000000000000000000e+00
1.962000000000000000e+03,1.264954168136027022e+02,3.319080067506350673e+01,-7.211070994815152110e-03,1.953644664529741419e+02,9.531738083812124618e-02,0.000000000000000000e+00,1.846232919354670088e+01,1.000000000000000000e+00
1.962000000000000000e+03,4.359094725183472718e+01,2.448818876715156989e+01,-7.602742050021339508e-03,2.055157222862923447e+02,1.552074330053283546e-01,0.000000000000000000e+00,4.030287525560264150e+00,1.000000000000000000e+00
1.963000000000000000e+03,1.239618298867004427e+02,7.211636409435567607e+00,-8.862786294456984071e-03,2.381733090968182296e+02,2.135229795522838314e-01,0.000000000000000000e+00,8.584102005358758447e+00,1.000000000000000000e+00
1.963000000000000000e+03,9.712999739180153824e+01,2.288900025801580540e+01,3.720413897909223208e-03,-1.048942804484811262e+02,1.652536411493813473e-01,0.000000000000000000e+00,1.648658751072295914e+01,1.000000000000000000e+00
1.964000000000000000e+03,1.323203189786947576e+02,9.166749535936519422e+00,-3.580884887881422007e-02,9.365562285352115168e+02,1.130985836491593677e-02,0.000000000000000000e+00,8.584102005358758447e+00,1.000000000000000000e+00
1.964000000000000000e+03,5.613830691586517219e+01,9.276663867054988799e+00,-6.746349564163715319e-03,1.833199048979086854e+02,2.194716615120049230e-01,0.000000000000000000e+00,9.461931978212188454e+00,1.000000000000000000e+00
1.964000000000000000e+03,1.582933059341524640e+01,1.910064316810214180e+01,2.904821440423053201e-03,-8.375591042696312627e+01,2.496304471706555228e-01,0.000000000000000000e+00,9.385786271290385230e+00,1.000000000000000000e+00
1.966000000000000000e+03,4.015915051823245818e+01,1.323554063463895503e+01,-3.732225291864073313e-02,9.757803462821017320e+02,1.115937308745140744e-02,0.000000000000000000e+00,3.206748360090882155e+00,1.000000000000000000e+00
1.967000000000000000e+03,2.489692113308453969e+01,1.667746638230152811e+01,-3.805474738561797753e-03,1.070988711206379946e+02,1.571483104796622676e-01,0.000000000000000000e+00,9.275730987790092641e+00,1.000000000000000000e+00
1.967000000000000000e+03,6.536103738294377763e+01,2.660809185019326506e+01,-7.530134115007885987e-03,2.036338836514141519e+02,5.382440122825826734e-02,0.000000000000000000e+00,1.313639108411525847e+01,1.000000000000000000e+00
1.967000000000000000e+03,8.002732659411594796e+01,3.741732581064335506e+01,7.563627752621543063e-03,-2.045019653737811325e+02,7.845681040869290079e-02,0.000000000000000000e+00,7.679349837564535264e+00,1.000000000000000000e+00
1.967000000000000000e+03,3.792963218499463096e+01,4.135928194568573701e+01,4.695096614988503864e-03,-1.301559215268008813e+02,1.765233660672990146e-01,0.000000000000000000e+00,1.244363010529779068e+01,1.000000000000000000e+00
1.967000000000000000e+03,5.841796115423712621e+01,4.515153765535860941e+01,4.820060618275926259e-03,-1.333947147704283509e+02,1.934321125577238565e-01,0.000000000000000000e+00,3.983762239987044484e+00,1.000000000000000000e+00
1.967000000000000000e+03,4.408787618248390316e+01,5.217223533802313540e+01,1.917350855711612203e-03,-5.816283583020701542e+01,3.521147044981248753e-01,0.000000000000000000e+00,1.244363010529779068e+01,1.000000000000000000e+00
1.968000000000000000e+03,6.510845361641560203e+01,1.228741542288264377e+01,-3.750449831196357286e-03,1.056727460484720922e+02,2.940379585786750960e-01,0.000000000000000000e+00,6.932745458606266453e+00,1.000000000000000000e+00
1.969000000000000000e+03,8.655080390171114857e+01,4.146907330339175246e+01,3.061668204912619887e-03,-8.782103500484039671e+01,3.002768627114127398e-01,0.000000000000000000e+00,3.935492297409581841e+00,1.000000000000000000e+00
1.969000000000000000e+03,8.634569790186789362e+01,4.908134559355042370e+01,3.489647011973017864e-03,-9.891330823759520285e+01,2.318118488521998533e-01,0.000000000000000000e+00,5.366352840308739047e+00,1.000000000000000000e+00
1.970000000000000000e+03,1.074903539499250513e+02,2.352836223961218920e+01,-7.809629437375088627e-03,2.108777901996568289e+02,1.648960100570560083e-01,0.000000000000000000e+00,6.413809655789577846e+00,1.000000000000000000e+00
1.970000000000000000e+03,5.933406864504898692e+01,8.450823472168940143e+00,-3.247928428867830324e-03,9.264849202472439060e+01,4.201379410694227046e-01,0.000000000000000000e+00,6.932745458606266453e+00,1.000000000000000000e+00
1.970000000000000000e+03,7.224489412331658400e+01,3.911820314905821760e+01,1.496232161352688793e-02,-3.962599041239722624e+02,3.721203434966791068e-02,0.000000000000000000e+00,6.006956025908793961e+00,1.000000000000000000e+00
1.970000000000000000e+03,8.295781639441798916e+01,1.964950756508089569e+01,-8.971956909648696327e-03,2.410027723148964753e+02,8.477034679369466197e-02,0.000000000000000000e+00,1.072288141962584795e+01,1.000000000000000000e+00
1.970000000000000000e+03,1.329261909154319312e+02,2.048326803742885360e+01,7.064283113180282181e-03,-1.915600460856790335e+02,6.351587576682349301e-02,0.000000000000000000e+00,2.552766317126854645e+01,1.000000000000000000e+00
1.970000000000000000e+03,5.978240862443249171e+01,4.889435005859552064e+01,-6.372665820131657478e-03,1.736348407707556873e+02,2.048555126605662302e-01,0.000000000000000000e+00,3.983762239987044484e+00,1.000000000000000000e+00
1.971000000000000000e+03,9.918640248386326164e+01,4.585932162296642645e+01,4.091072797774693813e-03,-1.145009472404652513e+02,2.113838116310965409e-01,0.000000000000000000e+00,8.339408304045758058e+00,1.000000000000000000e+00
1.971000000000000000e+03,2.135397276689220547e+01,8.105027859200623297e+00,3.030455700593871152e-03,-8.701207526087522126e+01,2.230451364902480416e-01,0.000000000000000000e+00,9.275730987790092641e+00,1.000000000000000000e+00
1.971000000000000000e+03,1.100179884976312827e+01,1.205459625485569397e+01,2.193777563184470900e-03,-6.532721060189288664e+01,3.852639545757104989e-01,0.000000000000000000e+00,1.108000881418624850e+01,1.000000000000000000e+00
1.971000000000000000e+03,1.091119590821732146e+02,2.973379140251188701e+01,-8.186942127768477226e-03,2.206569086676389020e+02,8.936465844518226564e-02,0.000000000000000000e+00,6.413809655789577846e+00,1.000000000000000000e+00
1.972000000000000000e+03,1.206227481500163350e+02,4.632774522224674030e+01,3.903625836427018769e-03,-1.096427325868022393e+02,2.175387388643946762e-01,0.000000000000000000e+00,2.013116346157053371e+01,1.000000000000000000e+00
1.972000000000000000e+03,7.292411807843872396e+01,1.586730132489883793e+01,-7.443286928328272239e-03,2.013829948030549133e+02,2.852047480162227533e-01,0.000000000000000000e+00,8.596522206938423949e+00,1.000000000000000000e+00
1.973000000000000000e+03,3.548042465393520928e+01,1.895449779405988622e+01,-8.632272205723441616e-03,2.321988888356974314e+02,7.306495117844413745e-02,0.000000000000000000e+00,1.224901224751755180e+01,1.000000000000000000e+00
1.973000000000000000e+03,4.922506388424720569e+01,1.124836732185518429e+01,-4.002639517318298985e-03,1.122089503155971073e+02,3.349140295615039564e-01,0.000000000000000000e+00,7.164929490256984224e+00,1.000000000000000000e+00
1.973000000000000000e+03,5.423438999399219540e+01,1.637114650181027287e+01,-5.756272595790964085e-03,1.576592785456831507e+02,2.163371058182734785e-01,0.000000000000000000e+00,7.164929490256984224e+00,1.000000000000000000e+00
1.973000000000000000e+03,8.384938013370140197e+01,4.433096240826674261e+01,-4.587690484512917805e-03,1.273721898876312224e+02,1.526032944577454531e-01,0.000000000000000000e+00,3.935492297409581841e+00,1.000000000000000000e+00
1.974000000000000000e+03,6.323214889076614043e+01,2.020267358983283046e+01,-8.259654357882459733e-03,2.225414504030744638e+02,8.602623669778575177e-02,0.000000000000000000e+00,9.779584090886753955e+00,1.000000000000000000e+00
1.974000000000000000e+03,4.035459870991964237e+01,3.019196762991721172e+01,-4.812862590553965321e-03,1.332081576584597826e+02,2.837772543139632786e-01,0.000000000000000000e+00,7.767105451795198512e+00,1.000000000000000000e+00
1.974000000000000000e+03,5.213492945612853191e+01,2.571133188408347436e+01,2.651201658827203027e-03,-7.718264121764043750e+01,2.278603245561817703e-01,0.000000000000000000e+00,9.573233389261789128e+00,1.000000000000000000e+00
1.974000000000000000e+03,3.589808761877422683e+01,4.122879753490133226e+01,-3.395594386629154950e-03,9.647567020187625531e+01,3.029428166825500757e-01,0.000000000000000000e+00,1.009197639091886245e+01,1.000000000000000000e+00
1.975000000000000000e+03,1.116087216299976035e+02,6.439511764611225431e+00,-5.999700671611809741e-03,1.639684010652650841e+02,1.805810682472627215e-01,0.000000000000000000e+00,1.646345773705722593e+01,1.000000000000000000e+00
1.975000000000000000e+03,7.744088872958162995e+01,4.213236318941216751e+01,-6.072654686076833612e-03,1.658592093214743670e+02,1.237590595130725335e-01,0.000000000000000000e+00,6.006956025908793961e+00,1.000000000000000000e+00
1.975000000000000000e+03,4.473715867930477685e+01,4.667246675040468773e+01,-6.745704363598057848e-03,1.833031827124963797e+02,6.997330839618010057e-02,0.000000000000000000e+00,1.038088203097056628e+01,1.000000000000000000e+00
1.975000000000000000e+03,7.686913904321698965e+01,4.883195022060034773e+01,-7.899893200830549952e-03,2.132172292343645097e+02,9.236275364037949132e-02,0.000000000000000000e+00,3.260097767588974182e+00,1.000000000000000000e+00
1.975000000000000000e+03,6.235875843875210656e+00,4.555733989354889246e+01,4.823373343542085127e-03,-1.334805733531223666e+02,2.629116991145330484e-01,0.000000000000000000e+00,2.354455094749949140e+01,1.000000000000000000e+00
1.977000000000000000e+03,3.272529160865083497e+01,3.164853903353463949e+01,-2.921777988909321847e-02,7.657301574218233782e+02,1.952117532810027090e-02,0.000000000000000000e+00,3.455832417829264980e+00,1.000000000000000000e+00
1.978000000000000000e+03,1.413180088942489476e+02,2.935665028331958837e+01,-3.734521020561750587e-02,9.763753488748191103e+02,9.999475604002827644e-03,0.000000000000000000e+00,1.613519339511194772e+01,1.000000000000000000e+00
1.978000000000000000e+03,1.280334115342276391e+02,7.568671722169657556e+00,-2.650923218953800745e-03,7.717542466601750561e+01,3.651264000979960178e-01,0.000000000000000000e+00,1.490693222009583430e+01,1.000000000000000000e+00
1.979000000000000000e+03,5.581451379917631783e+01,7.503053114444405480e+00,3.896491879857541182e-03,-1.094578360587643715e+02,4.060338891945450834e-01,0.000000000000000000e+00,3.539416519094912950e+00,1.000000000000000000e+00
1.979000000000000000e+03,5.787783089675303927e+01,1.037884723963652789e+01,-4.611824677373800759e-03,1.279976953029662781e+02,2.389883591909931493e-01,0.000000000000000000e+00,3.539416519094912950e+00,1.000000000000000000e+00
1.979000000000000000e+03,7.201152648133266609e+01,3.252146471110823001e+01,-4.278846566615859479e-03,1.193676320285192816e+02,1.698660921293616566e-01,0.000000000000000000e+00,9.556657653860240131e+00,1.000000000000000000e+00
1.980000000000000000e+03,5.638811515036749711e+00,2.202036061610914786e+01,3.427005805180046664e-03,-9.728978536703614566e+01,1.913830659623788621e-01,0.000000000000000000e+00,8.458663828787518213e+00,1.000000000000000000e+00
1.980000000000000000e+03,8.458937658455107567e+01,3.559811430318217162e+01,-4.497318146095247160e-03,1.250299368277260470e+02,1.482424650269890121e-01,0.000000000000000000e+00,9.521461286617210362e+00,1.000000000000000000e+00
1.980000000000000000e+03,8.012431213043628020e+01,4.901107483220312844e+01,-8.912640573725118948e-03,2.394654228144635226e+02,7.007265613514335190e-02,0.000000000000000000e+00,3.260097767588974182e+00,1.000000000000000000e+00
1.980000000000000000e+03,6.417224351034829510e+01,3.798729932385676733e+01,-8.659232757459662047e-03,2.328976472822150470e+02,3.898443791478412024e-02,0.000000000000000000e+00,9.556657653860240131e+00,1.000000000000000000e+00
1.981000000000000000e+03,4.908716128134259726e+00,4.915169278336656333e+01,7.124359661724195651e-03,-1.931170986320587417e+02,4.852433189696625515e-02,0.000000000000000000e+00,1.321994289072684303e+01,1.000000000000000000e+00
1.981000000000000000e+03,9.524495077278392330e+01,7.271804616668048560e+00,3.874553784961007417e-03,-1.088892486923247134e+02,1.774268826773049978e-01,0.000000000000000000e+00,5.467809632220173022e+00,1.000000000000000000e+00
1.981000000000000000e+03,2.114956753505363451e+01,4.777409230193605083e+01,-3.265885538679286128e-03,9.311390097772223839e+01,2.053625134694126997e-01,0.000000000000000000e+00,7.521735066575662820e+00,1.000000000000000000e+00
1.981000000000000000e+03,6.838595867290011654e+01,4.831667030504677030e+01,-7.212770237435436188e-03,1.954085070996650302e+02,9.331940892363899120e-02,0.000000000000000000e+00,1.115218988860687155e+01,1.000000000000000000e+00
1.982000000000000000e+03,2.764582534740740627e+01,4.398263706058259714e+01,-2.362367631813335790e-03,6.969669590048700059e+01,3.304284873655164434e-01,0.000000000000000000e+00,4.458096707820291549e+00,1.000000000000000000e+00
1.983000000000000000e+03,1.418237328397296437e+02,1.322938426614756224e+01,-3.773654924365760222e-02,9.865179995504439603e+02,8.315964076109017000e-03,0.000000000000000000e+00,1.490693222009583430e+01,1.000000000000000000e+00
1.983000000000000000e+03,5.030892094778734247e+01,2.442843101208799794e+01,-5.325348823353028699e-03,1.464906782610048595e+02,1.699344922514620659e-01,0.000000000000000000e+00,7.324082971322505742e+00,1.000000000000000000e+00
1.983000000000000000e+03,9.839729058734354794e+01,3.108227236806100180e+01,-3.984690391527610613e-03,1.117437482909293180e+02,2.522411349242426049e-01,0.000000000000000000e+00,7.389108680798251783e+00,1.000000000000000000e+00
1.984000000000000000e+03,8.962691426942079431e+01,2.412839551181101783e+01,5.043655280795053195e-03,-1.391897986604064386e+02,2.949727169834492901e-01,0.000000000000000000e+00,4.493959339154470101e+00,1.000000000000000000e+00
1.984000000000000000e+03,7.767212947056911787e+01,4.214104311195416841e+01,-4.809074118027402076e-03,1.331099687488545271e+02,2.428693933974108710e-01,0.000000000000000000e+00,7.294555204711255847e+00,1.000000000000000000e+00
1.984000000000000000e+03,1.105370382911961258e+02,4.459413285060721321e+00,-8.445177350996656979e-03,2.273498000143923434e+02,6.960567121717764483e-02,0.000000000000000000e+00,1.006617824652513704e+01,1.000000000000000000e+00
1.984000000000000000e+03,9.591663681961419741e+01,1.269820121373808064e+01,2.335044313171551287e-03,-6.898853533038305841e+01,3.740820315018701381e-01,0.000000000000000000e+00,5.467809632220173022e+00,1.000000000000000000e+00
1.984000000000000000e+03,9.776466502852370866e+01,2.243383347041602605e+01,3.379235543146248428e-03,-9.605168481126632685e+01,2.457669320962478920e-01,0.000000000000000000e+00,8.312311828211019105e+00,1.000000000000000000e+00
1.984000000000000000e+03,1.335220060208402515e+01,2.549204933491132508e+01,-2.401175868352365024e-03,7.070252038588387222e+01,2.089779780893116223e-01,0.000000000000000000e+00,8.458663828787518213e+00,1.000000000000000000e+00
1.984000000000000000e+03,1.001607548159327976e+01,3.695817932461670807e+01,2.919722214842821947e-03,-8.414210586121599533e+01,2.909716054026880716e-01,0.000000000000000000e+00,1.194160239500505938e+01,1.000000000000000000e+00
1.985000000000000000e+03,9.161012998409340469e+01,2.816107774216952819e+01,-4.687428466813348821e-03,1.299571799224389963e+02,3.488983444021547253e-01,0.000000000000000000e+00,4.493959339154470101e+00,1.000000000000000000e+00
1.985000000000000000e+03,3.125341199980495333e+01,4.660178669390276696e+01,3.386903585154506582e-03,-9.625042366401480365e+01,1.697360690848732645e-01,0.000000000000000000e+00,4.458096707820291549e+00,1.000000000000000000e+00
1.986000000000000000e+03,1.161896835668966474e+02,1.676870577264841700e+01,4.449435611117839341e-03,-1.237889264031809091e+02,2.523688983951415388e-01,0.000000000000000000e+00,3.662499129400578202e+00,1.000000000000000000e+00
1.986000000000000000e+03,4.508739142539520373e+01,2.956436528129390595e+01,4.059512959715146259e-03,-1.136829853667395867e+02,1.713428119505773228e-01,0.000000000000000000e+00,7.324082971322505742e+00,1.000000000000000000e+00
1.986000000000000000e+03,1.416108204012243448e+02,5.269348404900708971e+01,-4.045362275182439599e-03,1.133162306193598994e+02,2.540512390055368330e-01,0.000000000000000000e+00,1.331219260606755483e+01,1.000000000000000000e+00
1.987000000000000000e+03,4.368785002838288278e+01,1.068898967292938629e+01,-3.007376141000677253e-03,8.641390362976632389e+01,2.600783143348319726e-01,0.000000000000000000e+00,1.204670707907725813e+01,1.000000000000000000e+00
1.987000000000000000e+03,1.138218515272114786e+02,1.397455629477498640e+01,-4.942735484529392487e-03,1.365741785962692916e+02,1.907741800110133168e-01,0.000000000000000000e+00,3.662499129400578202e+00,1.000000000000000000e+00
1.987000000000000000e+03,2.781174150214782870e+01,2.722936456961021534e+01,7.415759407047066258e-03,-2.006695417478233310e+02,6.088801148247813266e-02,0.000000000000000000e+00,8.479555317911234624e+00,1.000000000000000000e+00
1.988000000000000000e+03,5.929019036057981396e+01,1.736803356112498875e+01,8.016957996470244763e-03,-2.162512923182144675e+02,1.484617098619215314e-01,0.000000000000000000e+00,5.749321305579454311e+00,1.000000000000000000e+00
1.988000000000000000e+03,1.140913835638466054e+02,4.104789628320262551e+01,3.469489303905811187e-03,-9.839086459800627438e+01,2.742059172718895876e-01,0.000000000000000000e+00,8.221103516267136868e+00,1.000000000000000000e+00
1.989000000000000000e+03,9.429497283884195724e+01,4.115936196969598626e+01,-1.351636599306746053e-02,3.587839016678273083e+02,1.762156276683257694e-02,0.000000000000000000e+00,1.327267019157251049e+01,1.000000000000000000e+00
1.989000000000000000e+03,3.467086783536632311e+01,2.180759311050136873e+01,4.101893839290708665e-03,-1.147814049341138087e+02,1.814653439110391897e-01,0.000000000000000000e+00,7.105545666935281446e+00,1.000000000000000000e+00
1.989000000000000000e+03,6.748327957213815864e+01,4.869846056301527426e+01,-9.783940486323297256e-03,2.620476080506835501e+02,1.082682563035346490e-01,0.000000000000000000e+00,1.211661610682773471e+01,1.000000000000000000e+00
1.990000000000000000e+03,2.692535461796739327e+01,1.879626450610630783e+01,-3.399381457092087635e-03,9.657382277306329854e+01,2.838641822833131156e-01,0.000000000000000000e+00,8.310299330622781255e+00,1.000000000000000000e+00
1.990000000000000000e+03,1.413584244489621824e+02,3.093465826242918482e+01,7.814505281593751157e-03,-2.110041614017385996e+02,4.438253190071161924e-02,0.000000000000000000e+00,8.455796953605789312e+00,1.000000000000000000e+00
1.990000000000000000e+03,1.163983228609559006e+02,3.315710582187159616e+01,-8.317792355528944026e-03,2.240482599564013526e+02,4.444869679384821914e-02,0.000000000000000000e+00,8.221103516267136868e+00,1.000000000000000000e+00
1.990000000000000000e+03,1.105026793695069074e+02,4.498630327234806714e+00,1.225458337035667533e-02,-3.260812599001595231e+02,8.099480030293726429e-02,0.000000000000000000e+00,1.004042214026798341e+01,1.000000000000000000e+00
1.990000000000000000e+03,7.856295673237536903e+01,1.209311529816599062e+01,6.067907761258958636e-03,-1.657361794278754701e+02,3.070800769491148774e-01,0.000000000000000000e+00,6.204382045306569893e+00,1.000000000000000000e+00
1.990000000000000000e+03,1.064922791920740508e+02,2.692334015535275071e+01,-3.716226073958561488e-03,1.047857412247039548e+02,3.703857932436459555e-01,0.000000000000000000e+00,6.248390977881464359e+00,1.000000000000000000e+00
1.991000000000000000e+03,7.497677824587485418e+01,7.030143796460356143e+00,6.204953109102818824e-03,-1.692880946593871556e+02,1.825174138563618875e-01,0.000000000000000000e+00,6.204382045306569893e+00,1.000000000000000000e+00
1.991000000000000000e+03,4.445100650523028207e+01,3.692559823300863542e+01,4.264632652342083968e-03,-1.189992385047497265e+02,1.923193340929534312e-01,0.000000000000000000e+00,7.388689757732697316e+00,1.000000000000000000e+00
1.991000000000000000e+03,1.411743002514863008e+02,3.938845033466001411e+01,-7.153069629477358873e-03,1.938611981098086403e+02,7.663234649723704717e-02,0.000000000000000000e+00,8.455796953605789312e+00,1.000000000000000000e+00
1.991000000000000000e+03,1.262899022156331910e+02,4.135173739376415369e+01,-8.284995487125749319e-03,2.231982369657638969e+02,3.904064831367681787e-02,0.000000000000000000e+00,8.484830399823211522e+00,1.000000000000000000e+00
1.991000000000000000e+03,5.354607953723753866e+01,1.761275038513178259e+01,-4.134888055562082471e-03,1.156365427492230396e+02,2.678372244986656492e-01,0.000000000000000000e+00,5.749321305579454311e+00,1.000000000000000000e+00
1.991000000000000000e+03,1.302140187077378357e+02,3.296622792534531499e+01,-3.918371565404329612e-03,1.100249095827986707e+02,2.439390654557210825e-01,0.000000000000000000e+00,9.258264377762694508e+00,1.000000000000000000e+00
1.993000000000000000e+03,1.150284022760848401e+01,1.121324510505206362e+01,3.587821087320128277e-03,-1.014577652297600565e+02,1.918681957323755682e-01,0.000000000000000000e+00,1.074165050800105270e+01,1.000000000000000000e+00
1.993000000000000000e+03,3.504920688626663150e+01,1.471212703789792009e+01,8.462582019095632804e-03,-2.278008908882729600e+02,1.987037179941451015e-01,0.000000000000000000e+00,3.764477539344590173e+00,1.000000000000000000e+00
1.994000000000000000e+03,7.293252619412315596e+01,1.602792911615163973e+01,7.777448472985630003e-03,-2.100437300919770962e+02,9.170282296282006307e-02,0.000000000000000000e+00,6.233298842273858220e+00,1.000000000000000000e+00
1.994000000000000000e+03,3.519902831530492193e+01,3.781357196624767880e+01,-4.421259073302580278e-02,1.154362809811319721e+03,7.636624569551497821e-03,0.000000000000000000e+00,9.294492873620217921e+00,1.000000000000000000e+00
1.994000000000000000e+03,9.568079168588636207e+01,2.611383301470009854e+01,-2.386772485565843722e-03,7.032921625327642801e+01,4.470750052010291631e-01,0.000000000000000000e+00,7.744383404413299310e+00,1.000000000000000000e+00
1.995000000000000000e+03,3.495384069303757002e+01,1.094885765697142332e+01,-9.148618398657406420e-03,2.455814511500691992e+02,1.358339806089884361e-01,0.000000000000000000e+00,3.764477539344590173e+00,1.000000000000000000e+00
1.995000000000000000e+03,1.321187774087075866e+02,1.442901046434700163e+01,-8.022167906229317469e-03,2.163863217673653594e+02,8.007165830682017038e-02,0.000000000000000000e+00,4.911902917306460559e+00,1.000000000000000000e+00
1.995000000000000000e+03,1.343780711803189547e+02,2.343885816395136601e+01,-7.772596343193569589e-03,2.099179735158886899e+02,8.663718094860217711e-02,0.000000000000000000e+00,6.177582858197828486e+00,1.000000000000000000e+00
1.995000000000000000e+03,8.764533703092777728e+01,3.317406077907721595e+01,-7.105950113875278765e-03,1.926399634761517348e+02,1.549984073317381972e-01,0.000000000000000000e+00,8.505087702759295709e+00,1.000000000000000000e+00
1.996000000000000000e+03,6.385980441206406510e+01,1.176039497398936362e+01,6.300112164931880726e-03,-1.717544089497533264e+02,1.319857129081450919e-01,0.000000000000000000e+00,8.454044408618281992e+00,1.000000000000000000e+00
1.996000000000000000e+03,8.367340299579646512e+01,1.506660229532934991e+01,-6.371395324536325948e-03,1.736019123078226016e+02,8.280977417378376781e-02,0.000000000000000000e+00,8.889181273962057261e+00,1.000000000000000000e+00
1.996000000000000000e+03,1.866739998868263228e+01,1.921650313325760351e+01,3.246891998315570415e-03,-9.262163001501085091e+01,2.166138088482222335e-01,0.000000000000000000e+00,8.330715011589548524e+00,1.000000000000000000e+00
1.996000000000000000e+03,1.200371976215601393e+02,4.708724366374781312e+01,3.665481789397324799e-03,-1.034705605193321105e+02,2.497921183853489824e-01,0.000000000000000000e+00,8.484830399823211522e+00,1.000000000000000000e+00
1.996000000000000000e+03,8.279055566667709698e+00,4.764889091671788179e+01,-6.851407615881650870e-02,1.784204081990570785e+03,6.332764750390129649e-03,0.000000000000000000e+00,2.547858772766915791e+01,1.000000000000000000e+00
1.996000000000000000e+03,5.496950523980493841e+01,9.251875906747722311e+00,-5.815698520319273132e-03,1.591994683427074904e+02,1.938559255322092056e-01,0.000000000000000000e+00,8.481176968677367256e+00,1.000000000000000000e+00
1.996000000000000000e+03,9.119855165160285537e+01,1.979837589825806532e+01,-4.828742761244942533e-03,1.336197368987894265e+02,1.187880684171854773e-01,0.000000000000000000e+00,5.992218501011804754e+00,1.000000000000000000e+00
1.996000000000000000e+03,1.088208180162494898e+02,2.843733996510708550e+01,-8.064847211417475528e-03,2.174924758729455903e+02,1.278797959863193778e-01,0.000000000000000000e+00,5.937608262270352988e+00,1.000000000000000000e+00
1.996000000000000000e+03,5.165644831916822000e+01,2.909188322242292912e+01,-4.438408370085562479e-03,1.235031244697309631e+02,1.867385611810715718e-01,0.000000000000000000e+00,1.064356531436346565e+01,1.000000000000000000e+00
1.996000000000000000e+03,6.987197265853792771e+01,3.671346802827923028e+01,1.842607475539845795e-03,-5.622565113431178219e+01,3.482761175483843896e-01,0.000000000000000000e+00,1.174611431130928274e+01,1.000000000000000000e+00
1.996000000000000000e+03,9.085729769983321091e+01,5.146951823378941526e+01,-1.647120869313989681e-03,5.115906649547211060e+01,4.744966760379649706e-01,0.000000000000000000e+00,1.174759220105686985e+01,1.000000000000000000e+00
1.997000000000000000e+03,8.503228939360997174e+01,4.126779285252363394e+01,-3.330687351621803433e-03,9.479342202707837828e+01,3.376157674557793698e-01,0.000000000000000000e+00,8.505087702759295709e+00,1.000000000000000000e+00
1.997000000000000000e+03,1.025753511325812894e+02,4.772461895423503364e+01,2.803448388183171422e-03,-8.112854296078761251e+01,2.070412932725385069e-01,0.000000000000000000e+00,1.230191232559986680e+01,1.000000000000000000e+00
1.997000000000000000e+03,6.882745009593759278e+01,4.841304810751983467e+01,2.484743000118879493e-03,-7.286839739553913375e+01,4.139309237787592854e-01,0.000000000000000000e+00,1.174611431130928274e+01,1.000000000000000000e+00
1.998000000000000000e+03,2.623588428278813822e+01,1.573528810195004013e+01,2.870055798884941101e-03,-8.285486114907602939e+01,2.684950827524178463e-01,0.000000000000000000e+00,8.330715011589548524e+00,1.000000000000000000e+00
1.998000000000000000e+03,6.764065427550121967e+01,1.932187903289190700e+01,-6.254660979246886264e-03,1.705764137732316783e+02,1.652030141020042198e-01,0.000000000000000000e+00,6.233298842273858220e+00,1.000000000000000000e+00
1.998000000000000000e+03,6.114426924283816334e+01,2.157291260524645438e+01,-6.965645500547021710e-03,1.890035752223908219e+02,9.989480910405412750e-02,0.000000000000000000e+00,6.875330583795651762e+00,1.000000000000000000e+00
1.998000000000000000e+03,1.179046740234825990e+02,3.387445609482054465e+01,-3.911599980285079131e-02,1.022270336491482794e+03,4.768527286177159930e-03,0.000000000000000000e+00,1.058672148344969521e+01,1.000000000000000000e+00
1.998000000000000000e+03,1.133611017848431999e+02,6.128147372241061319e+00,-7.456626473387980777e-03,2.017287265920171819e+02,3.251565298249331493e-01,0.000000000000000000e+00,5.391996130082778116e+00,1.000000000000000000e+00
1.999000000000000000e+03,8.886601384949987903e+01,4.608604695470958745e+00,-7.458927382408082375e-03,2.017883611138991853e+02,1.488029201928234846e-01,0.000000000000000000e+00,1.065343118558928381e+01,1.000000000000000000e+00
1.999000000000000000e+03,1.301542022461599686e+02,1.893092502370335595e+01,-9.763735864962838282e-03,2.615239485212925388e+02,1.573113477434736618e-01,0.000000000000000000e+00,4.911902917306460559e+00,1.000000000000000000e+00
2.000000000000000000e+03,1.411223669076526051e+02,3.931374360652332456e+01,8.895439764062451973e-03,-2.390196155047198374e+02,3.189971469653263281e-02,0.000000000000000000e+00,1.505926756332853600e+01,1.000000000000000000e+00
2.001000000000000000e+03,9.106444581771941671e+01,2.578909356721781876e+01,-7.492232160967894107e-03,2.026515480232680204e+02,6.563859952642225881e-02,0.000000000000000000e+00,5.992218501011804754e+00,1.000000000000000000e+00
2.002000000000000000e+03,1.420634154089651702e+02,1.348967977423095554e+01,8.222983778974481822e-03,-2.215910293211418036e+02,6.939605313552832389e-02,0.000000000000000000e+00,6.329788526899809753e+00,1.000000000000000000e+00
2.002000000000000000e+03,9.948183868330046664e+01,1.574685734597396980e+01,-4.442730260504752955e-03,1.236151384027127449e+02,1.175841817096203723e-01,0.000000000000000000e+00,1.310339692510292231e+01,1.000000000000000000e+00
2.002000000000000000e+03,1.305602126702633541e+02,5.004791508873466910e+01,-7.299172460503163852e-03,1.976478634658540159e+02,9.674181419547944749e-02,0.000000000000000000e+00,9.338742662928767757e+00,1.000000000000000000e+00
2.002000000000000000e+03,1.299878415436754153e+01,4.702537605507431806e+01,-4.407920212166766862e-03,1.227129381978417229e+02,2.976374149567188043e-01,0.000000000000000000e+00,2.187173810755565029e+01,1.000000000000000000e+00
2.003000000000000000e+03,8.112320889641033261e+01,1.192602005094301632e+01,2.366785821703301044e-03,-6.981120570481657239e+01,3.665322729074443897e-01,0.000000000000000000e+00,8.210585767952837344e+00,1.000000000000000000e+00
2.003000000000000000e+03,9.238149613040688735e+01,5.324324764793010445e+01,2.809192708911381706e-03,-8.127742317168294051e+01,4.605306981965526791e-01,0.000000000000000000e+00,9.894772197868972441e+00,1.000000000000000000e+00
2.004000000000000000e+03,1.441834389627006487e+02,7.136275414801938055e+00,3.949483374707233284e-03,-1.108312595325158583e+02,3.092386015852847114e-01,0.000000000000000000e+00,6.697779245601100051e+00,1.000000000000000000e+00
2.005000000000000000e+03,1.234528192530039377e+02,3.849426263742209642e+01,-7.551260793241774960e-03,2.041814408752879046e+02,7.976917196416244416e-02,0.000000000000000000e+00,1.186729997456709818e+01,1.000000000000000000e+00
2.005000000000000000e+03,7.386782230046321729e+01,2.302172367332698855e+01,-3.773992435655965181e-03,1.062829187882633448e+02,3.610237778254284935e-01,0.000000000000000000e+00,5.614268240812154254e+00,1.000000000000000000e+00
2.006000000000000000e+03,2.352639959995833507e+01,2.010338056119172734e+01,-7.801815819819485874e-03,2.106752783475903641e+02,1.003125497953457623e-01,0.000000000000000000e+00,8.902679116592487674e+00,1.000000000000000000e+00
2.006000000000000000e+03,8.266659526235048361e+01,1.999024209515408401e+01,8.133204493204093666e-03,-2.192641468868296215e+02,9.117458924828403255e-02,0.000000000000000000e+00,8.210585767952837344e+00,1.000000000000000000e+00
2.006000000000000000e+03,9.077485616056101492e+01,4.347978387450346105e+01,-8.007495905972753306e-03,2.160060556583150344e+02,6.050515577154125246e-02,0.000000000000000000e+00,9.894772197868972441e+00,1.000000000000000000e+00
2.006000000000000000e+03,5.447923717705356950e+01,8.607933423736692902e+00,-3.493919009523158582e-03,9.902402905669671895e+01,2.979709555825555967e-01,0.000000000000000000e+00,1.458883845070378094e+01,1.000000000000000000e+00
2.006000000000000000e+03,5.499329831825395587e+01,4.990772705694053712e+01,-7.796206879478880317e-03,2.105299068998040752e+02,2.183107909420362036e-01,0.000000000000000000e+00,7.359463523483573688e+00,1.000000000000000000e+00
2.007000000000000000e+03,2.974718418576795287e+01,1.373474376907008399e+01,-3.815691673299187632e-03,1.073636716898221550e+02,3.100359928040977708e-01,0.000000000000000000e+00,8.902679116592487674e+00,1.000000000000000000e+00
2.007000000000000000e+03,1.348213327943270201e+02,1.947175047623635535e+01,-7.751231241682064038e-03,2.093642368829022757e+02,5.708484799559121470e-02,0.000000000000000000e+00,9.393238551268433767e+00,1.000000000000000000e+00
2.007000000000000000e+03,1.348621961380596588e+02,4.175906397611277754e+01,-1.994257755427310264e-03,6.015609421370030674e+01,3.230050082728466165e-01,0.000000000000000000e+00,9.338742662928767757e+00,1.000000000000000000e+00
2.008000000000000000e+03,7.189435000805747222e+01,2.827771216179410274e+01,-7.276576448618360220e-03,1.970622243321820406e+02,7.494868896690976001e-02,0.000000000000000000e+00,5.614268240812154254e+00,1.000000000000000000e+00
2.009000000000000000e+03,4.654467471245811083e+01,2.085035662489119090e+01,-5.957038353593229613e-02,1.552403159500488300e+03,6.539526727866951106e-03,0.000000000000000000e+00,8.662689742604364085e+00,1.000000000000000000e+00
2.009000000000000000e+03,8.257162289303560954e+01,4.981833794317995512e+01,-6.459373895204868592e-03,1.758821241509874937e+02,1.661213447523185449e-01,0.000000000000000000e+00,1.036678849610480313e+01,1.000000000000000000e+00
2.009000000000000000e+03,9.086310839656356109e+01,2.246216977612527899e+01,-9.326724577918558273e-03,2.501975731921307329e+02,5.367989560663710691e-02,0.000000000000000000e+00,8.561147938172725347e+00,1.000000000000000000e+00
2.010000000000000000e+03,6.140141698307415652e+01,4.628865002942810492e+01,3.802217145202554938e-03,-1.070144414362101060e+02,2.846336304988582588e-01,0.000000000000000000e+00,7.359463523483573688e+00,1.000000000000000000e+00
2.011000000000000000e+03,1.939686929502890678e+01,3.024687156366161034e+01,-2.784634844081633129e-02,7.301856582706468544e+02,2.780679569198452050e-02,0.000000000000000000e+00,6.439299135107694028e+00,1.000000000000000000e+00
2.011000000000000000e+03,7.087132769564669310e+00,4.812861284128410944e+01,-9.141424440052720382e-03,2.453949995007073994e+02,1.907908699974171229e-01,0.000000000000000000e+00,8.277747745802129131e+00,1.000000000000000000e+00
2.012000000000000000e+03,4.594898942530957697e+01,4.533129246720452699e+01,-4.771466052802115360e-03,1.321352500750504930e+02,1.598681978119869118e-01,0.000000000000000000e+00,1.053097480997496938e+01,1.000000000000000000e+00
2.012000000000000000e+03,3.773725363510621378e+01,5.192438170975391643e+01,-3.663774451065206304e-03,1.034263100495233374e+02,2.055345007205439112e-01,0.000000000000000000e+00,3.717578932136881953e+00,1.000000000000000000e+00
2.012000000000000000e+03,9.063716340951094708e+01,1.277376984458639697e+01,2.269796200649982446e-03,-6.729744717351402983e+01,3.082257395599643512e-01,0.000000000000000000e+00,9.691034226057444911e+00,1.000000000000000000e+00
2.012000000000000000e+03,8.374942974042720323e+01,3.017227852944422040e+01,2.400887942119352136e-03,-7.069505796859878899e+01,3.251643113332923773e-01,0.000000000000000000e+00,1.049048144799729165e+01,1.000000000000000000e+00
2.012000000000000000e+03,2.006584026142542854e+01,4.518054541489951959e+01,-4.423006605766876924e-03,1.231039444746681681e+02,1.942509263540649345e-01,0.000000000000000000e+00,5.032696399664041031e+00,1.000000000000000000e+00
2.013000000000000000e+03,1.409244299065890971e+02,4.556166035632228528e+01,-8.344307156477158080e-03,2.247354655188678976e+02,1.570511958927117702e-01,0.000000000000000000e+00,2.438331103510778064e+01,1.000000000000000000e+00
2.013000000000000000e+03,1.194514045908285169e+02,1.495949521747809108e+01,-8.114095137407415295e-03,2.187688742417783772e+02,1.082560782388299891e-01,0.000000000000000000e+00,6.362614895776446566e+00,1.000000000000000000e+00
2.014000000000000000e+03,5.806658445860129802e+01,2.197484659997984480e+01,4.030506775633465114e-03,-1.129312086105877739e+02,2.068841605530041816e-01,0.000000000000000000e+00,1.157665244802418059e+01,1.000000000000000000e+00
2.014000000000000000e+03,1.100393085951261014e+02,2.763861669455714676e+01,-5.752544066754660887e-03,1.575626432400449914e+02,2.171020362604038079e-01,0.000000000000000000e+00,3.424152970240337712e+00,1.000000000000000000e+00
2.014000000000000000e+03,1.514024591458629310e+01,4.621328612852407502e+01,3.397740847521806429e-03,-9.653130176659846029e+01,3.280573060567050225e-01,0.000000000000000000e+00,5.032696399664041031e+00,1.000000000000000000e+00
2.014000000000000000e+03,3.406001793111708054e+01,5.247057828057393181e+01,3.644870032583695865e-03,-1.029363489307858543e+02,2.973477063495707506e-01,0.000000000000000000e+00,3.717578932136881953e+00,1.000000000000000000e+00
2.015000000000000000e+03,7.373734509322262909e+01,2.270280544035900050e+01,3.935864055675673129e-03,-1.104782766150210591e+02,1.718650593009259930e-01,0.000000000000000000e+00,1.249139172435793199e+01,1.000000000000000000e+00
2.015000000000000000e+03,1.357816120736005949e+01,6.159661471325632576e+00,3.127988418707727727e-03,-8.953990967838522863e+01,3.547956584560837401e-01,0.000000000000000000e+00,1.568345454467781153e+01,1.000000000000000000e+00
2.015000000000000000e+03,1.131729926622139857e+02,1.392779178790780925e+01,-7.922999168430377298e-03,2.138160853031611452e+02,7.222297633609708889e-02,0.000000000000000000e+00,6.362614895776446566e+00,1.000000000000000000e+00
2.017000000000000000e+03,1.157080821636950958e+02,4.517969564213983880e+00,7.735609679691870556e-03,-2.089593602136395418e+02,9.421406262683285071e-02,0.000000000000000000e+00,9.745328781628764148e+00,1.000000000000000000e+00
2.017000000000000000e+03,1.910160672597571363e+01,2.083829546968732416e+01,-3.489021104310604388e-02,9.127471480211297603e+02,9.533670383941039717e-03,0.000000000000000000e+00,1.461634327079157636e+01,1.000000000000000000e+00
2.017000000000000000e+03,8.507130660577438164e+01,5.245972330664123007e+01,-8.480473344689350504e-03,2.282645948584410007e+02,1.441885222160914637e-01,0.000000000000000000e+00,4.590495568559471273e+00,1.000000000000000000e+00
2.017000000000000000e+03,6.690223035858710432e+01,1.103682226529383392e+01,2.595454094717843888e-03,-7.573778646558197636e+01,3.217047837566712198e-01,0.000000000000000000e+00,1.145383454926734146e+01,1.000000000000000000e+00
2.017000000000000000e+03,1.066154824887808701e+02,2.759130541562091565e+01,-7.386880991649048649e-03,1.999210764760871086e+02,1.971172075149840719e-01,0.000000000000000000e+00,3.424152970240337712e+00,1.000000000000000000e+00
2.017000000000000000e+03,1.166904467650414716e+02,4.825608388093647960e+01,3.038510125017898720e-03,-8.722082829950704763e+01,2.380350868022196309e-01,0.000000000000000000e+00,1.234174709416945070e+01,1.000000000000000000e+00
2.018000000000000000e+03,9.295101344647180497e+01,6.100751341895919388e+00,-8.865885430872324363e-03,2.382536319243447736e+02,3.204381323521610092e-02,0.000000000000000000e+00,1.300542538815107463e+01,1.000000000000000000e+00
2.019000000000000000e+03,3.917244187824051238e+01,1.865421333281975791e+01,-4.590413600262157473e-03,1.274427670831294108e+02,3.204455996914602478e-01,0.000000000000000000e+00,5.526890689978638527e+00,1.000000000000000000e+00
2.020000000000000000e+03,5.612851996690570644e+01,7.148700575047185701e+00,-3.183449237223372197e-02,8.335496133288039573e+02,2.035644954680826402e-02,0.000000000000000000e+00,1.145383454926734146e+01,1.000000000000000000e+00
2.021000000000000000e+03,2.963969218716270504e+01,1.070980864181744963e+01,-7.855886093060098982e-03,2.120766613942745948e+02,6.534612288220364995e-02,0.000000000000000000e+00,7.253393715734154590e+00,1.000000000000000000e+00
2.021000000000000000e+03,7.266621381299960092e+01,2.578154328478245105e+01,-6.308362866705723333e-03,1.719682490673657753e+02,1.431141517629275217e-01,0.000000000000000000e+00,1.000229782551166124e+01,1.000000000000000000e+00
2.021000000000000000e+03,1.198470986187909482e+01,3.449310120415913161e+01,3.214256416780851121e-03,-9.177578722672095068e+01,3.230757169880458246e-01,0.000000000000000000e+00,7.349536455427383430e+00,1.000000000000000000e+00
2.022000000000000000e+03,4.679766104419308448e+01,2.271188970535463980e+01,-5.167963571064008825e-03,1.424115972588712964e+02,1.934854822812109854e-01,0.000000000000000000e+00,8.637633059643034628e+00,1.000000000000000000e+00
2.022000000000000000e+03,3.733738973929520455e+01,2.386757159274442941e+01,-8.013872094047778255e-03,2.161713124867954150e+02,5.543825760365883593e-02,0.000000000000000000e+00,5.526890689978638527e+00,1.000000000000000000e+00
2.022000000000000000e+03,1.043702474294749578e+02,4.752710537072747599e+01,-3.708029485235766337e-02,9.695093231898247268e+02,6.717709696562601529e-03,0.000000000000000000e+00,1.234174709416945070e+01,1.000000000000000000e+00
2.022000000000000000e+03,9.642779319535446803e+01,1.863283385457209107e+01,-3.286600865216839779e-03,9.365079686665315251e+01,2.751358271834424274e-01,0.000000000000000000e+00,1.300542538815107463e+01,1.000000000000000000e+00
2.022000000000000000e+03,8.718389227081007675e+01,3.639272077459142452e+01,-3.950332724875813863e-03,1.108532728284659328e+02,1.674412302226492288e-01,0.000000000000000000e+00,8.494305250098879156e+00,1.000000000000000000e+00
2.023000000000000000e+03,6.722791934676919823e+01,3.625708541521422035e+01,-4.965097006437929963e-03,1.371537402633840941e+02,2.112402091038524388e-01,0.000000000000000000e+00,4.254580352212728123e+00,1.000000000000000000e+00
2.023000000000000000e+03,1.433865099766096307e+02,6.580949880259479912e+00,2.690904947750055991e-03,-7.821166350030019032e+01,2.079295734906010384e-01,0.000000000000000000e+00,2.078055299778738529e+01,1.000000000000000000e+00
2.023000000000000000e+03,6.735139710853327699e+01,1.730813280327259918e+01,-7.641796906930758103e-03,2.065279386314916223e+02,7.373751017225127491e-02,0.000000000000000000e+00,1.000229782551166124e+01,1.000000000000000000e+00
2.023000000000000000e+03,7.645684310085511015e+01,4.238763260065217509e+01,-1.574203089004959800e-03,4.926919734921878558e+01,4.236367784977665973e-01,0.000000000000000000e+00,1.107955966866970954e+01,1.000000000000000000e+00
2.024000000000000000e+03,1.061631912028649793e+02,3.082090267141398954e+01,-7.478261824404838602e-03,2.022894675002268912e+02,1.078384902609552665e-01,0.000000000000000000e+00,6.659654010922871237e+00,1.000000000000000000e+00
2.024000000000000000e+03,9.567650157722567883e+01,3.622298907324929473e+01,-3.051235697134616325e-03,8.755064725463545017e+01,2.156319673637181467e-01,0.000000000000000000e+00,8.494305250098879156e+00,1.000000000000000000e+00
2.025000000000000000e+03,7.719589472561192167e+01,1.167234730974361412e+01,-8.666719015687532682e-03,2.330916746975556748e+02,6.553582077921804583e-02,0.000000000000000000e+00,6.454985574041755214e+00,1.000000000000000000e+00
2.025000000000000000e+03,2.391512122558666320e+01,6.255484035175935098e+00,5.498119748054695541e-03,-1.509685221912444888e+02,2.062859573060767948e-01,0.000000000000000000e+00,7.253393715734154590e+00,1.000000000000000000e+00
2.025000000000000000e+03,5.327150818261326037e+01,3.241837468710507864e+01,-4.228626395709502578e-03,1.180660352010615526e+02,9.679405537373508839e-02,0.000000000000000000e+00,1.034490835607977388e+01,1.000000000000000000e+00
2.026000000000000000e+03,1.222503873104218002e+02,3.404743921777746607e+01,-7.199352312255220820e-03,1.950607438696632983e+02,4.502451068763402287e-02,0.000000000000000000e+00,1.162931397109668374e+01,1.000000000000000000e+00
2.026000000000000000e+03,8.786924007766889133e+01,5.148550059520950128e+01,-7.898810724030660979e-03,2.131891738067722883e+02,5.135888794440801597e-02,0.000000000000000000e+00,1.043606269695936639e+01,1.000000000000000000e+00
2.026000000000000000e+03,7.996579034019822174e+00,1.444226084027473256e+01,2.858103921420067275e-03,-8.254509466461999523e+01,3.110349579305400347e-01,0.000000000000000000e+00,8.134821916116477425e+00,1.000000000000000000e+00
2.026000000000000000e+03,2.596541345273485746e+01,4.209593026597154619e+01,-4.761031710269255507e-03,1.318648147720185193e+02,3.394275266989134066e-01,0.000000000000000000e+00,7.432888631281541869e+00,1.000000000000000000e+00
2.027000000000000000e+03,1.129067343864972486e+02,2.426023533124841336e+01,-3.803869524204443048e-02,9.943489620069964303e+02,8.354078416168086996e-03,0.000000000000000000e+00,4.824688820660275823e+00,1.000000000000000000e+00
2.027000000000000000e+03,6.344027357192253191e+01,3.431925326104792617e+01,-7.772068827802213961e-03,2.099043014724162788e+02,8.240562456137401348e-02,0.000000000000000000e+00,4.254580352212728123e+00,1.000000000000000000e+00
2.027000000000000000e+03,2.084219139414747701e+01,4.748113491792657470e+01,-9.284996445503629001e-03,2.491160714013805091e+02,1.054970433187597534e-01,0.000000000000000000e+00,6.482664995006635955e+00,1.000000000000000000e+00
2.028000000000000000e+03,4.916725447922097914e+01,6.134959888277611739e+00,-6.526831019682979504e-03,1.776304650591427219e+02,8.419645498835848230e-02,0.000000000000000000e+00,1.854116258667018258e+01,1.000000000000000000e+00
2.028000000000000000e+03,1.242476775803589675e+02,1.478571061939554276e+01,7.186416813913444612e-03,-1.947254840866045242e+02,1.168826937859086534e-01,0.000000000000000000e+00,1.055596280086798799e+01,1.000000000000000000e+00
2.029000000000000000e+03,8.092780741291878144e+01,1.693919327819619980e+01,-4.535325308614218155e-03,1.260149992291982954e+02,2.058524571311077800e-01,0.000000000000000000e+00,6.454985574041755214e+00,1.000000000000000000e+00
2.029000000000000000e+03,3.076272956704386985e+01,1.273663305561914072e+01,-9.235505838105286316e-03,2.478333832620120916e+02,5.267159758097283984e-02,0.000000000000000000e+00,8.931430860224189416e+00,1.000000000000000000e+00
2.029000000000000000e+03,9.991335894243283633e+01,2.852077479199886056e+01,-3.059259472685057265e-03,8.775860594159732386e+01,2.704715764609899598e-01,0.000000000000000000e+00,6.659654010922871237e+00,1.000000000000000000e+00
2.030000000000000000e+03,2.477383968896133482e+01,2.631669614258395740e+01,-4.018541723935595972e-03,1.126211006788693823e+02,1.733462019942890731e-01,0.000000000000000000e+00,1.484199836335201361e+01,1.000000000000000000e+00
2.030000000000000000e+03,8.456461135904692128e+01,4.158646864016835565e+01,-5.590316345326153645e-03,1.533580560447769585e+02,1.171310890834549312e-01,0.000000000000000000e+00,1.043606269695936639e+01,1.000000000000000000e+00
2.030000000000000000e+03,1.367695326779044080e+02,6.281530662408075116e+00,-6.880264181377543711e-03,1.867906784490530754e+02,1.637668555209126353e-01,0.000000000000000000e+00,1.513664202604897646e+01,1.000000000000000000e+00
2.031000000000000000e+03,1.476049028141557962e+01,9.922876784423523944e+00,-3.189555192535235319e-03,9.113558559992111441e+01,3.054550218259051153e-01,0.000000000000000000e+00,6.131525231068391868e+00,1.000000000000000000e+00
2.031000000000000000e+03,1.132220689408202503e+02,1.385681783032350900e+01,8.819556069793770686e-03,-2.370528763651804809e+02,1.055798235865350598e-01,0.000000000000000000e+00,6.333354585436143047e+00,1.000000000000000000e+00
2.031000000000000000e+03,1.098862474633458106e+02,3.828033218524419823e+01,-9.774521225366615551e-03,2.618034814386679727e+02,3.491552868542824317e-02,0.000000000000000000e+00,1.173225494987322293e+01,1.000000000000000000e+00
2.031000000000000000e+03,2.695734953161526448e+01,4.963282876028563351e+01,-1.515403882027944321e-02,4.012287941849695585e+02,1.941777742810701923e-02,0.000000000000000000e+00,6.482664995006635955e+00,1.000000000000000000e+00
2.031000000000000000e+03,9.888880719730137514e+01,4.236715415391487483e+01,3.120168956507946619e-03,-8.933724634594379665e+01,2.349639076083324118e-01,0.000000000000000000e+00,1.173225494987322293e+01,1.000000000000000000e+00
2.032000000000000000e+03,7.313371126771242814e+01,3.910935879027186246e+01,-3.470185181295609711e-02,9.078652893583488321e+02,1.489599923361994982e-02,0.000000000000000000e+00,1.081239313673260227e+01,1.000000000000000000e+00
2.032000000000000000e+03,1.150284373009967709e+02,1.992710725111871639e+01,5.863467091182384371e-03,-1.604375250670374271e+02,2.328199768265498681e-01,0.000000000000000000e+00,4.824688820660275823e+00,1.000000000000000000e+00
2.033000000000000000e+03,2.067456268435636701e+01,1.154131716701488664e+01,4.417948824618792188e-03,-1.229728578658910294e+02,1.804963628851761204e-01,0.000000000000000000e+00,6.131525231068391868e+00,1.000000000000000000e+00
2.033000000000000000e+03,6.344610742364292832e+01,1.796243082068369290e+01,2.278554749714631865e-03,-6.752444958051376034e+01,3.964387140113194707e-01,0.000000000000000000e+00,4.962630890892313573e+00,1.000000000000000000e+00
2.034000000000000000e+03,7.093593488222857957e+01,2.570320824350314837e+01,-8.374694972911900584e-03,2.255230511592787934e+02,1.108058183839529809e-01,0.000000000000000000e+00,5.951850085054136485e+00,1.000000000000000000e+00
2.034000000000000000e+03,4.684551247075553704e+01,3.431419844374359229e+01,-7.420289595080927295e-03,2.007869542987215539e+02,1.804227800749933497e-01,0.000000000000000000e+00,6.816548589887550413e+00,1.000000000000000000e+00
2.034000000000000000e+03,7.756381828074309226e+01,5.306378659957884736e+01,4.613567936138819083e-03,-1.280428767517155677e+02,1.565329768717721448e-01,0.000000000000000000e+00,1.344395519431069097e+01,1.000000000000000000e+00
2.034000000000000000e+03,4.661288030554444362e+01,1.025984728057140849e+01,-5.782006819197598770e-03,1.583262532480516711e+02,1.427350620766827394e-01,0.000000000000000000e+00,4.302941533050198331e+00,1.000000000000000000e+00
2.036000000000000000e+03,7.875371863533241878e+01,2.280154030653894281e+01,-7.286237347796268443e-03,1.973126136776066346e+02,8.481621438916187028e-02,0.000000000000000000e+00,8.338909978330528716e+00,1.000000000000000000e+00
2.036000000000000000e+03,5.722890766207643054e+01,3.949202610188361717e+01,-4.419904359748317614e-03,1.230235410530374480e+02,1.735001551911304896e-01,0.000000000000000000e+00,9.106259288184521239e+00,1.000000000000000000e+00
2.037000000000000000e+03,6.621163125100488855e+01,2.208305981630218895e+01,-4.425201102049987519e-03,1.231608210114941784e+02,4.250698240677405204e-01,0.000000000000000000e+00,4.700228480657774099e+00,1.000000000000000000e+00
2.037000000000000000e+03,4.143982327542792632e+01,3.016162586739814344e+01,-9.036484346174196089e-03,2.426751821285185713e+02,1.283871881554887739e-01,0.000000000000000000e+00,6.816548589887550413e+00,1.000000000000000000e+00
2.037000000000000000e+03,3.766758877862413613e+01,4.775039187452890133e+01,-7.933207028500978766e-03,2.140806506768593351e+02,5.841244379845600410e-02,0.000000000000000000e+00,1.417239308558726663e+01,1.000000000000000000e+00
2.037000000000000000e+03,2.702187268849158741e+01,2.211898602980053496e+01,-2.468533341151396814e-03,7.244827854079473184e+01,3.353197997423557064e-01,0.000000000000000000e+00,1.233594029084690646e+01,1.000000000000000000e+00
2.037000000000000000e+03,1.090782530224407054e+02,4.126904236955898853e+01,3.018569897591060966e-03,-8.670402128174615086e+01,3.361902028116805496e-01,0.000000000000000000e+00,8.285194848150029046e+00,1.000000000000000000e+00
2.037000000000000000e+03,1.152204576584239391e+02,4.912135359758941888e+01,-7.559713922256543726e-03,2.044005274635878777e+02,7.357929202675239644e-02,0.000000000000000000e+00,4.405340641921389633e+00,1.000000000000000000e+00
2.038000000000000000e+03,4.942518713044428580e+01,1.351656896955101139e+01,-5.666152974307828681e-03,1.553235753551690834e+02,2.266879294427761593e-01,0.000000000000000000e+00,4.302941533050198331e+00,1.000000000000000000e+00
2.038000000000000000e+03,1.273358962724374948e+02,3.371885444861489844e+01,-5.998269183921088078e-03,1.639313000398571489e+02,4.036344136130461946e-01,0.000000000000000000e+00,1.742159625764245234e+01,1.000000000000000000e+00
2.038000000000000000e+03,5.180871512242610777e+01,4.680950319831281092e+01,-6.085490440120118125e-03,1.661918839507964947e+02,2.572301324611053763e-01,0.000000000000000000e+00,9.106259288184521239e+00,1.000000000000000000e+00
2.039000000000000000e+03,1.071037772242726049e+02,3.322255872797614984e+01,-8.481293834974456755e-03,2.282858601694262290e+02,7.263823305031458233e-02,0.000000000000000000e+00,8.285194848150029046e+00,1.000000000000000000e+00
2.039000000000000000e+03,9.670381446421727389e+01,5.476714540092513239e+00,-3.874141616326191254e-03,1.088785661841258730e+02,2.434493539815584251e-01,0.000000000000000000e+00,1.577172708412248348e+01,1.000000000000000000e+00
2.039000000000000000e+03,1.464605625819776336e+01,1.395150181266355105e+01,4.112099333941010397e-03,-1.150459090012990515e+02,1.734697518465571076e-01,0.000000000000000000e+00,8.148891187246276147e+00,1.000000000000000000e+00
2.039000000000000000e+03,9.210481095855284650e+01,5.277214996226987154e+01,1.698764411882613479e-03,-5.249755399865759387e+01,3.894555938852055643e-01,0.000000000000000000e+00,1.454391694091855669e+01,1.000000000000000000e+00
2.040000000000000000e+03,6.268786119598632922e+01,1.547942962402786193e+01,-7.272886995141906487e-03,1.969666017794639288e+02,3.263271790694703967e-01,0.000000000000000000e+00,4.944955568133012846e+00,1.000000000000000000e+00
2.040000000000000000e+03,9.635018311286644987e+00,7.525466777262886708e+00,-4.590457147587661754e-03,1.274438957344202805e+02,1.832825035855959461e-01,0.000000000000000000e+00,8.148891187246276147e+00,1.000000000000000000e+00
2.040000000000000000e+03,6.720597539152187494e+01,1.748921311657373323e+01,7.725735880254560282e-03,-2.087034529598287520e+02,2.728940143827828235e-01,0.000000000000000000e+00,4.700228480657774099e+00,1.000000000000000000e+00
2.040000000000000000e+03,9.204797760439910803e+01,3.575717157952707481e+01,-6.943315330755133602e-03,1.884248261334657855e+02,8.865014518628300255e-02,0.000000000000000000e+00,1.313825994303448219e+01,1.000000000000000000e+00
2.042000000000000000e+03,6.796740830531684097e+00,2.958267008292812861e+01,-8.615441467487801666e-03,2.317626729667365737e+02,1.310283878733939922e-01,0.000000000000000000e+00,1.563648760271925475e+01,1.000000000000000000e+00
2.042000000000000000e+03,7.317450481672425155e+01,8.648362615986920687e+00,3.148998371163832816e-03,-9.008444162577536929e+01,2.959241449919308709e-01,0.000000000000000000e+00,7.887199408687344260e+00,1.000000000000000000e+00
2.042000000000000000e+03,8.095271489917379881e+01,1.939059994503712758e+01,-4.640746027927226784e-03,1.287472733598853836e+02,1.691304829850878155e-01,0.000000000000000000e+00,6.288015013624634442e+00,1.000000000000000000e+00
2.042000000000000000e+03,1.196204271307277764e+02,4.933882730670996608e+01,-6.522482499920357300e-03,1.775177609519082012e+02,1.487019762458100525e-01,0.000000000000000000e+00,3.787696950860897083e+00,1.000000000000000000e+00
2.043000000000000000e+03,3.399605652698570424e+01,3.483736648244012457e+01,3.165378493346770496e-03,-9.050897851368115710e+01,2.403598652326213170e-01,0.000000000000000000e+00,1.493235532447694425e+01,1.000000000000000000e+00
2.044000000000000000e+03,8.114875771114891734e+01,8.082013875075960030e+00,-1.012981162107095406e-02,2.710118302660198992e+02,7.841093643308461036e-02,0.000000000000000000e+00,7.994339254783449533e+00,1.000000000000000000e+00
2.044000000000000000e+03,3.301322264220338809e+01,4.973734208951272961e+01,3.856960452380527558e-03,-1.084332680483348668e+02,1.257343793436757062e-01,0.000000000000000000e+00,1.493235532447694425e+01,1.000000000000000000e+00
2.044000000000000000e+03,8.508954970120743155e+01,2.461292842681239890e+01,-4.338000753119667166e-03,1.209007789711644421e+02,2.187984989088437304e-01,0.000000000000000000e+00,6.662290668447140796e+00,1.000000000000000000e+00
2.045000000000000000e+03,1.078758834639782265e+02,4.786652719148217727e+01,-5.035733191090780055e-03,1.389844754478442042e+02,2.604957086090146090e-01,0.000000000000000000e+00,5.804720583459601180e+00,1.000000000000000000e+00
2.045000000000000000e+03,5.338637392242394952e+01,4.889718505792722425e+01,-3.345447685716509273e-03,9.517597755572658969e+01,2.526850669780376091e-01,0.000000000000000000e+00,1.221638901431011170e+01,1.000000000000000000e+00
2.046000000000000000e+03,5.839577813695669306e+01,5.928587825512344089e+00,4.437012036038124468e-03,-1.234669345497562745e+02,2.335943612228679189e-01,0.000000000000000000e+00,1.502690710645988048e+01,1.000000000000000000e+00
2.046000000000000000e+03,1.266806063016980666e+01,4.407499040647778088e+01,-4.293471506678091243e-02,1.121243071605505747e+03,7.035071965300909724e-02,0.000000000000000000e+00,6.582686655459936809e+00,1.000000000000000000e+00
2.046000000000000000e+03,1.192919190484379328e+02,2.871379970774033552e+01,-2.849709935992548841e-03,8.232754094855326343e+01,1.835874141749911370e-01,0.000000000000000000e+00,1.737662348278353264e+01,1.000000000000000000e+00
2.046000000000000000e+03,1.158666061331388448e+02,4.883338086086097718e+01,-4.954545651815582714e-03,1.368802722632963196e+02,2.607442725447289833e-01,0.000000000000000000e+00,3.787696950860897083e+00,1.000000000000000000e+00
2.047000000000000000e+03,7.555305520762605909e+01,1.616836345045089374e+01,-7.251070850687310609e-03,1.964011751013586320e+02,1.060282910753667096e-01,0.000000000000000000e+00,6.288015013624634442e+00,1.000000000000000000e+00
2.047000000000000000e+03,6.883156195987430692e+01,2.807074229654626407e+01,-4.932073114497735437e-03,1.362978333199407359e+02,1.906438104257947019e-01,0.000000000000000000e+00,9.777596120562121129e+00,1.000000000000000000e+00
2.048000000000000000e+03,9.852659889847562624e+01,1.944616745849485895e+01,-3.348232357988081137e-02,8.762577888158725727e+02,1.055746993982897841e-02,0.000000000000000000e+00,8.586384041506892828e+00,1.000000000000000000e+00
2.048000000000000000e+03,7.442028702147126751e+01,3.609368054152294292e+01,-5.027207436093389381e-03,1.387635065531549117e+02,1.416109768731994567e-01,0.000000000000000000e+00,9.777596120562121129e+00,1.000000000000000000e+00
2.048000000000000000e+03,1.780198598524161469e+01,4.819501152930241261e+01,-2.831166585820098572e-02,7.422456664963859794e+02,2.255061906435139596e-01,0.000000000000000000e+00,6.582686655459936809e+00,1.000000000000000000e+00
2.048000000000000000e+03,6.556338108906913931e+01,4.987731617794558048e+01,-1.982656092257349938e-03,5.985540451665783479e+01,3.974257550244628678e-01,0.000000000000000000e+00,1.120895725881957183e+01,1.000000000000000000e+00
2.048000000000000000e+03,7.654268573108579687e+01,5.213465806783187872e+01,-8.446401281262583619e-03,2.273815216059841191e+02,5.546577413459741202e-02,0.000000000000000000e+00,1.120895725881957183e+01,1.000000000000000000e+00
2.049000000000000000e+03,1.019720140236787955e+02,2.731096914215259019e+01,-8.114060395521531521e-03,2.187679738081950234e+02,2.293815260692867453e-01,0.000000000000000000e+00,8.586384041506892828e+00,1.000000000000000000e+00
2.049000000000000000e+03,8.899964895035510892e+01,3.319282496970699725e+01,-3.285649485226402322e-02,8.600376790134426983e+02,1.047864219663503516e-01,0.000000000000000000e+00,5.002620913042632012e+00,1.000000000000000000e+00
2.049000000000000000e+03,1.031762680554304552e+02,4.445941755664799189e+01,-8.082884026270897165e-03,2.179599506060449983e+02,5.423567381466587456e-02,0.000000000000000000e+00,5.804720583459601180e+00,1.000000000000000000e+00
2.049000000000000000e+03,2.304352436222755784e+01,1.491343309345915991e+01,-3.935362347078735952e-03,1.104652734271326722e+02,1.471017882188586645e-01,0.000000000000000000e+00,7.053898715284184107e+00,1.000000000000000000e+00
2.050000000000000000e+03,7.574416377231793263e+01,6.796985387233926090e+00,-3.682859503824172185e-03,1.039209528130705422e+02,2.462030659662669541e-01,0.000000000000000000e+00,5.663833748615287433e+00,1.000000000000000000e+00
2.051000000000000000e+03,1.161158638709988367e+02,1.122532465179550698e+01,-5.057212444261690969e-03,1.395411706418042002e+02,2.208852564806984553e-01,0.000000000000000000e+00,1.025325498313126005e+01,1.000000000000000000e+00
2.051000000000000000e+03,1.390450632095409560e+02,2.310401975890300363e+01,-7.044533361470939510e-03,1.910481757812969192e+02,2.604652605628420270e-01,0.000000000000000000e+00,5.999933675302358438e+00,1.000000000000000000e+00
2.051000000000000000e+03,3.083117281279129784e+01,4.059753390377153437e+01,-7.745717967787010307e-03,2.092213448998365664e+02,9.408356603456657918e-02,0.000000000000000000e+00,1.176270646590663738e+01,1.000000000000000000e+00
2.051000000000000000e+03,1.363409324797859767e+01,1.874724097714058146e+01,-3.627034050548943404e-03,1.024740793444414351e+02,2.986324367578542249e-01,0.000000000000000000e+00,5.934100060817603328e+00,1.000000000000000000e+00
2.052000000000000000e+03,1.410253100368767036e+02,2.925182606322175261e+01,7.583052468181871592e-03,-2.050054114531411074e+02,1.232301091036133167e-01,0.000000000000000000e+00,6.458862117478174625e+00,1.000000000000000000e+00
2.052000000000000000e+03,8.420790388675203531e+01,3.462997327278746695e+01,-3.125489824783118931e-02,8.185278031692535023e+02,7.105863356731578762e-02,0.000000000000000000e+00,5.002620913042632012e+00,1.000000000000000000e+00
2.052000000000000000e+03,1.422510316446468153e+02,4.685884052679558920e+01,-8.805398052629500455e-03,2.366859315720520840e+02,7.678443048442440411e-02,0.000000000000000000e+00,8.544302152253202109e+00,1.000000000000000000e+00
2.052000000000000000e+03,1.080014750514254871e+02,4.957475592198663961e+00,-9.698321285830289323e-03,2.598285459144959759e+02,1.684145444662576985e-01,0.000000000000000000e+00,1.025325498313126005e+01,1.000000000000000000e+00
2.052000000000000000e+03,9.525427554926291407e+01,3.854364063548347730e+01,-5.814150121205950358e-03,1.591593372293089033e+02,3.446340283942357363e-01,0.000000000000000000e+00,7.783432316776500492e+00,1.000000000000000000e+00
2.053000000000000000e+03,3.143076377916864672e+01,5.843500785585469259e+00,-4.078563448630591337e-03,1.141767323111714916e+02,3.397032668221160456e-01,0.000000000000000000e+00,5.701296880760886587e+00,1.000000000000000000e+00
2.053000000000000000e+03,4.208666299887039486e+01,4.401443367902965065e+01,-7.256530056518189185e-03,1.965426657586317845e+02,7.140584226589541395e-02,0.000000000000000000e+00,1.176270646590663738e+01,1.000000000000000000e+00
2.053000000000000000e+03,1.430414363639062003e+02,1.862873141968998070e+01,-7.905996882846145352e-03,2.133754233026826626e+02,1.374315827424293923e-01,0.000000000000000000e+00,5.999933675302358438e+00,1.000000000000000000e+00
2.053000000000000000e+03,4.459779037871670226e+01,3.094751507655329803e+01,7.135002645121071678e-03,-1.933929414492783394e+02,6.574560789088634838e-02,0.000000000000000000e+00,9.890632876392562167e+00,1.000000000000000000e+00
2.054000000000000000e+03,8.619279460267410542e+00,2.823887966617505896e+01,-2.894214247213133459e-02,7.585862393313174152e+02,9.921825611381107635e-03,0.000000000000000000e+00,1.073496913496235194e+01,1.000000000000000000e+00
2.054000000000000000e+03,7.925201600992470219e+01,1.462449898936569248e+01,1.508710576230192597e-03,-4.757177487312201691e+01,4.963442592893250183e-01,0.000000000000000000e+00,3.990954322942984689e+00,1.000000000000000000e+00
2.054000000000000000e+03,1.262002617975457071e+02,4.166143700900627778e+01,-3.372761014318033466e-03,9.588387920586920643e+01,2.057753463618444689e-01,0.000000000000000000e+00,1.066688650107561998e+01,1.000000000000000000e+00
2.055000000000000000e+03,5.491316836405292179e+01,1.719750597547130866e+01,-8.158996065055318728e-03,2.199326079352657075e+02,5.586579614551046014e-02,0.000000000000000000e+00,3.687020072840088147e+00,1.000000000000000000e+00
2.055000000000000000e+03,2.425838173150344090e+01,7.769642043187164226e+00,-7.705552078337586479e-03,2.081803330248099257e+02,8.731246945472281862e-02,0.000000000000000000e+00,7.426512262287429778e+00,1.000000000000000000e+00
2.055000000000000000e+03,4.373608216193602516e+01,1.295210648658555819e+01,7.177175238378123712e-03,-1.944859626915078366e+02,1.534512966963093028e-01,0.000000000000000000e+00,9.027936374720805901e+00,1.000000000000000000e+00
2.055000000000000000e+03,1.299526788149929928e+02,3.167635643076349083e+01,-7.722007899905770911e-03,2.086068318749690889e+02,7.924355879570910144e-02,0.000000000000000000e+00,4.268543455585124491e+00,1.000000000000000000e+00
2.056000000000000000e+03,1.919355675865173794e+01,2.082230941102158539e+01,3.657088076985246655e-02,-9.563064259936481903e+02,1.003285433660539017e-02,0.000000000000000000e+00,5.934100060817603328e+00,1.000000000000000000e+00
2.056000000000000000e+03,1.342306303919771793e+01,5.137871057550057685e+01,-2.293328076964860213e-02,6.028497058343011759e+02,2.017532094844254331e-02,0.000000000000000000e+00,1.083477874655317130e+01,1.000000000000000000e+00
2.056000000000000000e+03,7.938954826617481331e+01,4.637499617790095385e+01,-7.985106339040462867e-03,2.154257671256144704e+02,2.645539134775778400e-01,0.000000000000000000e+00,5.650361897092536445e+00,1.000000000000000000e+00
2.056000000000000000e+03,9.026066882026148619e+01,3.257323776248466629e+01,-7.602139671223834272e-03,2.055001099473135753e+02,3.206778251927488999e-01,0.000000000000000000e+00,6.392661753891111687e+00,1.000000000000000000e+00
2.056000000000000000e+03,1.114951421032418892e+02,3.463019641439620244e+01,4.130936917978661818e-03,-1.155341379176461203e+02,1.470759554323178842e-01,0.000000000000000000e+00,8.164538146882343028e+00,1.000000000000000000e+00
2.057000000000000000e+03,3.194110997336989399e+01,2.734578484740820770e+01,-8.165911998454995421e-03,2.201118537803010327e+02,4.320550130579248194e-02,0.000000000000000000e+00,1.085764223439873000e+01,1.000000000000000000e+00
2.057000000000000000e+03,8.946229671691483532e+01,1.761459236106562187e+01,-1.452482377712753514e-02,3.849209185012663852e+02,2.947828153645548621e-02,0.000000000000000000e+00,8.367075942888893891e+00,1.000000000000000000e+00
2.057000000000000000e+03,7.386055745005533879e+01,4.753983527553705102e+01,-8.539412547637218256e-03,2.297921698982169403e+02,1.646143402169253367e-01,0.000000000000000000e+00,5.650361897092536445e+00,1.000000000000000000e+00
2.057000000000000000e+03,1.344353934675386597e+02,5.031150604107990887e+01,-2.530620100921884830e-02,6.643506007913092617e+02,1.238430809248480813e-02,0.000000000000000000e+00,8.544302152253202109e+00,1.000000000000000000e+00
2.057000000000000000e+03,1.062293255473830271e+02,4.086965625896124976e+01,2.592345814035069192e-03,-7.565722663867315134e+01,3.033306182056427769e-01,0.000000000000000000e+00,8.084325664124291322e+00,1.000000000000000000e+00
2.058000000000000000e+03,7.262442455540187325e+01,6.017262477324931247e+00,-4.630649579905043826e-03,1.284855955424448553e+02,1.678506835300817013e-01,0.000000000000000000e+00,5.977733634366324544e+00,1.000000000000000000e+00
2.058000000000000000e+03,3.488569540124528601e+01,1.037872223655660164e+01,6.283169763349330701e-03,-1.713152990114282943e+02,1.013918712075844164e-01,0.000000000000000000e+00,5.701296880760886587e+00,1.000000000000000000e+00
2.058000000000000000e+03,4.119205789845030807e+01,2.166174074328221977e+01,-8.661852647846352352e-03,2.329655491024211358e+02,1.040694518117923906e-01,0.000000000000000000e+00,4.156115483709359459e+00,1.000000000000000000e+00
2.058000000000000000e+03,8.293680382348587443e+01,3.406058443175607664e+01,5.599583086087406292e-03,-1.535982296674077929e+02,2.462025038606482363e-01,0.000000000000000000e+00,5.843039266822017908e+00,1.000000000000000000e+00
2.059000000000000000e+03,5.040562669753830249e+01,6.867633553485695153e+00,-3.663222539958621571e-02,9.578963444268591729e+02,1.916430419367176619e-02,0.000000000000000000e+00,7.414978169296713162e+00,1.000000000000000000e+00
2.059000000000000000e+03,9.876469207377716941e+01,3.776553503897940089e+01,-8.036620436436797688e-03,2.167608996934714014e+02,5.421787225517260556e-02,0.000000000000000000e+00,8.084325664124291322e+00,1.000000000000000000e+00
2.059000000000000000e+03,9.272100537111830931e+01,9.908180891315939931e+00,-4.056265081089947128e-03,1.135988074669389363e+02,2.835298796192479154e-01,0.000000000000000000e+00,4.145127045340712968e+00,1.000000000000000000e+00
2.059000000000000000e+03,6.877982809440572964e+01,3.582554378572405795e+01,-3.502050462650246887e-02,9.161240723072521632e+02,1.105003641616364440e-02,0.000000000000000000e+00,1.061921205275267788e+01,1.000000000000000000e+00
2.059000000000000000e+03,8.207061139167704766e+01,1.179903681800652748e+01,4.670292129941111189e-03,-1.295130436062017907e+02,3.305776742040791305e-01,0.000000000000000000e+00,3.990954322942984689e+00,1.000000000000000000e+00
2.059000000000000000e+03,8.122345599743233890e+01,4.077570647088421651e+01,3.589262071056463846e-03,-1.014951123718701496e+02,3.749715832888534939e-01,0.000000000000000000e+00,5.891965952877672663e+00,1.000000000000000000e+00
2.059000000000000000e+03,7.899817646120808057e+00,4.205743433162629685e+01,-2.349562559552804616e-03,6.936481647576835030e+01,3.561324385943728243e-01,0.000000000000000000e+00,1.083477874655317130e+01,1.000000000000000000e+00
2.060000000000000000e+03,5.715574904021165992e+01,1.427091257555304438e+01,3.815886515500758504e-03,-1.073687215729038371e+02,4.569713132347781315e-01,0.000000000000000000e+00,3.687020072840088147e+00,1.000000000000000000e+00
2.060000000000000000e+03,7.862450006420121440e+01,1.478065587336228504e+01,-4.240633994685156886e-03,1.183772458650244346e+02,3.843179715438900246e-01,0.000000000000000000e+00,4.556943654755652773e+00,1.000000000000000000e+00
2.060000000000000000e+03,8.100761342706397272e+01,1.891391053606314898e+01,3.920503615103429658e-03,-1.100801676409503500e+02,3.668406247967730405e-01,0.000000000000000000e+00,4.771061035764841307e+00,1.000000000000000000e+00
2.060000000000000000e+03,1.183979374135717819e+02,1.988428015500332080e+01,-2.607569657794836081e-03,7.605179532256659058e+01,2.499319493446121587e-01,0.000000000000000000e+00,1.137934348522691153e+01,1.000000000000000000e+00
2.060000000000000000e+03,1.260144935620800055e+02,3.332291652561495710e+01,3.570789539221508151e-03,-1.010163448090053464e+02,1.665436441070734519e-01,0.000000000000000000e+00,4.268543455585124491e+00,1.000000000000000000e+00
2.061000000000000000e+03,7.811399613043418810e+01,3.076185227690242030e+01,-2.581090851830153150e-03,7.536552267122964111e+01,4.449446837770879570e-01,0.000000000000000000e+00,5.843039266822017908e+00,1.000000000000000000e+00
2.062000000000000000e+03,7.808866295324857276e+01,8.441184533607302143e+00,-7.674069408258240958e-03,2.073643711761020825e+02,9.536307738533744693e-02,0.000000000000000000e+00,5.208750841626816452e+00,1.000000000000000000e+00
2.062000000000000000e+03,3.877607781311213841e+01,1.827997550288216289e+01,4.494515668615198072e-03,-1.249573027499994851e+02,2.257687278303730505e-01,0.000000000000000000e+00,4.156115483709359459e+00,1.000000000000000000e+00
2.062000000000000000e+03,1.348827687322146573e+02,3.165234723582960186e+01,-6.844118359593569061e-03,1.858538579223447869e+02,1.696956146264250176e-01,0.000000000000000000e+00,9.024251007435506011e+00,1.000000000000000000e+00
2.062000000000000000e+03,1.313221971538472133e+02,1.247843661089610734e+01,-4.383268738704186422e-03,1.220740260023638939e+02,1.439180568669121696e-01,0.000000000000000000e+00,1.224755463760356733e+01,1.000000000000000000e+00
2.063000000000000000e+03,2.581312396454623226e+01,4.186549044312636170e+01,3.706601120647098555e-03,-1.045362835174016709e+02,1.512948746634644737e-01,0.000000000000000000e+00,9.201610496513037418e+00,1.000000000000000000e+00
2.063000000000000000e+03,3.697524006962188992e+01,4.791717005075688718e+01,-8.393288369978671448e-03,2.260049512842086301e+02,1.296467247291565039e-01,0.000000000000000000e+00,3.597331491086404043e+00,1.000000000000000000e+00
2.064000000000000000e+03,9.663871282429091991e+01,1.126230294392818898e+01,3.099677775318071798e-03,-8.880615981345597731e+01,2.541030205981062995e-01,0.000000000000000000e+00,4.145127045340712968e+00,1.000000000000000000e+00
2.064000000000000000e+03,5.175560606281146647e+01,1.415868676714992525e+01,-8.036482023365739205e-03,2.167573123298500377e+02,8.063883886041245397e-02,0.000000000000000000e+00,4.711103779119905077e+00,1.000000000000000000e+00
2.065000000000000000e+03,8.380723318891126894e+01,3.316858727837338705e+01,-8.891817078838935157e-03,2.389257234388684594e+02,1.562500193470537369e-01,0.000000000000000000e+00,6.181045346162913567e+00,1.000000000000000000e+00
2.066000000000000000e+03,1.235421813296170939e+02,3.133505824270558549e+01,-2.961067311114637737e-02,7.759130891427766983e+02,2.109863604476625021e-02,0.000000000000000000e+00,8.658527634775621706e+00,1.000000000000000000e+00
2.066000000000000000e+03,9.724006074209376038e+01,3.421883679880284035e+01,-7.095518504454977234e-03,1.923695990094106492e+02,1.976468159754798393e-01,0.000000000000000000e+00,1.347382203120929667e+01,1.000000000000000000e+00
2.066000000000000000e+03,1.208502436811835992e+02,2.069591241355290023e+01,-7.871125631805718503e-03,2.124716368578229719e+02,1.119873916516542778e-01,0.000000000000000000e+00,8.811211036056505463e+00,1.000000000000000000e+00
2.067000000000000000e+03,6.350651351562852653e+01,7.716747887662669392e+00,-7.910766998716033116e-03,2.134990542575519328e+02,6.174163332454496445e-02,0.000000000000000000e+00,1.340083588779897816e+01,1.000000000000000000e+00
2.067000000000000000e+03,1.663200558725626621e+01,1.539479222049415696e+01,-7.117194506246966521e-03,1.929313934966701538e+02,8.559519309497543027e-02,0.000000000000000000e+00,6.010740213187764525e+00,1.000000000000000000e+00
2.067000000000000000e+03,1.259319918854003220e+02,4.258276802901827551e+01,-8.018447835641099447e-03,2.162899056861741656e+02,8.288463785977695508e-02,0.000000000000000000e+00,1.149878993327764043e+01,1.000000000000000000e+00
2.067000000000000000e+03,4.715933593717502958e+01,1.312485904948132642e+01,3.337084941477864129e-03,-9.495923354284465745e+01,4.338130120758194597e-01,0.000000000000000000e+00,4.711103779119905077e+00,1.000000000000000000e+00
2.067000000000000000e+03,8.001564715025478947e+00,4.175404186864971479e+01,2.061298889377411597e-03,-6.189365355855658635e+01,3.606557302603897730e-01,0.000000000000000000e+00,3.885641352022527251e+00,1.000000000000000000e+00
2.068000000000000000e+03,8.627585299779818229e+01,5.019347194660437594e+01,-5.317589939471744492e-03,1.462895849858878989e+02,1.755815169870383885e-01,0.000000000000000000e+00,1.720292945191008727e+01,1.000000000000000000e+00
2.069000000000000000e+03,8.385332824150374620e+01,1.323899563953681557e+01,-2.943779074623167208e-02,7.714323569263141280e+02,1.463498202005819593e-02,0.000000000000000000e+00,9.568786476153510634e+00,1.000000000000000000e+00
2.069000000000000000e+03,1.384574819596529096e+02,4.501638056374028452e+01,-4.358690132224971557e-03,1.214370023594867973e+02,1.349616552159977889e-01,0.000000000000000000e+00,1.275971675114131010e+01,1.000000000000000000e+00
2.069000000000000000e+03,1.286573774733723496e+02,6.289099182753274953e+00,-4.412236948855000583e-03,1.228248185574058624e+02,1.838949502143794046e-01,0.000000000000000000e+00,1.638620168056888815e+01,1.000000000000000000e+00
2.069000000000000000e+03,1.091522078016889878e+02,4.745862709632137211e+01,-3.148852482226844988e-03,9.008066050408426406e+01,3.251486636870514202e-01,0.000000000000000000e+00,1.057385916282123972e+01,1.000000000000000000e+00
2.071000000000000000e+03,1.402205179995259421e+01,2.080932259150249664e+01,-3.720937645113739454e-03,1.049078548288045027e+02,2.210817323533359469e-01,0.000000000000000000e+00,6.010740213187764525e+00,1.000000000000000000e+00
2.071000000000000000e+03,6.694171669543980840e+01,4.139401507212761544e+01,-7.113222861971888605e-03,1.928284571765634041e+02,4.720604289766261452e-02,0.000000000000000000e+00,2.124239317600416399e+01,1.000000000000000000e+00
2.071000000000000000e+03,2.680393682480632478e+01,3.012224332926517434e+01,3.148913279834020251e-03,-9.008223624489096437e+01,2.967955250117925159e-01,0.000000000000000000e+00,6.607581921565474303e+00,1.000000000000000000e+00
2.071000000000000000e+03,4.035227364030376407e+01,3.854744069822648100e+01,1.967720428814760669e-03,-5.946830483535448764e+01,4.519157832010083364e-01,0.000000000000000000e+00,4.814476545620358650e+00,1.000000000000000000e+00
2.072000000000000000e+03,1.053666482420976109e+02,2.014222679905734381e+01,-6.796273935239707104e-03,1.846138352416843134e+02,1.689318282028957618e-01,0.000000000000000000e+00,8.237106376461605706e+00,1.000000000000000000e+00
2.072000000000000000e+03,1.029209249744738841e+01,4.489278225206800954e+01,2.510128896849490865e-03,-7.352634423344109393e+01,2.427894655777115274e-01,0.000000000000000000e+00,3.885641352022527251e+00,1.000000000000000000e+00
2.073000000000000000e+03,1.182269896558580342e+02,3.348167171135660425e+01,-4.991653940414283314e-03,1.378420378216516724e+02,2.954571336139516502e-01,0.000000000000000000e+00,7.649435882788237606e+00,1.000000000000000000e+00
2.073000000000000000e+03,7.987899342804665537e+01,4.534609537302992877e+00,-3.511349918640877324e-03,9.947580004030471912e+01,3.037210582095771771e-01,0.000000000000000000e+00,9.568786476153510634e+00,1.000000000000000000e+00
2.074000000000000000e+03,1.123503422390323010e+02,2.858484779546952126e+01,-7.062783916495101594e-03,1.915211901914447310e+02,2.184246821905968527e-01,0.000000000000000000e+00,7.649435882788237606e+00,1.000000000000000000e+00
2.074000000000000000e+03,1.006482798018796103e+02,2.689403549891689948e+01,-2.013788287052567169e-02,5.303991153382057746e+02,2.025212779810492414e-02,0.000000000000000000e+00,8.237106376461605706e+00,1.000000000000000000e+00
2.074000000000000000e+03,4.399738603311834595e+01,5.210048094219289538e+01,-7.570685258566198575e-03,2.046848804690813211e+02,3.912229967452063306e-02,0.000000000000000000e+00,1.403466224071044977e+01,1.000000000000000000e+00
2.074000000000000000e+03,5.553394907509356671e+01,7.973251413354886630e+00,4.869379814051128658e-03,-1.346729602959855754e+02,2.472245422035714846e-01,0.000000000000000000e+00,7.050165768785967124e+00,1.000000000000000000e+00
2.074000000000000000e+03,2.998664312165177037e+01,2.433168899671468566e+01,3.253509218281645278e-03,-9.279313386215014248e+01,3.880063595973771706e-01,0.000000000000000000e+00,5.878258353432225469e+00,1.000000000000000000e+00
2.074000000000000000e+03,1.287210640616027320e+02,3.359248603144926903e+01,7.707275759831789044e-03,-2.082250070735817360e+02,5.248188934458841715e-02,0.000000000000000000e+00,8.194711601173247928e+00,1.000000000000000000e+00
2.074000000000000000e+03,2.478522701851733245e+01,4.007038494403966666e+01,2.770043106835096136e-03,-8.026275123928863309e+01,3.324520177568183188e-01,0.000000000000000000e+00,1.015089704753305888e+01,1.000000000000000000e+00
2.075000000000000000e+03,4.812317129693271767e+01,1.931063386370940194e+01,-3.456774739038673272e-02,9.043895964681391888e+02,1.692125136518496387e-02,0.000000000000000000e+00,1.274883127452246256e+01,1.000000000000000000e+00
2.076000000000000000e+03,2.861892054633111826e+01,1.861476183025069631e+01,-4.493321869176219487e-03,1.249263620834435500e+02,1.952956628321892429e-01,0.000000000000000000e+00,4.409221617828841921e+00,1.000000000000000000e+00
2.076000000000000000e+03,1.066546047909295680e+02,3.374346124820658588e+01,8.586943489880184688e-03,-2.310240678092152962e+02,2.567463339463741390e-01,0.000000000000000000e+00,3.955576635722317658e+00,1.000000000000000000e+00
2.077000000000000000e+03,8.938452478553674041e+01,9.061945270870898739e+00,-6.937174711875083999e-02,1.806433034626648578e+03,1.767152707361763220e-02,0.000000000000000000e+00,1.052862266550891945e+01,1.000000000000000000e+00
2.077000000000000000e+03,8.126017166017394544e+00,6.869754674315022847e+00,-3.487331636439021474e-03,9.885329877536054255e+01,2.141247569884281443e-01,0.000000000000000000e+00,2.022643698870475859e+01,1.000000000000000000e+00
2.077000000000000000e+03,6.025091699296746839e+01,1.321300818529666898e+01,-6.133922387614032870e-03,1.674471339443344391e+02,1.851194340382344983e-01,0.000000000000000000e+00,7.050165768785967124e+00,1.000000000000000000e+00
2.077000000000000000e+03,3.724911543928947566e+01,1.265574032052655795e+01,3.168220752881856488e-03,-9.058264365513552718e+01,2.016730037638717610e-01,0.000000000000000000e+00,1.048762133392503237e+01,1.000000000000000000e+00
2.077000000000000000e+03,8.086522070348920010e+01,3.919912461418379479e+01,4.550156935212898955e-03,-1.263994025033901920e+02,1.734587275541207285e-01,0.000000000000000000e+00,1.602118355542852868e+01,1.000000000000000000e+00
2.078000000000000000e+03,1.274831666023271453e+02,2.549181271951263383e+01,-8.025257553603597910e-03,2.164663986597324765e+02,5.689615707358908203e-02,0.000000000000000000e+00,8.194711601173247928e+00,1.000000000000000000e+00
2.078000000000000000e+03,3.712727756164878912e+01,2.668263639177824587e+01,-7.542948719385996793e-03,2.039660101277412707e+02,4.941906694870445982e-02,0.000000000000000000e+00,7.517686735959917321e+00,1.000000000000000000e+00
2.078000000000000000e+03,1.391963441442214844e+02,3.030499680656314965e+01,-7.645709014738758490e-03,2.066293318967805703e+02,1.111394205816483849e-01,0.000000000000000000e+00,1.097902901959237276e+01,1.000000000000000000e+00
2.078000000000000000e+03,1.049455661153612738e+02,3.731078143659507163e+01,-9.029387540109045859e-03,2.424912484601782694e+02,1.367684477017121480e-01,0.000000000000000000e+00,3.955576635722317658e+00,1.000000000000000000e+00
2.078000000000000000e+03,4.330774767493650046e+01,3.217556738859301646e+01,-3.170903765363190449e-03,9.065218146177193148e+01,4.292140569815117157e-01,0.000000000000000000e+00,8.268645702714024992e+00,1.000000000000000000e+00
2.079000000000000000e+03,4.622288369816607734e+00,4.583847718011323735e+01,-3.794595225806154243e-02,9.919452670067111058e+02,8.591804548393144891e-03,0.000000000000000000e+00,2.097176632988078993e+01,1.000000000000000000e+00
2.080000000000000000e+03,4.868743065396297709e+01,4.089585164533235684e+01,-4.080246235356707260e-03,1.142203464571305886e+02,1.402488808341457727e-01,0.000000000000000000e+00,7.304691091920470392e+00,1.000000000000000000e+00
2.080000000000000000e+03,2.682176650597542533e+01,1.458841452402357497e+01,2.275734328137993517e-03,-6.745135043110840911e+01,4.447937935267632925e-01,0.000000000000000000e+00,4.409221617828841921e+00,1.000000000000000000e+00
2.080000000000000000e+03,2.125474029893699068e+01,2.862356185017403476e+01,-2.633956535880542429e-03,7.673568540463959664e+01,2.764356131377233572e-01,0.000000000000000000e+00,1.242607051947345376e+01,1.000000000000000000e+00
2.081000000000000000e+03,1.158782498020516130e+02,3.902631363379164497e+01,-8.085919949667078055e-03,2.180386350905769461e+02,8.548158959537799362e-02,0.000000000000000000e+00,1.062940057665898408e+01,1.000000000000000000e+00
2.081000000000000000e+03,9.690241620746584772e+01,3.249171342458401313e+01,-5.444840154198145842e-03,1.495876318222883015e+02,1.689528876705920224e-01,0.000000000000000000e+00,9.376336008551870549e+00,1.000000000000000000e+00
2.081000000000000000e+03,2.709771663459497759e+01,5.037719641875529675e+01,7.367095234024627522e-03,-1.994082729772536595e+02,6.316244298233419929e-02,0.000000000000000000e+00,1.245946910538994423e+01,1.000000000000000000e+00
2.082000000000000000e+03,5.507804828802316877e+01,2.198787956791881371e+01,-7.288973251995766942e-03,1.973835223217236603e+02,1.705746344724169417e-01,0.000000000000000000e+00,9.401163816456580946e+00,1.000000000000000000e+00
2.083000000000000000e+03,1.094291098674368357e+02,5.810001493996220567e+00,-7.002786150312799961e-03,1.899661795113128164e+02,1.046493085872183260e-01,0.000000000000000000e+00,1.217075501673095594e+01,1.000000000000000000e+00
2.083000000000000000e+03,7.048525319745398576e+01,8.433929433986410373e+00,2.398896815656135269e-03,-7.064345233204245744e+01,3.148250662689942025e-01,0.000000000000000000e+00,1.660958119134346944e+01,1.000000000000000000e+00
2.083000000000000000e+03,8.860568861874111235e+01,7.852958589471931816e+00,-4.962065319599417122e-03,1.370751655811471323e+02,2.204259346118651042e-01,0.000000000000000000e+00,1.812974646759333552e+01,1.000000000000000000e+00
2.083000000000000000e+03,5.301494612775487525e+01,5.192423677884374911e+01,-3.337595570479374735e-03,9.497246792808029170e+01,3.764550121069414335e-01,0.000000000000000000e+00,1.184705317068187291e+01,1.000000000000000000e+00
2.084000000000000000e+03,5.948813122099576844e+01,4.115227322882427785e+01,-3.677051180458656022e-03,1.037704137940078368e+02,1.346534765429958647e-01,0.000000000000000000e+00,1.080374401618174929e+01,1.000000000000000000e+00
2.084000000000000000e+03,1.403047401080222301e+02,1.031895510855524023e+01,3.029998073584682077e-03,-8.700021457118481294e+01,2.720622207592925390e-01,0.000000000000000000e+00,1.382442214163993199e+01,1.000000000000000000e+00
2.084000000000000000e+03,3.699028246497533701e+01,2.665140155640730768e+01,7.034578381158384033e-03,-1.907901644970185941e+02,6.359149130847563391e-02,0.000000000000000000e+00,5.226577218156972293e+00,1.000000000000000000e+00
2.084000000000000000e+03,4.342995658743358689e+01,3.582461132484337440e+01,-4.102427697155975814e-03,1.147952413606174247e+02,1.681060333302891729e-01,0.000000000000000000e+00,7.304691091920470392e+00,1.000000000000000000e+00
2.085000000000000000e+03,1.320491873905351667e+02,3.318763130535906214e+01,-6.384173191242044354e-02,1.663107153442889285e+03,5.806435807162335649e-03,0.000000000000000000e+00,1.719271455654927294e+01,1.000000000000000000e+00
2.085000000000000000e+03,3.955199635846299344e+01,5.001763147633666762e+01,-7.786846920005035741e-03,2.102873172523294443e+02,7.378310825750300506e-02,0.000000000000000000e+00,1.245946910538994423e+01,1.000000000000000000e+00
2.086000000000000000e+03,6.897771835723843026e+01,2.497495497829190825e+01,-7.703314104171644569e-03,2.081223296364949817e+02,3.365756042621764754e-01,0.000000000000000000e+00,1.421701260955669888e+01,1.000000000000000000e+00
2.086000000000000000e+03,1.916426229776419632e+01,2.918170781839420513e+01,-3.457576852442615506e-02,9.045974866929212794e+02,9.288832316198369909e-03,0.000000000000000000e+00,1.545858032748897060e+01,1.000000000000000000e+00
2.087000000000000000e+03,1.812581337625863753e+01,1.375804646387617503e+01,3.949126118733967822e-03,-1.108220002402235167e+02,1.760401985147234116e-01,0.000000000000000000e+00,7.028113686477959199e+00,1.000000000000000000e+00
2.088000000000000000e+03,1.018926041432577421e+02,2.714551680883275964e+01,6.447995302990893428e-03,-1.755872159645087720e+02,1.460236327565046510e-01,0.000000000000000000e+00,1.022265631577633194e+01,1.000000000000000000e+00
2.088000000000000000e+03,1.071388091248931289e+02,1.776331903290505210e+01,-2.842872510544613724e-03,8.215032985766301010e+01,2.567211430076818957e-01,0.000000000000000000e+00,3.604807580097114883e+00,1.000000000000000000e+00
2.088000000000000000e+03,3.649170395711912818e+01,3.185414399562735355e+01,-4.744475218741004210e-03,1.314357067770022240e+02,1.960987212020341985e-01,0.000000000000000000e+00,5.226577218156972293e+00,1.000000000000000000e+00
2.089000000000000000e+03,2.386387274590418528e+01,9.699837910772757255e+00,4.580525886362098523e-03,-1.271864991969224121e+02,1.742117555806187434e-01,0.000000000000000000e+00,7.028113686477959199e+00,1.000000000000000000e+00
2.089000000000000000e+03,1.113127139852656455e+02,3.464485329655237678e+01,3.776444043177406857e-03,-1.063464590852095597e+02,2.414192023084904548e-01,0.000000000000000000e+00,1.204070252068113334e+01,1.000000000000000000e+00
2.090000000000000000e+03,1.363600275043529848e+02,1.101884190505755967e+01,-4.846313843994503288e-03,1.340751408758979721e+02,1.548745926096564141e-01,0.000000000000000000e+00,9.183322273581305595e+00,1.000000000000000000e+00
2.090000000000000000e+03,9.205918222458082312e+01,2.435150257841694810e+01,-8.672833180027140348e-03,2.332501404447517075e+02,5.627194355615272592e-02,0.000000000000000000e+00,1.022265631577633194e+01,1.000000000000000000e+00
2.090000000000000000e+03,9.368165625515599970e+01,3.755187433846313638e+01,-7.139226841672516657e-03,1.935024233711971249e+02,6.575790876627662929e-02,0.000000000000000000e+00,1.282228681052195540e+01,1.000000000000000000e+00
2.090000000000000000e+03,6.892742622938877162e+01,4.905853510722725730e+01,3.219986508113599141e-03,-9.192429864285402630e+01,2.090568972279501780e-01,0.000000000000000000e+00,1.462512109297253815e+01,1.000000000000000000e+00
2.091000000000000000e+03,1.203614956791306554e+02,1.343218172624318463e+01,-8.857863177573697608e-03,2.380457126908155772e+02,8.602696793543951337e-02,0.000000000000000000e+00,8.507609492192804268e+00,1.000000000000000000e+00
2.091000000000000000e+03,8.244285388433758044e+01,1.046428075622135623e+01,-4.167574327104914614e-03,1.164836993114916481e+02,2.584894651094800100e-01,0.000000000000000000e+00,7.046500655428263649e+00,1.000000000000000000e+00
2.091000000000000000e+03,1.066385298169468143e+02,1.419339490155906880e+01,3.150563330737334543e-03,-9.012500195002769487e+01,3.471003964365932948e-01,0.000000000000000000e+00,3.604807580097114883e+00,1.000000000000000000e+00
2.092000000000000000e+03,5.763145963788230830e+01,7.453705837628973541e+00,-1.816279304606019385e-02,4.792091133316040441e+02,2.034722476178563166e-02,0.000000000000000000e+00,1.477724649883036001e+01,1.000000000000000000e+00
2.092000000000000000e+03,1.328875221497740426e+02,4.428807623458065734e+01,-2.813901274889988105e-02,7.377708760832656480e+02,9.137634599536204050e-03,0.000000000000000000e+00,1.337530023056622142e+01,1.000000000000000000e+00
2.092000000000000000e+03,1.223449979179991800e+02,5.251934825536970664e+01,-7.034373835766383198e-03,1.907848631284948624e+02,1.210412148344519601e-01,0.000000000000000000e+00,9.496414197934171852e+00,1.000000000000000000e+00
2.093000000000000000e+03,1.279822906189533143e+02,7.257601064660824441e+00,-1.929647519833747188e-02,5.085916714973462831e+02,2.729583623832110284e-02,0.000000000000000000e+00,6.703356721158249876e+00,1.000000000000000000e+00
2.093000000000000000e+03,2.244710511017393983e+01,5.172390911661766211e+01,-2.892226605282713012e-02,7.580710860803295645e+02,2.208208500445807410e-02,0.000000000000000000e+00,2.431294003553347594e+01,1.000000000000000000e+00
2.093000000000000000e+03,8.948719793358775121e+01,1.028995805906273553e+01,-4.988417126794736367e-03,1.377581467025607083e+02,2.602677057876807698e-01,0.000000000000000000e+00,7.046500655428263649e+00,1.000000000000000000e+00
2.093000000000000000e+03,7.563994074150116376e+01,1.370906829900883928e+01,-4.462939227032236729e-03,1.241389105493153551e+02,1.427463819674379408e-01,0.000000000000000000e+00,7.537126337458148306e+00,1.000000000000000000e+00
2.095000000000000000e+03,7.273117837260380725e+01,3.186793067463098694e+01,-4.246055376247586527e-02,1.108953849202470337e+03,5.590855705167596668e-03,0.000000000000000000e+00,1.698279901003994041e+01,1.000000000000000000e+00
2.095000000000000000e+03,8.307182034913307689e+01,4.533962640043530712e+01,-7.648832756149810674e-03,2.067102924319011095e+02,7.558509231209387114e-02,0.000000000000000000e+00,1.316121955335010263e+01,1.000000000000000000e+00
2.095000000000000000e+03,1.011140853967309141e+02,4.800032092667677830e+01,2.096910566138351917e-03,-6.281663021626092558e+01,4.272762894641979337e-01,0.000000000000000000e+00,1.229345764270056307e+01,1.000000000000000000e+00
2.096000000000000000e+03,1.127176809032484783e+02,9.697009047014764960e+00,-4.036409019724103431e-02,1.054618105692586141e+03,7.723666248708793702e-03,0.000000000000000000e+00,7.561320234127689055e+00,1.000000000000000000e+00
2.096000000000000000e+03,4.101853817286168180e+01,2.221087300574797041e+01,4.241308527970692396e-03,-1.183947282902854852e+02,2.228515121534855314e-01,0.000000000000000000e+00,1.754570013325823652e+01,1.000000000000000000e+00
2.097000000000000000e+03,1.779693649707021663e+01,1.205997466292558151e+01,-2.110758985501652845e-03,6.317555091253228738e+01,3.638161916960153119e-01,0.000000000000000000e+00,9.175043298122529833e+00,1.000000000000000000e+00
2.097000000000000000e+03,1.230277028309893836e+02,1.177280329517676982e+01,-8.796319754931881257e-03,2.364506419808643045e+02,2.067229206531262520e-01,0.000000000000000000e+00,6.703356721158249876e+00,1.000000000000000000e+00
2.097000000000000000e+03,6.804886565897361095e+01,5.013566760114962761e+01,3.678769926856150993e-03,-1.038149599358828965e+02,1.710233898852824286e-01,0.000000000000000000e+00,1.576994542861621973e+01,1.000000000000000000e+00
2.098000000000000000e+03,9.385514540340675183e+01,2.930281730964943065e+01,-3.814846714764986990e-02,9.971940093555301701e+02,9.317333095516078245e-03,0.000000000000000000e+00,1.639871552573111302e+01,1.000000000000000000e+00
2.098000000000000000e+03,1.159610725495957553e+02,3.929581279670016869e+01,-4.146676794554774587e-02,1.083197097619564374e+03,8.721941633188956544e-03,0.000000000000000000e+00,1.067026379576017980e+01,1.000000000000000000e+00
2.099000000000000000e+03,7.998831802173251049e+01,5.574391285069640212e+00,-1.276515560033597563e-01,3.316918024621919812e+03,8.717208576259016795e-03,0.000000000000000000e+00,1.512457707046297628e+01,1.000000000000000000e+00
2.100000000000000000e+03,1.222881015036183641e+02,4.817116675131214265e+01,4.347117526088795092e-03,-1.211370657571133762e+02,3.970551585328602195e-01,0.000000000000000000e+00,9.106291066654229382e+00,1.000000000000000000e+00
2.100000000000000000e+03,1.134402036603480113e+01,5.537606003592833837e+00,3.427893676183635559e-03,-9.731279703865347130e+01,2.002358709401039771e-01,0.000000000000000000e+00,9.175043298122529833e+00,1.000000000000000000e+00
2.101000000000000000e+03,1.295526071882381700e+02,1.577696126963666323e+01,-8.476094975825980773e-03,2.281511171278966970e+02,4.198526852887585203e-02,0.000000000000000000e+00,7.051654758171957305e+00,1.000000000000000000e+00
2.101000000000000000e+03,2.013116590273330786e+01,4.753100982341705816e+01,-7.344256873232371356e-03,1.988163526907423773e+02,5.124567243462074817e-02,0.000000000000000000e+00,1.720467844519214040e+01,1.000000000000000000e+00
2.101000000000000000e+03,1.006658393076700975e+02,7.591512027320628242e+00,3.008232767079172757e-03,-8.643610550136422432e+01,2.404949862135250527e-01,0.000000000000000000e+00,9.957843605270449316e+00,1.000000000000000000e+00
2.101000000000000000e+03,3.486072673480148154e+01,3.864050938211105546e+01,1.982292229918255089e-03,-5.984597400183381666e+01,3.320402375342201839e-01,0.000000000000000000e+00,1.509382008002020825e+01,1.000000000000000000e+00
2.102000000000000000e+03,6.575281114885625300e+01,1.068351798467958780e+01,-8.159022088254145461e-03,2.199332823995779904e+02,1.175496296800078166e-01,0.000000000000000000e+00,1.044012278315707221e+01,1.000000000000000000e+00
2.102000000000000000e+03,6.173715416825636026e+01,2.065455051450713597e+01,-4.295614951011372806e-02,1.121798605426614131e+03,9.569933297903232550e-03,0.000000000000000000e+00,7.684868410215068835e+00,1.000000000000000000e+00
2.102000000000000000e+03,4.472060259986772479e+01,6.029958897995588707e+00,-8.038754879321272431e-03,2.168162197777459426e+02,2.595504040938740875e-01,0.000000000000000000e+00,7.047237125519520973e+00,1.000000000000000000e+00
2.102000000000000000e+03,4.031497135562174350e+01,1.153031929009938672e+01,-8.106084567098680027e-03,2.185612578057566964e+02,1.373930580630673415e-01,0.000000000000000000e+00,7.047237125519520973e+00,1.000000000000000000e+00
2.102000000000000000e+03,1.198328387603959868e+02,2.268375105210102305e+01,2.544824436067593277e-03,-7.442557661274588554e+01,2.781064108411279712e-01,0.000000000000000000e+00,1.136907812374860072e+01,1.000000000000000000e+00
2.102000000000000000e+03,9.857130400596363984e+01,4.500873081155638999e+01,-2.844394120913924361e-03,8.218976666549494325e+01,2.873343207463812110e-01,0.000000000000000000e+00,8.195350990536049096e+00,1.000000000000000000e+00
2.103000000000000000e+03,2.284089436819146712e+01,1.890933691025290031e+01,-8.307904995405264795e-03,2.237920012393032039e+02,3.800103220250128366e-02,0.000000000000000000e+00,9.854247740454477267e+00,1.000000000000000000e+00
2.103000000000000000e+03,6.291662179427029855e+01,5.055539700193610742e+01,-3.002912673013001868e-02,7.867584903645865779e+02,4.332253622715376284e-02,0.000000000000000000e+00,1.661358367719544660e+01,1.000000000000000000e+00
2.103000000000000000e+03,2.478774660845845546e+01,7.422385446731922798e+00,-3.798234180171053149e-03,1.069112117068938801e+02,1.918698272858857523e-01,0.000000000000000000e+00,1.165076339004098571e+01,1.000000000000000000e+00
2.103000000000000000e+03,7.083579481776587272e+01,1.980269781342479618e+01,-7.305021057223550635e-03,1.977994462820600745e+02,1.564800193542426054e-01,0.000000000000000000e+00,7.588679544944939792e+00,1.000000000000000000e+00
2.104000000000000000e+03,4.653390246102717676e+00,1.395756155286517775e+01,3.268638542077261476e-03,-9.318525279560965657e+01,4.995958932413330222e-01,0.000000000000000000e+00,1.075454242882813460e+01,1.000000000000000000e+00
2.104000000000000000e+03,9.389337606616564358e+01,2.931053311713051812e+01,3.544309470341176077e-02,-9.270766814579832271e+02,8.227719350162865375e-03,0.000000000000000000e+00,1.499094213999556224e+01,1.000000000000000000e+00
2.104000000000000000e+03,9.333432017187998042e+01,1.433001901541294032e+01,3.172753869312643516e-03,-9.070013210366769840e+01,2.049664121009430184e-01,0.000000000000000000e+00,9.957843605270449316e+00,1.000000000000000000e+00
2.104000000000000000e+03,4.079380611932931089e+01,2.476167752835217684e+01,-6.668179374434869168e-03,1.812939048043893706e+02,2.599979158678931146e-01,0.000000000000000000e+00,5.719199452623762170e+00,1.000000000000000000e+00
2.105000000000000000e+03,3.967675820403218268e+01,1.915262713333678946e+01,-8.728797103926211332e-03,2.347006027686442735e+02,1.426205600226971848e-01,0.000000000000000000e+00,5.692586134391096842e+00,1.000000000000000000e+00
2.105000000000000000e+03,1.359394421042258614e+02,1.876597023321802027e+01,-7.119832077212967340e-03,1.929997535587643824e+02,1.041593899768946674e-01,0.000000000000000000e+00,7.051654758171957305e+00,1.000000000000000000e+00
2.105000000000000000e+03,1.337254659807842074e+02,3.353309865300236225e+01,3.399743771660039028e-03,-9.658321317304952913e+01,1.299639907534684280e-01,0.000000000000000000e+00,1.050230016753225648e+01,1.000000000000000000e+00
2.107000000000000000e+03,5.439299492121909196e+01,2.291740875939974487e+01,-5.516127588426518458e-03,1.514352459692466653e+02,1.684428697634201555e-01,0.000000000000000000e+00,7.684868410215068835e+00,1.000000000000000000e+00
2.107000000000000000e+03,7.010056311370956905e+01,3.557533860024661010e+01,-8.957708359367008710e-02,2.330111098218059396e+03,9.984870389973865556e-03,0.000000000000000000e+00,3.232325442870403354e+00,1.000000000000000000e+00
2.107000000000000000e+03,1.057835398531352240e+02,4.890070099937301507e+01,-7.099532460332368990e-03,1.924736319535699067e+02,8.424193757878195576e-02,0.000000000000000000e+00,8.195350990536049096e+00,1.000000000000000000e+00
2.107000000000000000e+03,1.369120179231283032e+02,5.211555350690714050e+01,-1.964496575712025572e-02,5.176237834460777094e+02,3.169485947184280672e-02,0.000000000000000000e+00,4.608122340064329414e+00,1.000000000000000000e+00
2.107000000000000000e+03,4.438134935481716070e+01,3.004178849280829411e+01,7.174479419249163263e-03,-1.944160929646166664e+02,5.739177024866626287e-02,0.000000000000000000e+00,6.383575664426978769e+00,1.000000000000000000e+00
2.107000000000000000e+03,1.440670378356959702e+02,3.536345391323053633e+01,2.668960742783881013e-03,-7.764291777423895269e+01,2.441531517504815785e-01,0.000000000000000000e+00,1.050230016753225648e+01,1.000000000000000000e+00
2.107000000000000000e+03,3.721744973317279914e+01,5.165482964513566344e+01,3.167413376338078321e-03,-9.056171822360114732e+01,3.091727127252936747e-01,0.000000000000000000e+00,1.211222833551447842e+01,1.000000000000000000e+00
2.108000000000000000e+03,6.561711189182119597e+01,1.044705239295577037e+01,9.802056993422606293e-03,-2.625171482322381848e+02,2.165394095119897999e-01,0.000000000000000000e+00,1.071273787204230743e+01,1.000000000000000000e+00
2.108000000000000000e+03,7.573035039564221904e+01,1.400344071178278682e+01,-9.188831789443600503e-03,2.466236941556979048e+02,1.451889187196815367e-01,0.000000000000000000e+00,7.588679544944939792e+00,1.000000000000000000e+00
2.108000000000000000e+03,1.355561364602615981e+01,2.220930061321047688e+01,-7.996823392100990691e-03,2.157294474758700460e+02,5.511005251306255737e-02,0.000000000000000000e+00,9.854247740454477267e+00,1.000000000000000000e+00
2.108000000000000000e+03,1.116465058387993281e+01,3.251449882354765464e+01,3.718606872338524067e-03,-1.048474463038036220e+02,2.748475152433040858e-01,0.000000000000000000e+00,3.457879720271915147e+00,1.000000000000000000e+00
2.109000000000000000e+03,7.960965396514272641e+01,6.507840508878816266e+00,-1.302680160023645187e-02,3.460954649491771420e+02,6.964885415362864762e-02,0.000000000000000000e+00,8.439965555979089373e+00,1.000000000000000000e+00
2.109000000000000000e+03,4.367831995313092364e+01,1.510379514551467217e+01,-8.091416468678063953e-03,2.181810928237475480e+02,1.689957606063825502e-01,0.000000000000000000e+00,4.760983594450490131e+00,1.000000000000000000e+00
2.109000000000000000e+03,2.045389458734520005e+01,5.423077084190201624e+00,3.357756455540034015e-03,-9.549499390838060719e+01,2.050402752031987852e-01,0.000000000000000000e+00,6.952657271302467024e+00,1.000000000000000000e+00
2.110000000000000000e+03,1.040733501475616833e+02,2.561801141141144100e+01,-7.253601058659756018e-03,1.964667525498281861e+02,9.940931760427695885e-02,0.000000000000000000e+00,1.148627815543270181e+01,1.000000000000000000e+00
2.110000000000000000e+03,1.936335728143320623e+01,3.119992599206791795e+01,3.307453433450261489e-03,-9.419124975972627567e+01,2.455278020125288840e-01,0.000000000000000000e+00,8.303426596397992299e+00,1.000000000000000000e+00
2.111000000000000000e+03,4.060390043943694138e+01,1.146856345545083755e+01,8.224856234110747288e-03,-2.216395592568416362e+02,2.581665553501759636e-01,0.000000000000000000e+00,4.760983594450490131e+00,1.000000000000000000e+00
2.111000000000000000e+03,6.195316575780054080e+01,5.120192114753472623e+01,-1.559085506004779555e-02,4.125501143159715980e+02,2.381063448986220354e-02,0.000000000000000000e+00,1.370811019920630613e+01,1.000000000000000000e+00
2.111000000000000000e+03,1.374896903612948940e+01,7.262483641982623084e+00,-2.557854018463818612e-03,7.476327484841395687e+01,2.617854889260268214e-01,0.000000000000000000e+00,6.952657271302467024e+00,1.000000000000000000e+00
2.111000000000000000e+03,1.325582287458040298e+02,9.412989771385911197e+00,-1.954580951624274639e-03,5.912775836733310797e+01,3.496381766853203787e-01,0.000000000000000000e+00,2.128919264343331008e+01,1.000000000000000000e+00
2.111000000000000000e+03,4.294706386398350162e+01,4.098348497055719974e+01,-7.086105455082307436e-03,1.921256333880467650e+02,1.754664977292285100e-01,0.000000000000000000e+00,1.063077360009159200e+01,1.000000000000000000e+00
2.112000000000000000e+03,8.302246543012489610e+01,1.625673352280545103e+01,-3.710252623595267085e-02,9.700855119569084763e+02,4.763796307432044408e-02,0.000000000000000000e+00,6.533202244540773584e+00,1.000000000000000000e+00
2.112000000000000000e+03,1.180121132436671303e+02,4.553171549516967787e+01,3.447865506631869748e-03,-9.783042313750561902e+01,2.352057017169446596e-01,0.000000000000000000e+00,9.437999167071755124e+00,1.000000000000000000e+00
2.112000000000000000e+03,1.340587863421409622e+02,4.849700945629003712e+01,-4.830402036052393842e-03,1.336627416673173059e+02,2.079482498405462731e-01,0.000000000000000000e+00,4.608122340064329414e+00,1.000000000000000000e+00
2.113000000000000000e+03,1.177096977849214987e+01,3.591880627060830022e+01,-8.984920959516570771e-03,2.413387720909723555e+02,4.648313116687563529e-02,0.000000000000000000e+00,3.457879720271915147e+00,1.000000000000000000e+00
2.113000000000000000e+03,4.831452590704999750e+01,5.258024921265678842e+01,-9.569939591189353945e-03,2.565011735971083340e+02,4.205889758800862577e-02,0.000000000000000000e+00,1.150182430901357833e+01,1.000000000000000000e+00
2.114000000000000000e+03,7.807177600819451868e+01,2.051976129841978036e+01,-1.499761295785494511e-02,3.971745784666735517e+02,4.178974947479745516e-01,0.000000000000000000e+00,6.533202244540773584e+00,1.000000000000000000e+00
2.115000000000000000e+03,6.623461332718041206e+01,4.766465584244808262e+00,-2.727468140873872196e-02,7.153693009806281680e+02,1.892449388942141209e-02,0.000000000000000000e+00,1.273992675024791588e+01,1.000000000000000000e+00
2.115000000000000000e+03,1.385937721954921358e+02,3.949885886499344423e+01,-7.687322139466684634e-03,2.077078529401969149e+02,6.285051219265336275e-02,0.000000000000000000e+00,3.853938174472605560e+00,1.000000000000000000e+00
2.115000000000000000e+03,1.096592759941238029e+02,7.926350027340800075e+00,4.204685786865404971e-03,-1.174455470594144799e+02,2.162785983714787807e-01,0.000000000000000000e+00,1.256141185653091341e+01,1.000000000000000000e+00
2.116000000000000000e+03,1.085741821704135646e+02,4.556756705248501760e+01,-3.933222480438499508e-02,1.027874414911262420e+03,8.611347084248821560e-03,0.000000000000000000e+00,9.437999167071755124e+00,1.000000000000000000e+00
2.116000000000000000e+03,3.713327404479188942e+01,4.988366447855973718e+01,2.463830105757877035e-03,-7.232638098137768168e+01,3.149608074672960445e-01,0.000000000000000000e+00,3.313844918894028879e+00,1.000000000000000000e+00
2.117000000000000000e+03,8.779422646679279296e+01,2.287420523123581617e+01,-3.429451273293482316e-02,8.973079526411189590e+02,7.615068838099592341e-03,0.000000000000000000e+00,7.606779821524706442e+00,1.000000000000000000e+00
2.117000000000000000e+03,1.126850783273109897e+02,2.280522996046634532e+01,-7.092729532999767460e-03,1.922973149782642963e+02,1.119063932156262320e-01,0.000000000000000000e+00,3.315529050988968329e+00,1.000000000000000000e+00
2.117000000000000000e+03,1.401160661977436632e+02,1.581238855774462948e+01,-7.687178358900116464e-03,2.077041264628489330e+02,2.490626568913767436e-01,0.000000000000000000e+00,4.145388405209717853e+00,1.000000000000000000e+00
2.117000000000000000e+03,4.472291995332793846e+01,1.892457073339009455e+01,4.309345974382350862e-03,-1.201581098718190788e+02,2.260301260386399225e-01,0.000000000000000000e+00,1.991548852061260888e+01,1.000000000000000000e+00
2.118000000000000000e+03,8.488688327017126767e+01,8.107313806230726172e+00,4.043227303367113480e-03,-1.132608968263562446e+02,2.589853678024482964e-01,0.000000000000000000e+00,6.640704237212506023e+00,1.000000000000000000e+00
2.118000000000000000e+03,1.359190793003276951e+02,1.858586964755683724e+01,8.691628815099045405e-03,-2.337372821357918156e+02,2.557832240094454201e-01,0.000000000000000000e+00,3.715093783364041613e+00,1.000000000000000000e+00
2.118000000000000000e+03,8.109558188079212471e+01,3.870972811196687502e+01,-8.063975116731673942e-03,2.174698730889288072e+02,6.262786812581078166e-02,0.000000000000000000e+00,8.051186847361083920e+00,1.000000000000000000e+00
2.118000000000000000e+03,7.263880364868563788e+01,4.340851779034103686e+01,-4.931861862436845954e-03,1.362923581292497204e+02,2.282904694542174928e-01,0.000000000000000000e+00,7.236306085510634034e+00,1.000000000000000000e+00
2.118000000000000000e+03,7.897038847559620933e+01,5.091680852454956607e+00,5.505507051901913085e-03,-1.511599849257885921e+02,2.445469396325725686e-01,0.000000000000000000e+00,6.640704237212506023e+00,1.000000000000000000e+00
2.118000000000000000e+03,9.771604996996202885e+01,4.896509999338069008e+01,-7.251757104167874148e-03,1.964189612884028691e+02,1.049312638230939232e-01,0.000000000000000000e+00,9.017854125138844879e+00,1.000000000000000000e+00
2.119000000000000000e+03,2.919803611802489840e+01,3.493574940973010001e+01,-3.291448721230140484e-03,9.377644267575742276e+01,4.284016368003172870e-01,0.000000000000000000e+00,6.887752917588031210e+00,1.000000000000000000e+00
2.119000000000000000e+03,1.389189991762813747e+02,4.333904985811135901e+01,3.493486086909283663e-03,-9.901280865082026139e+01,3.595676413773223334e-01,0.000000000000000000e+00,3.853938174472605560e+00,1.000000000000000000e+00
2.119000000000000000e+03,5.598806792265308729e+01,4.535663585100792261e+01,2.804842472835814005e-03,-8.116467458137628910e+01,3.860567937646588454e-01,0.000000000000000000e+00,3.708806352319132582e+00,1.000000000000000000e+00
2.120000000000000000e+03,1.177832807854431429e+01,1.151516573108525243e+01,-4.048497223339656524e-03,1.133974816087937256e+02,2.389824830541273926e-01,0.000000000000000000e+00,6.497747906312638655e+00,1.000000000000000000e+00
2.120000000000000000e+03,5.947835736813068763e+00,1.438328129831812952e+01,-4.157474420969210424e-03,1.162219318673233346e+02,2.314950738901607741e-01,0.000000000000000000e+00,6.497747906312638655e+00,1.000000000000000000e+00
2.120000000000000000e+03,2.517527937226386570e+01,1.511452733098774814e+01,-4.737782660954235198e-03,1.312622503385707660e+02,1.037133754508203776e-01,0.000000000000000000e+00,1.319060729852840019e+01,1.000000000000000000e+00
2.120000000000000000e+03,1.429948268647057432e+02,1.879516948372615559e+01,3.165551015649431359e-03,-9.051344991387267669e+01,4.998961326774846725e-01,0.000000000000000000e+00,4.145388405209717853e+00,1.000000000000000000e+00
2.120000000000000000e+03,7.916870332865775595e+01,4.652693660966249922e+01,7.240300924019578595e-03,-1.961220421926154245e+02,1.103007431059602750e-01,0.000000000000000000e+00,7.236306085510634034e+00,1.000000000000000000e+00
2.121000000000000000e+03,1.211349618193594466e+02,1.406919565884724399e+01,-2.942806672951939900e-02,7.711803317126516504e+02,9.881331124804493271e-03,0.000000000000000000e+00,1.215396340081121807e+01,1.000000000000000000e+00
2.121000000000000000e+03,5.234483999965718937e+01,4.605099516728858333e+01,-3.619257524018795226e-03,1.022725288105104653e+02,3.410626797736723281e-01,0.000000000000000000e+00,3.708806352319132582e+00,1.000000000000000000e+00
2.121000000000000000e+03,3.905100606871399549e+01,5.258623215225514258e+01,2.187047344233988225e-03,-6.515277806859111820e+01,3.571902429702706883e-01,0.000000000000000000e+00,3.313844918894028879e+00,1.000000000000000000e+00
2.122000000000000000e+03,1.360517760433437218e+02,2.229859282516961017e+01,-8.940310108796608798e-03,2.401825565560717735e+02,1.795301257527192051e-01,0.000000000000000000e+00,3.715093783364041613e+00,1.000000000000000000e+00
2.122000000000000000e+03,1.052135171944894267e+02,4.395414417243982541e+01,-4.518935393133749479e-03,1.255902085204717764e+02,2.374218229169425820e-01,0.000000000000000000e+00,5.665042385901011279e+00,1.000000000000000000e+00
2.123000000000000000e+03,1.285283808374021248e+02,4.166076385698816864e+01,-7.189857574951913355e-03,1.948146610760668125e+02,3.247920635308432225e-02,0.000000000000000000e+00,3.713298556531088312e+00,1.000000000000000000e+00
2.123000000000000000e+03,1.439898176614760814e+02,4.122406365253763028e+01,-4.102799900686772416e-03,1.148048880608597813e+02,1.685282978465076908e-01,0.000000000000000000e+00,5.494212114540127700e+00,1.000000000000000000e+00
2.123000000000000000e+03,1.314793088250782773e+02,5.281033593461847175e+01,4.425614235415733372e-03,-1.231715285234055699e+02,2.195366644330795092e-01,0.000000000000000000e+00,9.705492834700182314e+00,1.000000000000000000e+00
2.124000000000000000e+03,5.706732633810097610e+01,1.610810094122764724e+01,-3.854890147190831711e-03,1.083796102726215764e+02,2.401197769265009940e-01,0.000000000000000000e+00,8.124124307281251234e+00,1.000000000000000000e+00
2.124000000000000000e+03,1.410469190323442774e+02,2.376352657338705754e+01,-7.494616175449134339e-03,2.027133364566682303e+02,2.218107916689201486e-01,0.000000000000000000e+00,5.205524408474887288e+00,1.000000000000000000e+00
2.124000000000000000e+03,1.953764537105852384e+01,2.703967738339564875e+01,2.323536915985996865e-03,-6.869028880117585345e+01,3.651909067540962672e-01,0.000000000000000000e+00,1.247682262553792221e+01,1.000000000000000000e+00
2.124000000000000000e+03,3.545252348981740198e+01,3.782062860474512433e+01,5.796151815568477590e-03,-1.586928605707361726e+02,2.204392028982020690e-01,0.000000000000000000e+00,6.887752917588031210e+00,1.000000000000000000e+00
2.125000000000000000e+03,7.034285856176839502e+01,3.388106433995371702e+01,-5.355000592230733589e-03,1.472591871609784562e+02,1.253017364976263259e-01,0.000000000000000000e+00,1.542120686947094477e+01,1.000000000000000000e+00
2.125000000000000000e+03,8.791665978070579968e+01,1.095146135570498735e+01,4.549247084204273948e-03,-1.263758211581874065e+02,2.563539521053547210e-01,0.000000000000000000e+00,8.058151260393275450e+00,1.000000000000000000e+00
2.125000000000000000e+03,1.401361342377774406e+02,1.536509208587556152e+01,8.022730019702132773e-03,-2.164008905173254504e+02,1.216962383686340798e-01,0.000000000000000000e+00,4.465148876633313613e+00,1.000000000000000000e+00
2.125000000000000000e+03,3.798960598051814941e+01,2.426942647396953134e+01,-4.527239595141508734e-03,1.258054352469602577e+02,2.139948830265682167e-01,0.000000000000000000e+00,1.378665538677736357e+01,1.000000000000000000e+00
2.126000000000000000e+03,1.377911895593711620e+02,4.242777222199498510e+01,3.686888448794780563e-03,-1.040253742416937968e+02,3.214346788730045867e-01,0.000000000000000000e+00,6.314420374697102822e+00,1.000000000000000000e+00
2.126000000000000000e+03,1.086503704635059080e+02,4.845755897026888448e+01,-4.984567325905610302e-03,1.376583682961316697e+02,9.896294387001580706e-02,0.000000000000000000e+00,5.665042385901011279e+00,1.000000000000000000e+00
2.126000000000000000e+03,3.838377911602853487e+01,7.360265012325385214e+00,3.817829971362995262e-03,-1.074190916919006185e+02,2.657236789524400900e-01,0.000000000000000000e+00,1.130458631264955827e+01,1.000000000000000000e+00
2.127000000000000000e+03,1.155977362430448210e+02,3.430408373699951596e+01,-6.297150607006397026e-03,1.716776518553314475e+02,7.976845958070133413e-02,0.000000000000000000e+00,1.045013514072908833e+01,1.000000000000000000e+00
2.127000000000000000e+03,9.881663271872406540e+01,4.186784248026128807e+01,-4.252207975338907764e-03,1.186772180918826223e+02,1.784058033623815431e-01,0.000000000000000000e+00,6.728505461621837824e+00,1.000000000000000000e+00
2.128000000000000000e+03,5.455246210609804791e+01,8.383021417057660685e+00,-8.537093311498673148e-03,2.297320603775686436e+02,1.562403937692911082e-01,0.000000000000000000e+00,5.055719206202383020e+00,1.000000000000000000e+00
2.128000000000000000e+03,3.386189039684869329e+01,4.549233097806639847e+01,-7.592704022343952676e-03,2.052555585962247733e+02,4.126729535429618512e-02,0.000000000000000000e+00,7.834866363970126812e+00,1.000000000000000000e+00
2.128000000000000000e+03,1.262792787404270740e+02,4.461544250742010576e+01,-2.620864433172641686e-02,6.877399549957485760e+02,1.487338129670745523e-02,0.000000000000000000e+00,3.713298556531088312e+00,1.000000000000000000e+00
2.129000000000000000e+03,9.998624624088456869e+01,1.622285273641227121e+01,-7.623405318223917815e-02,1.984288976573466925e+03,6.837934260948919096e-03,0.000000000000000000e+00,1.317051572294440298e+01,1.000000000000000000e+00
2.129000000000000000e+03,1.057912369786816953e+02,3.791488650612807021e+01,4.195420377711576478e-03,-1.172054079491313274e+02,1.954465226379197285e-01,0.000000000000000000e+00,8.016917457255914314e+00,1.000000000000000000e+00
2.130000000000000000e+03,1.126393282789482271e+02,2.272799412859286861e+01,6.816957276165144797e-03,-1.851499021336105670e+02,6.453255438294080992e-02,0.000000000000000000e+00,1.194813911468603962e+01,1.000000000000000000e+00
2.130000000000000000e+03,4.968331121432588304e+01,7.022261965457933464e+00,4.176659416499054096e-03,-1.167191649285767028e+02,4.306557487000176598e-01,0.000000000000000000e+00,5.055719206202383020e+00,1.000000000000000000e+00
2.130000000000000000e+03,1.876532353235618800e+01,1.615660029178373236e+01,-3.160671230669325534e-03,9.038697657588613765e+01,2.556629789051140245e-01,0.000000000000000000e+00,1.799274648716498248e+01,1.000000000000000000e+00
2.131000000000000000e+03,4.553098185604311254e+01,1.805989994395765308e+01,-2.671871691717050620e-02,7.009599191457141387e+02,1.147714142417273209e-01,0.000000000000000000e+00,3.793751514596745977e+00,1.000000000000000000e+00
2.131000000000000000e+03,1.611622668296540084e+01,5.104641992105392490e+01,2.601094133343675487e-03,-7.588396391280352304e+01,3.525145046690176809e-01,0.000000000000000000e+00,1.399303151653810851e+01,1.000000000000000000e+00
2.132000000000000000e+03,6.244228519214565409e+01,3.476184332253116338e+01,-3.318524522625424661e-02,8.685581686113193882e+02,2.350805005439138284e-02,0.000000000000000000e+00,9.211957980577484051e+00,1.000000000000000000e+00
2.133000000000000000e+03,6.504784746777595217e+01,1.382339758801956009e+01,3.225244584394083413e-03,-9.206057646273580986e+01,2.418672427662824642e-01,0.000000000000000000e+00,1.002942421008597584e+01,1.000000000000000000e+00
2.133000000000000000e+03,1.159109950072267310e+02,3.462262342197077203e+01,7.856747794906568383e-03,-2.120989948186604011e+02,8.517505456438378975e-02,0.000000000000000000e+00,1.030948044170139077e+01,1.000000000000000000e+00
2.133000000000000000e+03,7.063101212292622222e+01,3.898143110915609100e+01,5.386831857881576452e-03,-1.480841838433345572e+02,3.163572371328658983e-01,0.000000000000000000e+00,9.211957980577484051e+00,1.000000000000000000e+00
2.133000000000000000e+03,8.877253309972756767e+01,4.668638285786150988e+01,2.598984315714415478e-03,-7.582928206120489278e+01,2.690775870694394056e-01,0.000000000000000000e+00,1.914615966631432187e+01,1.000000000000000000e+00
2.133000000000000000e+03,4.735293924298741075e+01,4.862095513877198272e+01,2.899865102473125639e-03,-8.362745300368068513e+01,2.507213038925835136e-01,0.000000000000000000e+00,1.177419886179485609e+01,1.000000000000000000e+00
2.134000000000000000e+03,4.922812910196769565e+01,1.891057778924185584e+01,-2.207127169179674483e-02,5.805083186840294047e+02,2.092155609490309320e-02,0.000000000000000000e+00,3.726950226466706262e+00,1.000000000000000000e+00
2.134000000000000000e+03,4.698817068890525306e+00,3.376372186375897400e+01,-3.014140696839737177e-03,8.658922610000838915e+01,1.968796177483569387e-01,0.000000000000000000e+00,1.529046990066913558e+01,1.000000000000000000e+00
2.134000000000000000e+03,5.833321040814243474e+01,5.287129676936550737e+01,-9.395134525342603918e-03,2.519706091839779276e+02,2.659586041157813163e-01,0.000000000000000000e+00,1.177419886179485609e+01,1.000000000000000000e+00
2.134000000000000000e+03,7.486035963479434940e+01,1.589799512922474811e+01,-2.275652176539415868e-03,6.744922124161843158e+01,4.318794867534894166e-01,0.000000000000000000e+00,5.072025131801640718e+00,1.000000000000000000e+00
2.134000000000000000e+03,2.871631331520958241e+01,3.114715493438902882e+01,2.580789069562800832e-03,-7.535770113588478125e+01,2.340040293695078155e-01,0.000000000000000000e+00,1.214731720797574432e+01,1.000000000000000000e+00
2.135000000000000000e+03,2.904056038000901552e+01,4.568297611037670691e+01,-2.476625108823675425e-03,7.265799943462445754e+01,3.198977287345031728e-01,0.000000000000000000e+00,1.208780780631167495e+01,1.000000000000000000e+00
2.136000000000000000e+03,3.207790819796097992e+01,5.054157390535548799e+00,-4.582103573825148553e-03,1.272273894001926209e+02,1.398898664248005019e-01,0.000000000000000000e+00,1.543771805236788275e+01,1.000000000000000000e+00
2.137000000000000000e+03,8.488126690222202342e+01,5.256379551055255561e+00,-7.497331098945714777e-03,2.027837013269218858e+02,2.217718920545337369e-01,0.000000000000000000e+00,1.053942144883171217e+01,1.000000000000000000e+00
2.137000000000000000e+03,1.006861968941739462e+02,2.144413756654234149e+01,-1.065013218181226629e-01,2.768750282086264633e+03,1.189994451457399016e-02,0.000000000000000000e+00,7.940699682726307884e+00,1.000000000000000000e+00
2.137000000000000000e+03,8.000290106400186119e+01,1.901966977177135121e+01,-4.245965467797607924e-03,1.185154259700221218e+02,3.049101219373290261e-01,0.000000000000000000e+00,6.015861112511998954e+00,1.000000000000000000e+00
2.138000000000000000e+03,1.877607550751583076e+01,1.288897619761781499e+01,-1.962903137197062262e-02,5.172107990857311961e+02,1.985771087937460155e-02,0.000000000000000000e+00,1.023108099717217101e+01,1.000000000000000000e+00
2.138000000000000000e+03,1.066875917061518209e+02,1.624433259308278465e+01,-2.424930820633285772e-02,6.369582543621343120e+02,3.559200909757979092e-01,0.000000000000000000e+00,7.940699682726307884e+00,1.000000000000000000e+00
2.138000000000000000e+03,4.560650636600578878e+01,1.803080125572665438e+01,3.215841927203808709e-02,-8.419450890411377486e+02,2.616530102427805371e-02,0.000000000000000000e+00,3.726950226466706262e+00,1.000000000000000000e+00
2.138000000000000000e+03,5.650572995106149676e+01,2.174298630369683494e+01,-7.176655748378595739e-03,1.944724986486127420e+02,1.633734217815558942e-01,0.000000000000000000e+00,7.809354141764085711e+00,1.000000000000000000e+00
2.138000000000000000e+03,1.253465016014641549e+02,3.046851674448575764e+01,-3.112868221899802758e-03,8.914802729645489876e+01,4.451896056066767526e-01,0.000000000000000000e+00,6.904281987296918999e+00,1.000000000000000000e+00
2.139000000000000000e+03,4.281802915046746705e+01,4.173875998163676115e+01,-6.689454776540109185e-03,1.818453166252432709e+02,7.517332825013056663e-02,0.000000000000000000e+00,1.276393524147695757e+01,1.000000000000000000e+00
2.139000000000000000e+03,1.360155625155630332e+02,1.720271905983098648e+01,-3.984126289560987327e-03,1.117291280035653358e+02,1.304579313222382630e-01,0.000000000000000000e+00,1.015487105509143007e+01,1.000000000000000000e+00
2.139000000000000000e+03,4.525991606557124669e+01,2.779905580718287084e+01,-1.354295300245756013e-02,3.594729787149419167e+02,3.715172251569420769e-02,0.000000000000000000e+00,9.734051375334288991e+00,1.000000000000000000e+00
2.139000000000000000e+03,6.999593850043785892e+01,1.446173402300019717e+01,3.053223731555714752e-03,-8.760217275223288880e+01,2.636803713593661724e-01,0.000000000000000000e+00,5.072025131801640718e+00,1.000000000000000000e+00
2.139000000000000000e+03,1.230797870381752688e+02,4.260679799303684234e+01,3.756637182638852997e-03,-1.058331086450656926e+02,1.483318675849044643e-01,0.000000000000000000e+00,1.069256733384604452e+01,1.000000000000000000e+00
2.140000000000000000e+03,1.083410045609023200e+02,2.692889041181209109e+01,-6.308774601679245989e-03,1.719789203360137719e+02,4.240883040975659268e-01,0.000000000000000000e+00,9.416931251118811019e+00,1.000000000000000000e+00
2.141000000000000000e+03,1.411641228734400784e+02,3.850623638341276944e+01,-3.211019294687609670e-03,9.169188811266749894e+01,2.946344851484309357e-01,0.000000000000000000e+00,1.041556990532567895e+01,1.000000000000000000e+00
2.141000000000000000e+03,5.553029545599905958e+01,4.288607346358649863e+01,-5.239989517308499441e-03,1.442783520196481675e+02,8.501868499749176689e-02,0.000000000000000000e+00,8.866967613401312676e+00,1.000000000000000000e+00
2.141000000000000000e+03,1.818830320196469330e+01,4.667832980591452241e+01,-2.171784392998793098e-02,5.713482452473298281e+02,2.432824475825989818e-02,0.000000000000000000e+00,4.795574597045577647e+00,1.000000000000000000e+00
2.141000000000000000e+03,7.365350772390705458e+01,3.961598852956937122e+01,-3.413744434827658061e-03,9.694607969525345936e+01,2.839935817847574206e-01,0.000000000000000000e+00,1.144539814166220815e+01,1.000000000000000000e+00
2.141000000000000000e+03,1.333905826024606824e+02,4.543849201258481685e+01,4.725279215655325826e-03,-1.309381884240126226e+02,2.343342247888421381e-01,0.000000000000000000e+00,1.041556990532567895e+01,1.000000000000000000e+00
2.142000000000000000e+03,9.332481684323637694e+01,1.156398360249114532e+01,-8.440866135947884888e-03,2.272380627636284487e+02,9.181939194678634397e-02,0.000000000000000000e+00,1.053942144883171217e+01,1.000000000000000000e+00
2.142000000000000000e+03,1.279622802049923678e+02,2.407893052490653574e+01,-3.236051103135723257e-03,9.234065775788329233e+01,2.281474455985065264e-01,0.000000000000000000e+00,5.437312098187340403e+00,1.000000000000000000e+00
2.143000000000000000e+03,1.369557291493765376e+02,7.091463309618872835e+00,3.586919945404310004e-03,-1.014344096051663939e+02,1.912409123965733704e-01,0.000000000000000000e+00,1.015487105509143007e+01,1.000000000000000000e+00
2.143000000000000000e+03,7.991393685009647641e+01,3.003453948586393096e+01,4.727287317380359129e-03,-1.309902340221725581e+02,1.201691813586851509e-01,0.000000000000000000e+00,1.144539814166220815e+01,1.000000000000000000e+00
2.143000000000000000e+03,8.932338382602484472e+00,1.567749870717377014e+01,-4.272736589788894007e-03,1.192092748124785828e+02,1.591515729929747769e-01,0.000000000000000000e+00,1.023108099717217101e+01,1.000000000000000000e+00
2.143000000000000000e+03,3.317394724538129225e+01,2.555804557385091158e+01,-7.699777153098553463e-03,2.080306596120302345e+02,1.087188911511920431e-01,0.000000000000000000e+00,5.179649163795997602e+00,1.000000000000000000e+00
2.144000000000000000e+03,7.927895828392249200e+01,1.263270255100445993e+01,-3.643490955766897493e-02,9.527823500056628063e+02,9.530459984026129483e-03,0.000000000000000000e+00,9.461491025526472143e+00,1.000000000000000000e+00
2.145000000000000000e+03,1.194613673201365032e+02,1.996199927877082558e+01,-1.963493860369965038e-02,5.173639015929269362e+02,1.816876065099692905e-02,0.000000000000000000e+00,9.445350324965028577e+00,1.000000000000000000e+00
2.145000000000000000e+03,4.219876817524161794e+01,4.305929242676379687e+01,-7.216887497331748655e-03,1.955152174577172275e+02,5.732779717662161989e-02,0.000000000000000000e+00,8.528830399340275648e+00,1.000000000000000000e+00
2.145000000000000000e+03,1.412309567276250277e+02,2.370327620838773086e+01,2.990956352573439971e-03,-8.598833867969337064e+01,3.503669853559385761e-01,0.000000000000000000e+00,4.064408210934215226e+00,1.000000000000000000e+00
2.146000000000000000e+03,2.396743386649683671e+01,1.501271677458444032e+01,-8.759948139892045904e-03,2.355079693875424027e+02,6.125235258764183399e-02,0.000000000000000000e+00,4.638838024316087605e+00,1.000000000000000000e+00
2.146000000000000000e+03,9.085322570532116515e+01,3.769498038841768306e+01,-7.678078230146360809e-03,2.074682710585049108e+02,7.442794275062603049e-02,0.000000000000000000e+00,1.331225079573837533e+01,1.000000000000000000e+00
2.146000000000000000e+03,2.289302794396907004e+01,4.574929761174647069e+01,-3.029538069166568329e-03,8.698829226426255445e+01,2.900684062655303208e-01,0.000000000000000000e+00,4.795574597045577647e+00,1.000000000000000000e+00
2.146000000000000000e+03,5.981495263236308091e+01,3.512303104851880420e+01,2.798531075041185007e-03,-8.100109697504693429e+01,2.830570597112065379e-01,0.000000000000000000e+00,8.866967613401312676e+00,1.000000000000000000e+00
2.147000000000000000e+03,1.311190546419020677e+02,1.965183915386302971e+01,-3.979281306525561668e-02,1.039811853758918687e+03,1.253529218263427225e-02,0.000000000000000000e+00,5.437312098187340403e+00,1.000000000000000000e+00
2.147000000000000000e+03,3.521173214695784282e+01,2.079609238687823591e+01,-8.606057644982120086e-03,2.315194648417463839e+02,1.577521769166576604e-01,0.000000000000000000e+00,5.102319815512759149e+00,1.000000000000000000e+00
2.147000000000000000e+03,1.043153721360469177e+02,5.280140671293821697e+01,-6.677521886476515088e-03,1.815360422526383388e+02,1.229419535437525912e-01,0.000000000000000000e+00,1.576209212690920047e+01,1.000000000000000000e+00
2.147000000000000000e+03,1.395862595662259480e+02,1.998650538516022479e+01,-4.822635901537983619e-03,1.334614604716715576e+02,3.554967380688297540e-01,0.000000000000000000e+00,4.064408210934215226e+00,1.000000000000000000e+00
2.148000000000000000e+03,2.763627031890955621e+01,3.227283903074795290e+01,-8.563111802080339632e-03,2.304064026624542123e+02,8.526203547442956499e-02,0.000000000000000000e+00,8.703695589274982325e+00,1.000000000000000000e+00
2.148000000000000000e+03,1.041493630865759883e+02,3.704018882812148661e+01,-4.040955934507757530e-02,1.055796566408731678e+03,1.528660524663927323e-02,0.000000000000000000e+00,1.331225079573837533e+01,1.000000000000000000e+00
2.149000000000000000e+03,4.763985453467103781e+01,3.649152817932449722e+01,-1.808785819525541780e-02,4.772669661362991178e+02,3.538107830132086740e-02,0.000000000000000000e+00,8.528830399340275648e+00,1.000000000000000000e+00
2.149000000000000000e+03,2.618727363926187124e+01,1.093949573969187483e+01,3.827832175221624299e-03,-1.076783269070545543e+02,4.492989490335033143e-01,0.000000000000000000e+00,4.638838024316087605e+00,1.000000000000000000e+00
2.149000000000000000e+03,3.338056537600935059e+01,2.555849679607620217e+01,8.439410385985361349e-03,-2.272003329132795670e+02,2.054293539235955146e-01,0.000000000000000000e+00,5.102319815512759149e+00,1.000000000000000000e+00
2.150000000000000000e+03,8.392537570848531914e+01,2.229396354868437768e+01,-8.197719093014964667e-03,2.209362240009261313e+02,7.829536200345266206e-02,0.000000000000000000e+00,1.073080901195660886e+01,1.000000000000000000e+00
2.150000000000000000e+03,1.305585575805009171e+02,5.033841209513374082e+01,7.368650888724794304e-03,-1.994485921395705645e+02,1.486687969761586459e-01,0.000000000000000000e+00,1.257553086394090336e+01,1.000000000000000000e+00
2.150000000000000000e+03,9.524490620486643877e+01,1.922821151181047128e+01,-2.949306993513109085e-02,7.728650724188615868e+02,4.281307663932110152e-02,0.000000000000000000e+00,3.818263419652025537e+00,1.000000000000000000e+00
2.150000000000000000e+03,4.519931448330762436e+01,2.777291293980542264e+01,1.187276759692618144e-02,-3.161854313834242021e+02,6.322427714929645948e-02,0.000000000000000000e+00,9.053755432807049530e+00,1.000000000000000000e+00
2.150000000000000000e+03,5.514806821568995332e+01,4.372307367967302127e+01,-2.299256666062468937e-02,6.043862662683818598e+02,1.852725830419266195e-02,0.000000000000000000e+00,9.013769072295231055e+00,1.000000000000000000e+00
2.150000000000000000e+03,8.749228493498307557e+00,1.591191439165647736e+01,3.812582854404159959e-03,-1.072830979136306411e+02,2.345557451581352648e-01,0.000000000000000000e+00,6.289553212119384007e+00,1.000000000000000000e+00
2.150000000000000000e+03,1.320639077840747007e+02,2.666451577256268735e+01,-9.468936732840022019e-03,2.538834007457019197e+02,1.871088500955770950e-01,0.000000000000000000e+00,7.076042737203497524e+00,1.000000000000000000e+00
2.151000000000000000e+03,5.678680644931866084e+01,5.258662657285922393e+01,-1.274459190533335472e-02,3.387812078103750082e+02,1.252637290762625977e-01,0.000000000000000000e+00,9.013769072295231055e+00,1.000000000000000000e+00
2.152000000000000000e+03,9.408285963171108790e+01,2.598493344073540001e+01,-8.409279470471327234e-03,2.264194055820167648e+02,2.518269105220319881e-01,0.000000000000000000e+00,6.855920322100972797e+00,1.000000000000000000e+00
2.152000000000000000e+03,7.702252475159325229e+01,5.291172853081074123e+01,-7.136786049881624003e-03,1.934391633942959459e+02,1.171229134485803902e-01,0.000000000000000000e+00,1.858698354754404392e+01,1.000000000000000000e+00
2.152000000000000000e+03,1.200797061896713842e+02,3.949043497505549283e+01,-3.857041009747400658e-03,1.084353559188310925e+02,2.115583209397301490e-01,0.000000000000000000e+00,1.118282421915877833e+01,1.000000000000000000e+00
2.153000000000000000e+03,5.487355945071303864e+00,2.128952232510603082e+01,-8.006002475257309112e-03,2.159673492053865118e+02,6.551747535672869382e-02,0.000000000000000000e+00,6.289553212119384007e+00,1.000000000000000000e+00
2.153000000000000000e+03,2.576327220432229836e+01,2.251358669945781799e+01,1.674688225351406720e-03,-5.187355198033048254e+01,4.232426190977093272e-01,0.000000000000000000e+00,6.039153888550101712e+00,1.000000000000000000e+00
2.153000000000000000e+03,5.746363785138274949e+00,3.599550931730738057e+01,-6.925036384935970117e-03,1.879510758960988426e+02,1.836417181029624812e-01,0.000000000000000000e+00,1.470826769120046507e+01,1.000000000000000000e+00
2.154000000000000000e+03,1.120904173545555977e+02,9.212556067869961396e+00,-7.481896340256312394e-02,1.947612949101783215e+03,8.081075374752777485e-03,0.000000000000000000e+00,1.640263033381513225e+01,1.000000000000000000e+00
2.154000000000000000e+03,5.088376031050992054e+01,1.999953187216348027e+01,-5.809921740269297259e-03,1.590497468572909838e+02,1.280429933516316066e-01,0.000000000000000000e+00,8.406478910368443636e+00,1.000000000000000000e+00
2.154000000000000000e+03,7.319082500857851414e+01,1.165441887011276378e+01,-8.176715696200268640e-03,2.203918619614018155e+02,8.774860531424344412e-02,0.000000000000000000e+00,8.518826665952660804e+00,1.000000000000000000e+00
2.155000000000000000e+03,9.906285171163150949e+01,1.917894033133764253e+01,8.556120964094268352e-03,-2.302252154546108045e+02,1.579962408284879549e-01,0.000000000000000000e+00,3.818263419652025537e+00,1.000000000000000000e+00
2.155000000000000000e+03,1.179837694650425846e+02,5.047508821323085471e+01,-9.018392338400023356e-03,2.422062769158080471e+02,1.140695522366107495e-01,0.000000000000000000e+00,1.118282421915877833e+01,1.000000000000000000e+00
2.156000000000000000e+03,6.580656441995853356e+01,1.590213629526004091e+01,-8.610128260926349850e-03,2.316249662907296454e+02,2.694469366265013210e-01,0.000000000000000000e+00,7.122201294225889434e+00,1.000000000000000000e+00
2.157000000000000000e+03,5.054930425156521778e+01,3.524119524648610735e+01,3.084846988924435165e-02,-8.079940703567568789e+02,1.362314810269671383e-02,0.000000000000000000e+00,1.524533250773929893e+01,1.000000000000000000e+00
2.157000000000000000e+03,5.289640849791862109e+01,4.518390592813509521e+00,-6.899063486359339505e-03,1.872779152561189449e+02,5.863764267220750170e-02,0.000000000000000000e+00,1.521923705693980899e+01,1.000000000000000000e+00
2.157000000000000000e+03,1.214926906785407468e+01,1.968254339542905029e+01,-1.594955458266168052e-02,4.218468202454556604e+02,1.838618076225595477e-02,0.000000000000000000e+00,6.587003780436911704e+00,1.000000000000000000e+00
2.157000000000000000e+03,8.919156009009506647e+01,3.886215429075040362e+01,-3.018516137929601936e-03,8.670262794907647219e+01,2.578786466314181292e-01,0.000000000000000000e+00,7.546988314589117230e+00,1.000000000000000000e+00
2.157000000000000000e+03,2.538134792973403009e+01,5.316443965148569362e+01,-5.186864964856298388e-03,1.429014799842894661e+02,1.342530373799418753e-01,0.000000000000000000e+00,1.150423543408523486e+01,1.000000000000000000e+00
2.157000000000000000e+03,2.091634764053155493e+01,2.611618325784618833e+01,-4.406361216128844120e-03,1.226725324353690496e+02,2.708239882208260951e-01,0.000000000000000000e+00,6.039153888550101712e+00,1.000000000000000000e+00
2.158000000000000000e+03,5.687449197301560844e+01,5.286842581857286660e+01,1.223014755068831463e-02,-3.254479369786590723e+02,7.332907294059620718e-02,0.000000000000000000e+00,1.872771361787382816e+01,1.000000000000000000e+00
2.158000000000000000e+03,5.913656775463621784e+01,1.839951407206156375e+01,-3.715538676808162466e-02,9.714555411637995803e+02,9.074538056001557607e-03,0.000000000000000000e+00,7.122201294225889434e+00,1.000000000000000000e+00
2.158000000000000000e+03,7.901599131155559519e+01,4.427934828063791173e+01,-3.330756609672508479e-03,9.479521704404957916e+01,2.436213876624306884e-01,0.000000000000000000e+00,8.363809072225741659e+00,1.000000000000000000e+00
2.159000000000000000e+03,7.133260050638575933e+00,4.850687252670391558e+01,-1.631756661040432640e-02,4.313848859097339528e+02,1.295489913580325503e-01,0.000000000000000000e+00,1.412418277633024744e+01,1.000000000000000000e+00
2.160000000000000000e+03,8.640897626202213644e+01,2.204386666064918288e+01,3.906882480226985324e-03,-1.097271376607335895e+02,2.407421348179656917e-01,0.000000000000000000e+00,4.666944843158982614e+00,1.000000000000000000e+00
2.160000000000000000e+03,1.162867362561953577e+01,2.624894265141514893e+01,-8.444437499172771644e-03,2.273306246756912401e+02,2.078556022465956055e-01,0.000000000000000000e+00,6.008379991610811821e+00,1.000000000000000000e+00
2.160000000000000000e+03,7.112084069561869448e+00,3.021139756039518076e+01,-5.380270423351626689e-03,1.479141258325070112e+02,4.133755900683565576e-01,0.000000000000000000e+00,6.008379991610811821e+00,1.000000000000000000e+00
2.161000000000000000e+03,1.433019897755380896e+02,2.038418985877306255e+01,-1.418908222754225283e-02,3.762192329454605897e+02,9.660922017879947088e-02,0.000000000000000000e+00,1.048759280561527696e+01,1.000000000000000000e+00
2.161000000000000000e+03,8.203108586880591702e+01,3.647790565715569500e+01,-4.923637430373189149e-03,1.360791988649839936e+02,1.054599743823377844e-01,0.000000000000000000e+00,7.546988314589117230e+00,1.000000000000000000e+00
2.161000000000000000e+03,9.687463199099184408e+01,1.945705783669880873e+01,-5.346962882595389377e-03,1.470508673330571696e+02,2.534290054556000982e-01,0.000000000000000000e+00,8.982132847208250226e+00,1.000000000000000000e+00
2.162000000000000000e+03,7.303478294301383755e+01,3.390363311812804881e+01,-5.403438855757224622e-03,1.485146008522461045e+02,1.530696469960101114e-01,0.000000000000000000e+00,8.728870073643042460e+00,1.000000000000000000e+00
2.162000000000000000e+03,1.382137318348562474e+02,4.071631053683599788e+01,-4.680254255827092508e-02,1.221488688082288718e+03,6.752571619621172694e-03,0.000000000000000000e+00,1.047783709065563862e+01,1.000000000000000000e+00
2.163000000000000000e+03,1.168895238593174923e+02,2.134680161150368605e+01,4.141935881315773199e-03,-1.158192069551769237e+02,2.732595510046653686e-01,0.000000000000000000e+00,8.441778550798645142e+00,1.000000000000000000e+00
2.163000000000000000e+03,9.217304835145816355e+01,5.080906265024598412e+01,4.882137863079762108e-03,-1.350036209815332882e+02,3.743737024956385051e-01,0.000000000000000000e+00,9.127361433807717361e+00,1.000000000000000000e+00
2.163000000000000000e+03,1.262841207086340916e+02,3.342355697610280885e+01,-7.931262771323263627e-03,2.140302597895205565e+02,1.749437092743364452e-01,0.000000000000000000e+00,6.412508997676994227e+00,1.000000000000000000e+00
2.163000000000000000e+03,3.180384318945685607e+01,4.221141648888880127e+01,3.043422966020071282e-03,-8.734815837717954423e+01,2.835479222977448366e-01,0.000000000000000000e+00,7.725463728624247572e+00,1.000000000000000000e+00
2.164000000000000000e+03,1.753784218441251141e+01,1.868866231585844062e+01,-7.541254695311808837e-03,2.039221047343344821e+02,9.397033846302838000e-02,0.000000000000000000e+00,8.532926820823192315e+00,1.000000000000000000e+00
2.164000000000000000e+03,7.786975402240236122e+01,2.066986214907710817e+01,8.486183063037066460e-03,-2.284125782514271066e+02,1.221886098704129120e-01,0.000000000000000000e+00,7.774589352052390545e+00,1.000000000000000000e+00
2.164000000000000000e+03,1.410057775124157331e+02,3.061732291268572226e+01,-3.686992331897714220e-02,9.640569538431318506e+02,2.180646162032340296e-02,0.000000000000000000e+00,5.737320376830624014e+00,1.000000000000000000e+00
2.164000000000000000e+03,1.226984537924566609e+02,3.873987754690354279e+01,-7.642330756837628289e-03,2.065417748517309917e+02,2.242893388976160418e-01,0.000000000000000000e+00,6.412508997676994227e+00,1.000000000000000000e+00
2.164000000000000000e+03,1.253164452225005618e+02,2.184742266524881771e+01,-3.832952942789487252e-03,1.078110459858666843e+02,2.543651155002714104e-01,0.000000000000000000e+00,8.441778550798645142e+00,1.000000000000000000e+00
2.164000000000000000e+03,8.368318163550507904e+01,2.583206119408314549e+01,-5.806591239042711676e-03,1.589634275606392180e+02,1.955920474615183702e-01,0.000000000000000000e+00,4.666944843158982614e+00,1.000000000000000000e+00
2.164000000000000000e+03,6.913981921366864469e+01,4.419363733052361454e+01,-7.688656685182613214e-03,2.077424414419602670e+02,7.004971091989797838e-02,0.000000000000000000e+00,1.028558479071979903e+01,1.000000000000000000e+00
2.165000000000000000e+03,1.081330927530789410e+02,3.510627907609608656e+01,-3.218715250387199633e-02,8.426897914729030390e+02,9.504635082074663899e-03,0.000000000000000000e+00,1.501175472936047761e+01,1.000000000000000000e+00
2.165000000000000000e+03,3.453471091782776625e+01,1.932020667812077974e+01,-4.387621092622103966e-03,1.221868294825053169e+02,1.321344097549679297e-01,0.000000000000000000e+00,1.619294455836301694e+01,1.000000000000000000e+00
2.165000000000000000e+03,7.029053676848840837e+01,2.561736220195932745e+01,8.501025454707680090e-03,-2.287972605327036604e+02,5.621962016038795085e-02,0.000000000000000000e+00,8.728870073643042460e+00,1.000000000000000000e+00
2.165000000000000000e+03,1.787327108599258096e+01,1.016233089012154522e+01,4.013927750805446927e-03,-1.125015166017985280e+02,3.020288181510702996e-01,0.000000000000000000e+00,8.532926820823192315e+00,1.000000000000000000e+00
2.166000000000000000e+03,8.814729750552787380e+01,2.158128552311303494e+01,-3.780592397273253510e-03,1.064539753368048451e+02,3.742203199494658072e-01,0.000000000000000000e+00,6.164205083050106282e+00,1.000000000000000000e+00
2.166000000000000000e+03,5.777585971246085705e+01,1.913806787822291966e+01,-1.191987304415816767e-02,3.174063013957436965e+02,1.452291294946346234e-01,0.000000000000000000e+00,7.002999647982559139e+00,1.000000000000000000e+00
2.166000000000000000e+03,7.062439384163614164e+00,4.627620258678488341e+01,3.471882760227317215e-03,-9.845289774322475296e+01,2.089037426757027749e-01,0.000000000000000000e+00,8.147701748436640301e+00,1.000000000000000000e+00
2.167000000000000000e+03,1.366049272971716846e+02,1.283816418116084357e+01,4.191236282009787144e-03,-1.170969653533985593e+02,3.320415013715749541e-01,0.000000000000000000e+00,9.752059131026387107e+00,1.000000000000000000e+00
2.167000000000000000e+03,1.009564279007817476e+02,4.832693242886663398e+01,-3.640583407354252427e-02,9.520287771441455789e+02,9.413545193700856295e-03,0.000000000000000000e+00,8.500485474611275905e+00,1.000000000000000000e+00
2.167000000000000000e+03,7.938586843450060826e+01,4.329267681453239192e+01,-3.652575644908060901e-03,1.031360615238336607e+02,3.529469361644644865e-01,0.000000000000000000e+00,1.028558479071979903e+01,1.000000000000000000e+00
2.168000000000000000e+03,3.578069218812976260e+01,4.883466809697701905e+01,2.788660372663419752e-03,-8.074526999023569829e+01,2.902142638639365613e-01,0.000000000000000000e+00,7.725463728624247572e+00,1.000000000000000000e+00
2.169000000000000000e+03,1.396692521197126098e+02,3.619679824474479091e+01,-8.787219663508675713e-03,2.362147875440463451e+02,8.626335663160700218e-02,0.000000000000000000e+00,5.737320376830624014e+00,1.000000000000000000e+00
2.169000000000000000e+03,1.293708616420330486e+02,4.691537125122455620e+01,-7.964242045363473244e-03,2.148850103347275251e+02,4.257473140310585880e-02,0.000000000000000000e+00,1.055271168091316270e+01,1.000000000000000000e+00
2.170000000000000000e+03,1.835199729773454180e+01,1.874467791231697689e+01,-5.837991739296448379e-02,1.521548884675896034e+03,1.139865244879267880e-02,0.000000000000000000e+00,8.595688407288598398e+00,1.000000000000000000e+00
2.170000000000000000e+03,7.096960542323972554e+00,2.982892007150977776e+01,5.878770205768398156e-03,-1.608341482771120923e+02,9.857794750534731865e-02,0.000000000000000000e+00,6.040408402175994951e+00,1.000000000000000000e+00
2.171000000000000000e+03,5.578560808631135615e+01,1.242383653470688643e+01,-6.506941086041088951e-02,1.694925902662612089e+03,6.975878804437618541e-03,0.000000000000000000e+00,7.002999647982559139e+00,1.000000000000000000e+00
2.171000000000000000e+03,1.125085098717409124e+02,1.301587506318566589e+01,-4.907532635242842743e-03,1.356617978512040565e+02,1.504276587707481516e-01,0.000000000000000000e+00,7.228476602551739738e+00,1.000000000000000000e+00
2.171000000000000000e+03,1.317150884346594069e+02,2.127570725919604655e+01,-7.933649429156402338e-03,2.140921167328119736e+02,4.731828399058568557e-02,0.000000000000000000e+00,9.752059131026387107e+00,1.000000000000000000e+00
2.171000000000000000e+03,2.714130152676830576e+01,2.709161433111069073e+01,-3.781218111915636299e-03,1.064701924897678964e+02,2.349962333397215275e-01,0.000000000000000000e+00,1.212118873749169978e+01,1.000000000000000000e+00
2.171000000000000000e+03,1.084833036665587969e+02,5.227717223306022731e+01,2.656881219096745347e-03,-7.732984297929863260e+01,4.248064047832122991e-01,0.000000000000000000e+00,8.500485474611275905e+00,1.000000000000000000e+00
2.172000000000000000e+03,6.451196440520504893e+01,3.665418115641718799e+01,-3.454167200449059002e-03,9.799374923799534542e+01,3.484882583717313631e-01,0.000000000000000000e+00,4.046244318629843129e+00,1.000000000000000000e+00
2.172000000000000000e+03,9.006106255077011724e+01,4.921318235109620076e+01,-8.163689479317757375e-03,2.200542509524773891e+02,5.336075161425546387e-02,0.000000000000000000e+00,1.093135055859457694e+01,1.000000000000000000e+00
2.172000000000000000e+03,1.240515289507044656e+02,4.946455996212873352e+00,2.339462718804583615e-03,-6.910305072630036705e+01,3.304923460754913833e-01,0.000000000000000000e+00,9.620064256186754648e+00,1.000000000000000000e+00
2.173000000000000000e+03,4.867075946189849844e+01,5.015625313571282362e+01,-3.578932640148578537e-02,9.360502486849600245e+02,1.166734147973735869e-02,0.000000000000000000e+00,1.295763949710340057e+01,1.000000000000000000e+00
2.173000000000000000e+03,7.739704410778774246e+00,2.382280535526916054e+01,-4.647267563820939654e-03,1.289162972854557552e+02,3.346657527673407850e-01,0.000000000000000000e+00,6.040408402175994951e+00,1.000000000000000000e+00
2.174000000000000000e+03,1.426360292539859529e+02,4.905898445145636089e+01,-4.865509510396716711e-03,1.345726505027896280e+02,2.711313298701020225e-01,0.000000000000000000e+00,1.319990911258742372e+01,1.000000000000000000e+00
2.174000000000000000e+03,1.197182977566192079e+02,1.353532924663218928e+01,-6.284173661062682562e-03,1.713413178412173750e+02,7.856293858790974749e-02,0.000000000000000000e+00,7.228476602551739738e+00,1.000000000000000000e+00
2.174000000000000000e+03,1.154478480026140232e+02,2.456303892118853227e+01,-3.775008958487052150e-03,1.063092648334500154e+02,2.465443906332130952e-01,0.000000000000000000e+00,1.027315560960824570e+01,1.000000000000000000e+00
2.174000000000000000e+03,4.140018594254350859e+01,3.077177853502657356e+01,-2.435347835894829515e-03,7.158818293418933365e+01,2.737047919223014603e-01,0.000000000000000000e+00,6.535400842089703843e+00,1.000000000000000000e+00
2.174000000000000000e+03,6.837288357923176818e+01,3.544364564777767868e+01,2.954189929576354554e-03,-8.503543352890828544e+01,3.429343881330872978e-01,0.000000000000000000e+00,4.046244318629843129e+00,1.000000000000000000e+00
2.174000000000000000e+03,1.007118269059261593e+02,3.564872215906566311e+01,-3.158648933506180700e-02,8.271219178320134233e+02,6.845237332439302325e-02,0.000000000000000000e+00,7.177466556077050974e+00,1.000000000000000000e+00
2.175000000000000000e+03,7.218809174919925908e+01,7.653179921163303590e+00,-4.579167364080593237e-03,1.271512892750976818e+02,2.862002456713713672e-01,0.000000000000000000e+00,1.688354666055592546e+01,1.000000000000000000e+00
2.175000000000000000e+03,9.408104197991313811e+01,2.611634091133392843e+01,7.848063575853632748e-03,-2.118739188827515818e+02,9.006249060173443510e-02,0.000000000000000000e+00,1.039719442474714661e+01,1.000000000000000000e+00
2.175000000000000000e+03,1.078861049954276154e+02,3.543480615194160066e+01,2.987388842588347554e-02,-7.827350535530316620e+02,5.400754927550199813e-02,0.000000000000000000e+00,7.177466556077050974e+00,1.000000000000000000e+00
2.176000000000000000e+03,3.799005511829874138e+01,4.126875319905465034e+01,2.928702927886119543e-03,-8.437486627191353250e+01,3.354098351381505916e-01,0.000000000000000000e+00,5.294804374262422897e+00,1.000000000000000000e+00
2.176000000000000000e+03,7.062918615469013162e+01,4.905805634464275755e+01,-6.041443071258079806e-03,1.650502726314006736e+02,9.630486265198778817e-02,0.000000000000000000e+00,1.380011159139426447e+01,1.000000000000000000e+00
2.177000000000000000e+03,1.699540812927632771e+01,3.475665534199234941e+01,-8.665385907490785050e-03,2.330571234531407754e+02,5.124112261240743038e-02,0.000000000000000000e+00,8.913505571303531383e+00,1.000000000000000000e+00
2.177000000000000000e+03,1.136623334235562908e+02,5.663121539443365826e+00,-7.338768017689322951e-03,1.986740935778746291e+02,1.419303038539880824e-01,0.000000000000000000e+00,9.932087302699935449e+00,1.000000000000000000e+00
2.177000000000000000e+03,4.963757861905171609e+01,2.491894455518747620e+01,2.099231353220006643e-03,-6.287677993395740828e+01,3.207442648485289149e-01,0.000000000000000000e+00,8.179104588195391656e+00,1.000000000000000000e+00
2.178000000000000000e+03,2.058934023166498761e+01,6.101836938385955200e+00,-8.349977221018213894e-03,2.248824211720431947e+02,3.952804868321535547e-02,0.000000000000000000e+00,1.266296119787408436e+01,1.000000000000000000e+00
2.178000000000000000e+03,8.993158154382160774e+01,1.658305029396029084e+01,-4.840685169684956143e-03,1.339292579668620533e+02,2.296685593378667845e-01,0.000000000000000000e+00,6.833674515750783662e+00,1.000000000000000000e+00
2.178000000000000000e+03,1.195660401133855686e+02,3.397463920583749086e+01,5.710149212563590294e-03,-1.564638614812468518e+02,1.342915366715351499e-01,0.000000000000000000e+00,8.087149668141462300e+00,1.000000000000000000e+00
2.178000000000000000e+03,8.694697939001855502e+01,5.304067546893819696e+01,-8.454851219954978916e-03,2.276005255081162204e+02,1.060406190678756522e-01,0.000000000000000000e+00,1.679677442725637704e+01,1.000000000000000000e+00
2.178000000000000000e+03,1.292719898292994571e+02,1.300576529021328120e+01,4.824544732654362580e-03,-1.335109331930978556e+02,1.095638977650779111e-01,0.000000000000000000e+00,9.568357758964255666e+00,1.000000000000000000e+00
2.178000000000000000e+03,1.429917316107193130e+02,2.016726319622060615e+01,1.039461389817484573e-02,-2.778749252647343724e+02,6.760932717183487650e-02,0.000000000000000000e+00,1.428670142679104949e+01,1.000000000000000000e+00
2.179000000000000000e+03,2.577668347214934030e+01,1.765354920991808285e+01,-8.151219247184983765e-03,2.197310498504352267e+02,4.554806950213230454e-02,0.000000000000000000e+00,1.266296119787408436e+01,1.000000000000000000e+00
2.179000000000000000e+03,7.121366723564919710e+01,2.887811410713555560e+01,-2.664061048455751424e-02,6.989355714969839255e+02,1.550878570140457047e-02,0.000000000000000000e+00,7.153758186697039001e+00,1.000000000000000000e+00
2.179000000000000000e+03,1.397236175211933471e+02,6.259378096173393580e+00,-4.927074242154075474e-03,1.361682734983402270e+02,3.967349449275378026e-01,0.000000000000000000e+00,1.243986581848327511e+01,1.000000000000000000e+00
2.179000000000000000e+03,3.747726519188757521e+01,3.599883860268027291e+01,3.423540111725137912e-03,-9.719996218395178289e+01,2.978691486123256071e-01,0.000000000000000000e+00,5.294804374262422897e+00,1.000000000000000000e+00
2.180000000000000000e+03,5.189940831657534659e+01,1.328185955790155681e+01,-4.504530990557121216e-03,1.252168779571385073e+02,2.499896150047965504e-01,0.000000000000000000e+00,6.662647215696388514e+00,1.000000000000000000e+00
2.180000000000000000e+03,9.906974753184243809e+00,2.935251860775228394e+01,2.130836925463410868e-03,-6.369592713755231728e+01,2.984696275646345764e-01,0.000000000000000000e+00,8.913505571303531383e+00,1.000000000000000000e+00
2.181000000000000000e+03,8.384460940319156919e+01,1.347694702033665415e+01,8.106674168680064185e-03,-2.185765389872808555e+02,8.307649068390132729e-02,0.000000000000000000e+00,6.833674515750783662e+00,1.000000000000000000e+00
2.181000000000000000e+03,5.332927766486333354e+01,3.221751359437539719e+01,6.531894887677438394e-03,-1.777617094256452219e+02,1.161360886212956522e-01,0.000000000000000000e+00,8.179104588195391656e+00,1.000000000000000000e+00
2.181000000000000000e+03,3.195818603071318975e+01,4.056802459966006325e+01,-3.764220670198979626e-03,1.060296560317269581e+02,3.545737526319169275e-01,0.000000000000000000e+00,6.072434870772979387e+00,1.000000000000000000e+00
2.183000000000000000e+03,3.818316956809063356e+01,9.120694963314738501e+00,4.045235240796385759e-03,-1.133129381663299284e+02,2.273350749517489833e-01,0.000000000000000000e+00,8.812000953181986063e+00,1.000000000000000000e+00
2.183000000000000000e+03,7.857482339525702741e+01,2.033067295335185776e+01,2.690074865162475713e-03,-7.819014957784587239e+01,2.638336016681611662e-01,0.000000000000000000e+00,3.048981504094354200e+00,1.000000000000000000e+00
2.183000000000000000e+03,1.156725908242817837e+02,2.090216111151951495e+01,2.656452812224657442e-03,-7.731873961155798725e+01,4.981743399617012402e-01,0.000000000000000000e+00,8.054404991577468920e+00,1.000000000000000000e+00
2.183000000000000000e+03,1.217499222265956007e+02,2.618794230210983542e+01,-7.562455814012295982e-03,2.044715912920478047e+02,9.480318772504348068e-02,0.000000000000000000e+00,8.054404991577468920e+00,1.000000000000000000e+00
2.184000000000000000e+03,4.698854931610467389e+01,8.779156836388285257e+00,-8.354540067485777960e-03,2.250006801580078672e+02,7.852914928625875923e-02,0.000000000000000000e+00,4.829697524539278142e+00,1.000000000000000000e+00
2.184000000000000000e+03,1.179343484728161826e+02,3.898785578102413041e+01,-3.373437401120216173e-02,8.827903839035907367e+02,9.474284199353255609e-03,0.000000000000000000e+00,7.084107003701888061e+00,1.000000000000000000e+00
2.184000000000000000e+03,2.662171815404182595e+01,3.677272754781987629e+01,-6.283270740477197441e-03,1.713179161174019782e+02,2.493632962783952634e-01,0.000000000000000000e+00,6.548447839790142666e+00,1.000000000000000000e+00
2.185000000000000000e+03,1.302791192691826154e+02,2.997308611166220871e+01,-8.160311221579353777e-03,2.199666939116453364e+02,1.036778604744025278e-01,0.000000000000000000e+00,8.881405238211627307e+00,1.000000000000000000e+00
2.185000000000000000e+03,2.639502078160737852e+01,1.831787389617142381e+01,3.535807193602580768e-03,-1.001096790360128921e+02,1.855484397747919623e-01,0.000000000000000000e+00,1.206118508021580382e+01,1.000000000000000000e+00
2.185000000000000000e+03,1.411522589613906575e+02,4.554122508810284131e+01,4.173608711389867679e-03,-1.166400973344215544e+02,2.327492642698391068e-01,0.000000000000000000e+00,1.116914382248631554e+01,1.000000000000000000e+00
2.187000000000000000e+03,5.993361045301153212e+01,3.648978749832890145e+01,-8.055644123796001921e-03,2.172539520002717666e+02,1.107184076232506920e-01,0.000000000000000000e+00,5.992619237551757294e+00,1.000000000000000000e+00
2.188000000000000000e+03,2.028499924322871095e+01,5.423730877346836898e+00,-2.741863958413767732e-02,7.191003815604866531e+02,4.092683487445458734e-02,0.000000000000000000e+00,1.250048003555770570e+01,1.000000000000000000e+00
2.188000000000000000e+03,1.246982134811768645e+02,3.688198252069432215e+01,-4.943068216068089750e-03,1.365828022689360068e+02,1.661961574744338366e-01,0.000000000000000000e+00,3.329098710030885755e+00,1.000000000000000000e+00
2.188000000000000000e+03,9.973057803324006443e+01,2.710040239997791645e+01,-2.492496898314207603e-03,7.306936145259676607e+01,3.979175169098122522e-01,0.000000000000000000e+00,8.477894240438738294e+00,1.000000000000000000e+00
2.188000000000000000e+03,4.642750390537793947e+01,3.540453595277497101e+01,-3.381308116156399573e-03,9.610540136391840349e+01,2.636842252600548608e-01,0.000000000000000000e+00,7.018532666339351245e+00,1.000000000000000000e+00
2.188000000000000000e+03,1.313939718495317663e+02,5.097497207981241729e+01,-3.525332004471332797e-02,9.221581379875848370e+02,2.117477080677798718e-02,0.000000000000000000e+00,4.020633920033119146e+00,1.000000000000000000e+00
2.188000000000000000e+03,5.761258873167002292e+01,5.205195130227323830e+01,3.758698014319086268e-03,-1.058865208881645401e+02,1.924831549710798173e-01,0.000000000000000000e+00,1.237725774971486992e+01,1.000000000000000000e+00
2.189000000000000000e+03,7.680688579504861480e+01,4.394155386379969030e+01,8.128846510536875264e-03,-2.191511975218355417e+02,7.474106697318871895e-02,0.000000000000000000e+00,1.086024570291283275e+01,1.000000000000000000e+00
2.189000000000000000e+03,5.074606420335086909e+01,5.744843067071729870e+00,-9.108125584632885408e-03,2.445319661061527086e+02,3.085068718367375284e-01,0.000000000000000000e+00,4.829697524539278142e+00,1.000000000000000000e+00
2.189000000000000000e+03,9.677747647540510911e+01,6.010828956159197212e+00,2.967741896142904543e-03,-8.538667081803909298e+01,3.016496535359912690e-01,0.000000000000000000e+00,1.548694949304946356e+01,1.000000000000000000e+00
2.189000000000000000e+03,3.253082942462960858e+01,7.934038485523101869e+00,-4.813051592059390711e-03,1.332130561634908759e+02,1.824559066765577553e-01,0.000000000000000000e+00,1.145816982076789792e+01,1.000000000000000000e+00
2.189000000000000000e+03,8.175191730054787342e+01,9.762918518406957347e+00,5.896997018279027773e-03,-1.613065473333148248e+02,1.227881141558284650e-01,0.000000000000000000e+00,1.404660649019300322e+01,1.000000000000000000e+00
2.189000000000000000e+03,1.143250690385350232e+01,2.620832367428302945e+01,7.440184977593903258e-03,-2.013025990345436185e+02,6.834148394887251676e-02,0.000000000000000000e+00,1.414687316991121691e+01,1.000000000000000000e+00
2.189000000000000000e+03,6.484481908034692310e+01,3.992366506531666914e+01,-5.204322042270309590e-03,1.433539291928182422e+02,3.348483125132667437e-01,0.000000000000000000e+00,5.992619237551757294e+00,1.000000000000000000e+00
2.189000000000000000e+03,4.670696225894605647e+01,4.619842068901947130e+01,3.401474838837497978e-03,-9.662807864255375989e+01,1.905211442347028994e-01,0.000000000000000000e+00,8.213534683521366730e+00,1.000000000000000000e+00
2.190000000000000000e+03,5.605867049627365617e+01,1.090635946204871409e+01,-1.033684348257313430e-02,2.763776426328550428e+02,2.221877720871312523e-01,0.000000000000000000e+00,7.407093702608263719e+00,1.000000000000000000e+00
2.191000000000000000e+03,1.265592221972531917e+02,2.466254193963465013e+01,4.286162755103023123e-03,-1.195572516087021455e+02,1.857274347591603147e-01,0.000000000000000000e+00,9.154308972920741638e+00,1.000000000000000000e+00
2.192000000000000000e+03,8.910161998661868310e+00,4.012851751865199645e+01,-7.410468526381943158e-03,2.005324137101465567e+02,8.819504726078486456e-02,0.000000000000000000e+00,1.216975779264154589e+01,1.000000000000000000e+00
2.192000000000000000e+03,1.196167732120375149e+02,1.869565205801499630e+01,2.808005714416830952e-03,-8.124665887438101208e+01,2.061227739362856415e-01,0.000000000000000000e+00,9.154308972920741638e+00,1.000000000000000000e+00
2.192000000000000000e+03,7.066326357732923213e+01,3.498606153933302210e+01,-7.788464740794262021e-03,2.103292476235059212e+02,1.296933436820788543e-01,0.000000000000000000e+00,7.631135232995799100e+00,1.000000000000000000e+00
2.192000000000000000e+03,3.211452750281966217e+01,1.938464320105902772e+01,-2.567402002827564797e-02,6.738836640932173623e+02,1.422853919998812167e-02,0.000000000000000000e+00,6.625916197050641721e+00,1.000000000000000000e+00
2.192000000000000000e+03,1.078010049587198296e+02,2.450369294519566310e+01,-1.993098153636181907e-03,6.012603987527000982e+01,3.773410098070143492e-01,0.000000000000000000e+00,8.379497117876827161e+00,1.000000000000000000e+00
2.192000000000000000e+03,1.169976307766716843e+02,4.024935019494205335e+01,-5.143345953416041984e-03,1.417735625319503470e+02,2.534573861537754436e-01,0.000000000000000000e+00,8.404649846513112976e+00,1.000000000000000000e+00
2.193000000000000000e+03,4.483601533150849860e+01,2.026388264160809527e+01,1.107238255895084955e-02,-2.954412043652431521e+02,9.499602530284301238e-02,0.000000000000000000e+00,7.275978168198113494e+00,1.000000000000000000e+00
2.193000000000000000e+03,1.269270082552864096e+02,3.440905468591400052e+01,3.783940050153751771e-03,-1.065407391667569925e+02,1.251092971854208535e-01,0.000000000000000000e+00,3.329098710030885755e+00,1.000000000000000000e+00
2.193000000000000000e+03,4.120829302519865678e+01,4.009704472492348515e+01,-4.384548193157090414e-03,1.221071866592617283e+02,1.749849498254505420e-01,0.000000000000000000e+00,7.018532666339351245e+00,1.000000000000000000e+00
2.193000000000000000e+03,9.325796001082787257e+01,5.327036672243289672e+01,-3.730546858264726599e-03,1.051569045856245594e+02,1.493098857263089885e-01,0.000000000000000000e+00,1.891202242502047781e+01,1.000000000000000000e+00
2.195000000000000000e+03,1.007701370996762513e+01,6.957004506322598480e+00,-7.421379289499845620e-03,2.008151967911895213e+02,5.217433568977136726e-02,0.000000000000000000e+00,1.245682392725537113e+01,1.000000000000000000e+00
2.195000000000000000e+03,1.008565623147036945e+02,1.981426991965443563e+01,-8.229569979959404369e-03,2.217617292242337044e+02,4.937217382175806968e-02,0.000000000000000000e+00,8.089304957336800328e+00,1.000000000000000000e+00
2.195000000000000000e+03,1.944605374431067446e+01,3.403770559777240123e+01,-3.131991099250285709e-02,8.202127911070034543e+02,9.933997299553243288e-03,0.000000000000000000e+00,1.083812503818216477e+01,1.000000000000000000e+00
2.195000000000000000e+03,9.928984894598123390e+01,2.775040650574341683e+01,3.918739164954419991e-03,-1.100344369579457009e+02,2.279760405572940352e-01,0.000000000000000000e+00,8.089304957336800328e+00,1.000000000000000000e+00
2.196000000000000000e+03,3.887385662324413715e+01,3.167916476386961833e+01,-7.019353023207562485e-03,1.903955565686097202e+02,8.080951717128770362e-02,0.000000000000000000e+00,8.735576475166514143e+00,1.000000000000000000e+00
2.196000000000000000e+03,3.793114557673780496e+01,2.255792535562814649e+01,7.145188445486352034e-03,-1.936569350837342540e+02,3.166821207505073899e-01,0.000000000000000000e+00,6.625916197050641721e+00,1.000000000000000000e+00
2.197000000000000000e+03,5.762752076618915709e+01,9.994505636113165892e+00,-5.116150689319326310e-03,1.410687208551634626e+02,2.680634175421184873e-01,0.000000000000000000e+00,6.955635535230435984e+00,1.000000000000000000e+00
2.197000000000000000e+03,2.248173127606684574e+01,5.818828570910441478e+00,-9.223272650069471584e-03,2.475163258237409138e+02,1.346570482430901050e-01,0.000000000000000000e+00,1.245682392725537113e+01,1.000000000000000000e+00
2.197000000000000000e+03,2.201810697526192584e+01,4.456621434879808419e+01,-6.821711158562940823e-03,1.852731123524410748e+02,9.315640685901849238e-02,0.000000000000000000e+00,1.083812503818216477e+01,1.000000000000000000e+00
2.198000000000000000e+03,4.824089462896411362e+01,3.389723278886544477e+01,-7.666252726077160337e-03,2.071617798956559682e+02,3.563964551484231080e-01,0.000000000000000000e+00,6.477179721831770820e+00,1.000000000000000000e+00
2.198000000000000000e+03,3.303563273956972779e+01,5.053681249225639505e+01,3.625137998089859523e-03,-1.024249378178218137e+02,2.153610894732239656e-01,0.000000000000000000e+00,3.716382847137336132e+00,1.000000000000000000e+00
2.199000000000000000e+03,4.010497086734655170e+01,5.629245105474352862e+00,-7.270600622444957015e-03,1.969073440072376115e+02,6.488818284418207405e-02,0.000000000000000000e+00,1.510407159542149280e+01,1.000000000000000000e+00
2.199000000000000000e+03,6.898524242211283308e+01,1.468369855798150070e+01,-4.746604526593179406e-03,1.314908937724873681e+02,1.557936919036869705e-01,0.000000000000000000e+00,1.228765117798913309e+01,1.000000000000000000e+00
2.199000000000000000e+03,5.411569836923922594e+01,1.599850173464964342e+01,-7.797669788058386037e-03,2.105678222858248603e+02,1.801470586131709295e-01,0.000000000000000000e+00,6.955635535230435984e+00,1.000000000000000000e+00
2.199000000000000000e+03,7.699086107263430279e+01,3.898010323870444438e+01,3.879490288895756471e-03,-1.090171920613782248e+02,1.743419397315101316e-01,0.000000000000000000e+00,1.140954613683285679e+01,1.000000000000000000e+00
2.199000000000000000e+03,9.072115432085858799e+01,1.478965405624575347e+01,3.703865250597647863e-03,-1.044653757583790679e+02,2.400480205944556245e-01,0.000000000000000000e+00,1.131252667517374100e+01,1.000000000000000000e+00
2.200000000000000000e+03,5.426642678553116639e+01,3.152092906688773866e+01,2.565245147158600608e-02,-6.733246543476625448e+02,4.524838202717307301e-02,0.000000000000000000e+00,6.477179721831770820e+00,1.000000000000000000e+00
2.200000000000000000e+03,8.722514827935881954e+01,3.393658180831550908e+01,-3.383817224230935977e-02,8.854806066938866707e+02,8.290837788133731401e-02,0.000000000000000000e+00,5.670705919621217284e+00,1.000000000000000000e+00
2.200000000000000000e+03,4.617890569444958260e+01,4.796868035912864059e+01,5.385494597020206928e-03,-1.480495249709486529e+02,1.633379780241840384e-01,0.000000000000000000e+00,7.813642485120740666e+00,1.000000000000000000e+00
2.201000000000000000e+03,1.166639805964414052e+02,1.270783897876650492e+01,-7.326400013827305546e-02,1.907311707288266007e+03,5.489736520822074972e-03,0.000000000000000000e+00,2.336541418492852173e+01,1.000000000000000000e+00
2.201000000000000000e+03,9.669297299314533234e+01,2.760709572183907667e+01,-5.830623931341058497e-02,1.519639310238577991e+03,9.986161029535756128e-03,0.000000000000000000e+00,7.435689310940775343e+00,1.000000000000000000e+00
2.202000000000000000e+03,1.071903905229396656e+02,3.406652974277421464e+01,6.123730683102726266e-03,-1.671829872873459806e+02,1.943833516332000855e-01,0.000000000000000000e+00,7.054772284392136328e+00,1.000000000000000000e+00
2.202000000000000000e+03,3.334837919279758012e+01,1.913781452281214612e+01,5.087160792431748985e-03,-1.403173662274072910e+02,2.478543898322631556e-01,0.000000000000000000e+00,8.844498925804048284e+00,1.000000000000000000e+00
2.203000000000000000e+03,8.933402004346727665e+01,2.867259420295650685e+01,-3.180294963479726039e-02,8.327320946657712284e+02,1.199417305340227946e-01,0.000000000000000000e+00,5.670705919621217284e+00,1.000000000000000000e+00
2.203000000000000000e+03,3.559263921932596020e+01,4.783992181427531420e+01,2.270201968778669168e-03,-6.730796379461369838e+01,3.695560800421239245e-01,0.000000000000000000e+00,3.276935713114728532e+00,1.000000000000000000e+00
2.205000000000000000e+03,3.852786247201063219e+01,4.638294819585048145e+01,-2.164903923178589269e-03,6.457886909786080309e+01,4.145384511121985582e-01,0.000000000000000000e+00,3.276935713114728532e+00,1.000000000000000000e+00
2.205000000000000000e+03,1.024845740594955856e+02,4.854995697200252636e+01,4.382448248777435877e-03,-1.220527607006664681e+02,2.764818286155161786e-01,0.000000000000000000e+00,4.706662638610247917e+00,1.000000000000000000e+00
2.206000000000000000e+03,2.513454130754460891e+01,2.241775788258712154e+01,-5.977003742706514175e-03,1.633801463834709580e+02,3.256701580913672345e-01,0.000000000000000000e+00,8.068991562650362326e+00,1.000000000000000000e+00
2.206000000000000000e+03,7.497561235543532376e+00,3.346648856170979514e+01,-2.828755140696466094e-02,7.416206727407172821e+02,1.267950158380737324e-02,0.000000000000000000e+00,1.146948962356439772e+01,1.000000000000000000e+00
2.207000000000000000e+03,4.347254313705904138e+01,1.143294683927763344e+01,-6.974662555247230535e-03,1.892372775292326139e+02,6.448466051392309772e-02,0.000000000000000000e+00,8.768651941150372053e+00,1.000000000000000000e+00
2.207000000000000000e+03,1.863424202106397942e+01,3.072358256505750518e+01,-2.602355566595125971e-02,6.829428621977064040e+02,1.451287743972240474e-02,0.000000000000000000e+00,1.054706662867713263e+01,1.000000000000000000e+00
2.207000000000000000e+03,1.144765159424828482e+02,4.145334075344485569e+01,-2.813760246506394683e-02,7.377343246153287737e+02,1.973982999803458593e-02,0.000000000000000000e+00,1.037557711824640272e+01,1.000000000000000000e+00
2.207000000000000000e+03,1.074217227474220948e+02,6.343544042539820182e+00,-2.673565440589387512e-02,7.013989017534903496e+02,1.087809832392039322e-02,0.000000000000000000e+00,9.885586030218528109e+00,1.000000000000000000e+00
2.207000000000000000e+03,1.126312646605437067e+02,2.957579476914473915e+01,-3.865262634760360111e-03,1.086484424304913006e+02,1.869930293766957075e-01,0.000000000000000000e+00,7.054772284392136328e+00,1.000000000000000000e+00
2.207000000000000000e+03,5.736993766238264669e+01,3.483255581539428647e+01,5.074816842927099871e-03,-1.399974380944762231e+02,9.370928118454069367e-02,0.000000000000000000e+00,1.349512725695112003e+01,1.000000000000000000e+00
2.208000000000000000e+03,5.802394322041493524e+01,4.971825964097919126e+01,-8.266145002993075322e-03,2.227096737072102428e+02,6.781276821782800113e-02,0.000000000000000000e+00,1.490006381372140964e+01,1.000000000000000000e+00
2.208000000000000000e+03,1.376758942386675528e+02,2.272281664844422266e+01,-4.537120128136564595e-02,1.184391457399759020e+03,2.292725518790794670e-02,0.000000000000000000e+00,1.326167157431802224e+01,1.000000000000000000e+00
2.208000000000000000e+03,6.582383737901460563e+01,1.558718358367405088e+01,3.567150439184934782e-03,-1.009220273071546075e+02,3.430431854731199603e-01,0.000000000000000000e+00,7.722083643693581578e+00,1.000000000000000000e+00
2.209000000000000000e+03,1.033553318037927369e+02,1.600106755396448222e+01,3.447437754112077282e-03,-9.781933672914318834e+01,2.396099166138869752e-01,0.000000000000000000e+00,1.029256359062148718e+01,1.000000000000000000e+00
2.209000000000000000e+03,1.428827860905732052e+02,5.205128078338773179e+01,2.988537892067985331e-03,-8.592565748079618970e+01,3.365503452644620364e-01,0.000000000000000000e+00,1.732543031278771650e+01,1.000000000000000000e+00
2.209000000000000000e+03,1.032199274734199008e+02,5.319882011801139043e+01,4.813256271385327537e-03,-1.332183610032888623e+02,3.942072254388773178e-01,0.000000000000000000e+00,4.706662638610247917e+00,1.000000000000000000e+00
2.210000000000000000e+03,1.124752584985538419e+02,2.077221022099623582e+01,-3.863927075468375546e-03,1.086138276590567386e+02,2.306531036540369062e-01,0.000000000000000000e+00,8.804966713110157883e+00,1.000000000000000000e+00
2.210000000000000000e+03,1.433040486494328434e+02,3.473097266315596698e+01,-2.290411623839990266e-02,6.020938250664244151e+02,3.340904707343494984e-02,0.000000000000000000e+00,1.296832932466383070e+01,1.000000000000000000e+00
2.210000000000000000e+03,4.486118823126383859e+01,2.009094439456610459e+01,-8.308620553307272463e-03,2.238105469327627475e+02,1.232813610249823277e-01,0.000000000000000000e+00,4.880751810195754992e+00,1.000000000000000000e+00
2.210000000000000000e+03,7.370273107743699370e+01,2.324512919884223550e+01,-4.164532700173831543e-03,1.164048670038280733e+02,2.962022631210257106e-01,0.000000000000000000e+00,1.098731527516679840e+01,1.000000000000000000e+00
2.211000000000000000e+03,8.805932753093894405e+01,2.014384637464047145e+01,-3.440079395351198360e-02,9.000625290797278240e+02,7.021936308095444446e-03,0.000000000000000000e+00,1.468774376425438710e+01,1.000000000000000000e+00
2.211000000000000000e+03,1.000274168890541091e+02,4.915142185287027132e+01,-8.005619261627756195e-03,2.159574171475009337e+02,1.441227391355613952e-01,0.000000000000000000e+00,5.154954563131953549e+00,1.000000000000000000e+00
2.212000000000000000e+03,5.357495278310224762e+01,1.108756803353404230e+01,-4.785541670835628293e-03,1.325000592631969880e+02,3.141158297171312563e-01,0.000000000000000000e+00,6.898347304390320289e+00,1.000000000000000000e+00
2.212000000000000000e+03,9.754178648783040728e+01,6.009372429057886045e+00,-3.564541810843712549e-02,9.323204609463584802e+02,3.915783552568585790e-02,0.000000000000000000e+00,9.812240035560026996e+00,1.000000000000000000e+00
2.212000000000000000e+03,6.149920063696119854e+01,2.198469035189881282e+01,2.673289719462377829e-03,-7.775511536754019914e+01,3.089959504455167538e-01,0.000000000000000000e+00,7.722083643693581578e+00,1.000000000000000000e+00
2.213000000000000000e+03,1.073489140869323819e+02,6.326078555268552783e+00,2.783368115547512137e-02,-7.298573499810680687e+02,2.181521024939392372e-02,0.000000000000000000e+00,9.812240035560026996e+00,1.000000000000000000e+00
2.214000000000000000e+03,1.214456513619781219e+02,1.931392794602422924e+01,-8.525374510469415495e-03,2.294283347237923749e+02,9.059786559896365610e-02,0.000000000000000000e+00,9.088153570317283325e+00,1.000000000000000000e+00
2.214000000000000000e+03,8.520822801508586508e+01,4.000498647859596701e+01,-3.212142821012203830e-02,8.409863617416231136e+02,7.972935536712522087e-03,0.000000000000000000e+00,1.308993820810090014e+01,1.000000000000000000e+00
2.215000000000000000e+03,1.359099664707355259e+02,4.538485055843928961e+01,2.936950715695526952e-03,-8.458863086595059144e+01,3.396256105766052302e-01,0.000000000000000000e+00,6.504057170616253103e+00,1.000000000000000000e+00
2.215000000000000000e+03,2.833830273115991716e+01,2.812292143054661864e+01,-3.333082546646213423e-02,8.723312895580490931e+02,1.209117289762451364e-02,0.000000000000000000e+00,1.181308533069611499e+01,1.000000000000000000e+00
2.216000000000000000e+03,1.294665797903919042e+02,4.916989190664344989e+01,4.255365624125279772e-03,-1.187590574319006294e+02,1.521187845847341569e-01,0.000000000000000000e+00,7.472868921642127127e+00,1.000000000000000000e+00
2.217000000000000000e+03,8.622575288937676419e+01,8.506146729960930131e+00,-8.312172513495167878e-03,2.239026059606071897e+02,5.413197607762998409e-02,0.000000000000000000e+00,1.158820513759493309e+01,1.000000000000000000e+00
2.217000000000000000e+03,3.983989185909710784e+01,2.542803134699502010e+01,-2.114136377959935018e-03,6.326308552719890343e+01,2.915101335687829698e-01,0.000000000000000000e+00,5.772559629827683558e+00,1.000000000000000000e+00
2.217000000000000000e+03,1.394810115281492244e+02,3.994882288406474657e+01,4.780650457747059011e-03,-1.323732897336712426e+02,1.844177258132280173e-01,0.000000000000000000e+00,6.504057170616253103e+00,1.000000000000000000e+00
2.218000000000000000e+03,7.268902590762802163e+01,3.618189075856450643e+01,4.496408097971062168e-03,-1.250063503737197124e+02,1.764281644782393910e-01,0.000000000000000000e+00,9.760749472253632320e+00,1.000000000000000000e+00
2.218000000000000000e+03,1.624682658877066999e+01,4.137750145131892765e+01,2.044740534374962001e-03,-6.146449726637083444e+01,2.555770518750101195e-01,0.000000000000000000e+00,6.317741933580024671e+00,1.000000000000000000e+00
2.219000000000000000e+03,1.265600054528976131e+02,2.989939817182968440e+01,-9.046118699189996393e-03,2.429248834555681356e+02,2.802582006806053627e-02,0.000000000000000000e+00,1.175622378439261873e+01,1.000000000000000000e+00
2.219000000000000000e+03,5.613848558361826946e+01,3.452909777003724656e+01,-2.341454636144223427e-03,6.915467686064124564e+01,3.924899280254473544e-01,0.000000000000000000e+00,1.258636679808197734e+01,1.000000000000000000e+00
2.220000000000000000e+03,6.248862187654443545e+01,4.899208143131034632e+01,-5.893466317617956224e-03,1.612150393058387010e+02,1.312439323732547125e-01,0.000000000000000000e+00,6.862205426750647597e+00,1.000000000000000000e+00
2.220000000000000000e+03,2.309670067137404459e+01,1.668770438919481691e+01,2.915140472704948627e-03,-8.402335714086605378e+01,4.302711937869728720e-01,0.000000000000000000e+00,6.869834390655199741e+00,1.000000000000000000e+00
2.220000000000000000e+03,9.463953906547676809e+01,2.145068965072420042e+01,2.588238054233630691e-03,-7.555076250227105561e+01,3.843202090462688458e-01,0.000000000000000000e+00,6.208694325672485803e+00,1.000000000000000000e+00
2.220000000000000000e+03,1.922082149763941672e+01,4.946524348794876857e+01,-4.466697576837395066e-03,1.242363187439627126e+02,3.369836266803974967e-01,0.000000000000000000e+00,3.245468573707337434e+00,1.000000000000000000e+00
2.221000000000000000e+03,1.157799955201772235e+02,2.479153279184286163e+01,-8.069575267237970306e-03,2.176150167234630715e+02,5.695937138368478703e-02,0.000000000000000000e+00,4.925518879584030785e+00,1.000000000000000000e+00
2.221000000000000000e+03,1.650390882180107965e+01,4.769001060891827137e+01,6.001830514247225197e-03,-1.640236019211604344e+02,1.941517122333225043e-01,0.000000000000000000e+00,3.245468573707337434e+00,1.000000000000000000e+00
2.221000000000000000e+03,1.038234077149947439e+02,4.813992080313853705e+01,-3.654794856689343868e-03,1.031935786322353863e+02,2.620245136797330066e-01,0.000000000000000000e+00,6.942357368404791451e+00,1.000000000000000000e+00
2.222000000000000000e+03,8.916755325322606396e+00,1.006712753998957233e+01,-7.999938544011618580e-03,2.158101853899540572e+02,1.579937469129036876e-01,0.000000000000000000e+00,7.340269979175727322e+00,1.000000000000000000e+00
2.222000000000000000e+03,1.179142783361155153e+02,1.520545282280114741e+01,-4.739684182176074657e-03,1.313115336035422160e+02,2.087187203933942303e-01,0.000000000000000000e+00,4.910705871162702074e+00,1.000000000000000000e+00
2.222000000000000000e+03,6.587787842546160277e+01,2.071027146799121965e+01,3.580273048028684030e-03,-1.012621365845770356e+02,3.014014204182455803e-01,0.000000000000000000e+00,1.048925754659015652e+01,1.000000000000000000e+00
2.223000000000000000e+03,1.830656345057146694e+01,2.161205307312355117e+01,-7.439548404720265802e-03,2.012861004600103456e+02,5.294383363626842254e-02,0.000000000000000000e+00,6.869834390655199741e+00,1.000000000000000000e+00
2.223000000000000000e+03,1.438619168250090183e+02,2.593427704881131746e+01,-8.030410541226990287e-03,2.165999528118090041e+02,7.036129293887882774e-02,0.000000000000000000e+00,1.347649908199954005e+01,1.000000000000000000e+00
2.223000000000000000e+03,6.557180270928311927e+01,4.286151381716899067e+01,-7.514353248279975230e-03,2.032248781522914385e+02,5.035254713346004607e-02,0.000000000000000000e+00,6.862205426750647597e+00,1.000000000000000000e+00
2.223000000000000000e+03,4.761332728426874894e+01,1.540891897224905982e+01,-2.472185323517209991e-03,7.254292992440187504e+01,3.212223350848579795e-01,0.000000000000000000e+00,3.583138900268077798e+00,1.000000000000000000e+00
2.224000000000000000e+03,1.399141811388707310e+02,8.554104302942000970e+00,-7.063209926111948395e-03,1.915322314275804558e+02,6.119401316277772729e-02,0.000000000000000000e+00,1.066315871831518436e+01,1.000000000000000000e+00
2.224000000000000000e+03,1.165800004243467356e+02,1.993141670408904531e+01,3.894228879046793268e-03,-1.093991840346345441e+02,3.744618741571025256e-01,0.000000000000000000e+00,4.091742864106493904e+00,1.000000000000000000e+00
2.224000000000000000e+03,8.493026495904908302e+01,2.364363022865309816e+01,-3.388686485433033829e-02,8.867426125410056557e+02,1.022147473431112008e-02,0.000000000000000000e+00,9.953843079538387428e+00,1.000000000000000000e+00
2.225000000000000000e+03,1.081717567183632553e+02,5.335507706731735134e+00,-4.178667312662032174e-03,1.167712051990184250e+02,2.915895526920445624e-01,0.000000000000000000e+00,1.226940882356648999e+01,1.000000000000000000e+00
2.225000000000000000e+03,1.006878429071249883e+02,2.004858199838751176e+01,9.346457251466820312e-03,-2.507090008679857078e+02,4.911601750581984227e-02,0.000000000000000000e+00,6.208694325672485803e+00,1.000000000000000000e+00
2.225000000000000000e+03,1.284476571340652207e+01,3.103691215459139841e+01,-5.199230386865433783e-03,1.432219646375033619e+02,1.147099294410732773e-01,0.000000000000000000e+00,1.089308052055189080e+01,1.000000000000000000e+00
2.225000000000000000e+03,9.769469382577084104e+01,4.487875660998935956e+01,-6.428206679921884964e-03,1.750743381996281016e+02,6.315758633827539548e-02,0.000000000000000000e+00,6.942357368404791451e+00,1.000000000000000000e+00
2.225000000000000000e+03,7.485107479490203275e+01,2.614223895631068117e+01,-7.983893419240791975e-03,2.153943309011906990e+02,5.408918987297006709e-02,0.000000000000000000e+00,1.038427272075253782e+01,1.000000000000000000e+00
2.226000000000000000e+03,1.230282587072907745e+02,9.651443706796380084e+00,-7.224980373152460958e-03,1.957249670723270469e+02,6.486580682677722809e-02,0.000000000000000000e+00,6.853422097535330160e+00,1.000000000000000000e+00
2.226000000000000000e+03,1.205274951968929003e+02,2.100828470281828331e+01,-4.557293878531899593e-03,1.265843764414335055e+02,2.109520262939020840e-01,0.000000000000000000e+00,4.091742864106493904e+00,1.000000000000000000e+00
2.226000000000000000e+03,1.340032245139392160e+02,3.512243319804972685e+01,-6.714388267718919036e-03,1.824915381021932035e+02,1.060346129854577990e-01,0.000000000000000000e+00,1.347649908199954005e+01,1.000000000000000000e+00
2.226000000000000000e+03,4.403344403566086385e+01,1.525620910043002532e+01,4.232678542776326623e-03,-1.181710579771967673e+02,2.170448928931092425e-01,0.000000000000000000e+00,3.583138900268077798e+00,1.000000000000000000e+00
2.227000000000000000e+03,7.861304046036612192e+01,5.034080372113014334e+01,-3.871561197352516633e-03,1.088116873764868444e+02,2.058462306579306178e-01,0.000000000000000000e+00,1.282874767284239681e+01,1.000000000000000000e+00
2.227000000000000000e+03,1.339944553672378191e+01,1.587961855811566636e+01,2.656228006869629493e-03,-7.731291314917008606e+01,2.780597865896806686e-01,0.000000000000000000e+00,7.340269979175727322e+00,1.000000000000000000e+00
2.228000000000000000e+03,8.636909096040980671e+01,1.033465389842950621e+01,-3.084996718419375297e-02,8.080328769621653464e+02,1.349109289918026811e-02,0.000000000000000000e+00,6.976319554136841461e+00,1.000000000000000000e+00
2.228000000000000000e+03,1.305158931297583536e+02,1.801321300308964268e+01,-5.585630007938626601e-03,1.532365964446617852e+02,1.146907222327490095e-01,0.000000000000000000e+00,9.529940345387119649e+00,1.000000000000000000e+00
2.228000000000000000e+03,4.639523513015996770e+01,3.047110124043806323e+01,3.145473725406456016e-03,-8.999309052814034260e+01,2.575834762277259271e-01,0.000000000000000000e+00,1.480301037286102250e+01,1.000000000000000000e+00
2.229000000000000000e+03,3.627016394304852298e+01,1.619638044745778060e+01,-8.668210775450161526e-03,2.331303378430473003e+02,1.600420551181237494e-01,0.000000000000000000e+00,6.098296132953909598e+00,1.000000000000000000e+00
2.229000000000000000e+03,1.298227106488386084e+02,5.109517651282335926e+00,-4.585263161897561342e-03,1.273092790022569858e+02,2.238114318777024714e-01,0.000000000000000000e+00,8.172739410978456576e+00,1.000000000000000000e+00
2.229000000000000000e+03,1.173457399678040360e+02,1.348268048130766239e+01,-7.603249634293486950e-03,2.055288777588120581e+02,6.665932459104528807e-02,0.000000000000000000e+00,6.494040030630153559e+00,1.000000000000000000e+00
2.229000000000000000e+03,2.431915074873295524e+01,1.974866071843418780e+01,-4.809327694282213711e-03,1.331165408899449289e+02,1.553524693911813026e-01,0.000000000000000000e+00,1.158488019599264263e+01,1.000000000000000000e+00
2.229000000000000000e+03,1.266446243598816039e+02,4.736682478608590685e+01,-3.620519331787337702e-02,9.468286082414026623e+02,7.185004561455876626e-03,0.000000000000000000e+00,1.428545139603463454e+01,1.000000000000000000e+00
2.229000000000000000e+03,9.280777632642895014e+01,4.990373901210643481e+01,-3.901247475563464524e-03,1.095810906827887266e+02,2.036125732996169058e-01,0.000000000000000000e+00,7.009451532535216245e+00,1.000000000000000000e+00
2.229000000000000000e+03,5.042502478816688694e+01,5.081001060954903181e+01,2.566184713261380080e-03,-7.497918820998422973e+01,3.742905900807889097e-01,0.000000000000000000e+00,2.051769059700689368e+01,1.000000000000000000e+00
2.230000000000000000e+03,1.400293195923881058e+02,8.531558700445151189e+00,7.305287560941096242e-03,-1.978063534746681853e+02,9.042542358051497420e-02,0.000000000000000000e+00,3.581202944135306154e+00,1.000000000000000000e+00
2.231000000000000000e+03,1.389679414855770005e+02,2.241578515781243297e+01,8.887882407290041697e-03,-2.388237453708392195e+02,3.145400453571988164e-01,0.000000000000000000e+00,3.266051496396594978e+00,1.000000000000000000e+00
2.231000000000000000e+03,7.963654498021990946e+01,3.755294989997242538e+01,2.400736258477455688e-03,-7.069112666084920704e+01,2.829560588544569599e-01,0.000000000000000000e+00,1.120074584438656551e+01,1.000000000000000000e+00
2.232000000000000000e+03,4.598693530325244438e+01,1.079759816041594789e+01,-1.413047608307676020e-02,3.747002900520154185e+02,5.732485703959189216e-02,0.000000000000000000e+00,6.054470108212188784e+00,1.000000000000000000e+00
2.232000000000000000e+03,5.578392714411744890e+01,1.902638287928639826e+01,2.389723920220918410e-03,-7.040571097470333939e+01,3.622589915369756053e-01,0.000000000000000000e+00,6.174270262687069355e+00,1.000000000000000000e+00
2.232000000000000000e+03,6.462787180655399766e+01,1.988322075584361315e+01,2.610320141613691001e-03,-7.612308183848209353e+01,3.225092569048458868e-01,0.000000000000000000e+00,7.462886938366635192e+00,1.000000000000000000e+00
2.232000000000000000e+03,3.190134727638914214e+01,3.932770357866844790e+01,-7.745663244436025961e-03,2.092199265904453114e+02,2.630433956585461752e-01,0.000000000000000000e+00,3.538874491968947655e+00,1.000000000000000000e+00
2.233000000000000000e+03,6.943679733770295570e+01,3.136944602926039849e+01,-8.128688063735704447e-03,2.191470909278116324e+02,5.609000528642404948e-02,0.000000000000000000e+00,1.107434185123786641e+01,1.000000000000000000e+00
2.233000000000000000e+03,1.417922104847314131e+02,2.077548122331438663e+01,-9.528586522342095272e-03,2.554293926324916129e+02,2.040444116800533836e-01,0.000000000000000000e+00,3.266051496396594978e+00,1.000000000000000000e+00
2.233000000000000000e+03,9.333509287863039106e+01,9.955375904368164441e+00,-4.004911366306885753e-03,1.122678316651154375e+02,2.633026966809860481e-01,0.000000000000000000e+00,6.976319554136841461e+00,1.000000000000000000e+00
2.234000000000000000e+03,6.688898169466786214e+01,1.277111392813657709e+01,4.038835822357158233e-03,-1.131470792576933064e+02,2.101155639053509105e-01,0.000000000000000000e+00,7.462886938366635192e+00,1.000000000000000000e+00
2.234000000000000000e+03,1.125990254422566750e+02,4.151169701073320084e+01,6.554220272015753163e-03,-1.783403344860957134e+02,1.521461350860836559e-01,0.000000000000000000e+00,1.358360239248701440e+01,1.000000000000000000e+00
2.234000000000000000e+03,1.427876137541435639e+02,1.278490361679490306e+01,-2.983721273916844878e-03,8.580082128865559810e+01,3.842712522056549451e-01,0.000000000000000000e+00,3.693852772183764177e+00,1.000000000000000000e+00
2.234000000000000000e+03,9.916624602995395321e+01,4.527161619347769772e+01,-1.662299393529320787e-03,5.155246059604185405e+01,3.861057037259539859e-01,0.000000000000000000e+00,7.866809949242855815e+00,1.000000000000000000e+00
2.234000000000000000e+03,8.043685244640548149e+01,4.872506766833266312e+01,3.019683860682225145e-03,-8.673289276504053191e+01,2.395038256565479307e-01,0.000000000000000000e+00,1.106980417903421099e+01,1.000000000000000000e+00
2.235000000000000000e+03,2.482411324214247728e+01,8.519134900458556814e+00,-3.413090515193504398e-02,8.930676025082125307e+02,1.219863816323063510e-02,0.000000000000000000e+00,1.538075898933801966e+01,1.000000000000000000e+00
2.235000000000000000e+03,1.001513093372383700e+01,2.787435458465323634e+01,-7.302844885755457004e-03,1.977430446843005427e+02,1.165852885854504750e-01,0.000000000000000000e+00,7.143254016267008843e+00,1.000000000000000000e+00
2.235000000000000000e+03,1.618891767122372372e+01,3.146746399862677279e+01,-7.845768788917583531e-03,2.118144430318783975e+02,1.376291032528871305e-01,0.000000000000000000e+00,7.143254016267008843e+00,1.000000000000000000e+00
2.235000000000000000e+03,1.220924767149058567e+02,5.251079919722638323e+01,-2.666978212762184663e-02,6.996916365875441670e+02,1.978310822435636052e-02,0.000000000000000000e+00,1.027635770759422051e+01,1.000000000000000000e+00
2.235000000000000000e+03,1.391760370197676764e+02,1.200962186524616548e+01,4.649708074042861045e-03,-1.289795499647059955e+02,2.483619671725316724e-01,0.000000000000000000e+00,3.581202944135306154e+00,1.000000000000000000e+00
2.235000000000000000e+03,3.493458249308091723e+01,4.336697985651824894e+01,-1.814431506233924948e-02,4.787302044677962272e+02,7.823255313556920498e-02,0.000000000000000000e+00,3.457907552197750700e+00,1.000000000000000000e+00
2.236000000000000000e+03,1.033310317717867548e+02,1.465273720588439588e+01,-7.982570993602224399e-03,2.153600565252847048e+02,7.989497853997207244e-02,0.000000000000000000e+00,9.725803574268567786e+00,1.000000000000000000e+00
2.236000000000000000e+03,7.953120668628484324e+00,4.811327316429402146e+01,3.568519268355186194e-03,-1.009575043609593905e+02,2.494572540989270504e-01,0.000000000000000000e+00,1.527170913221238990e+01,1.000000000000000000e+00
2.236000000000000000e+03,1.260956711353194351e+02,4.304623570138566180e+01,3.629299600904620227e-03,-1.025327974471912995e+02,3.105862414121224324e-01,0.000000000000000000e+00,1.027635770759422051e+01,1.000000000000000000e+00
2.237000000000000000e+03,1.202991357104532355e+01,2.009290131014551761e+01,-3.919256221547114290e-03,1.100478379322657929e+02,1.779848075248606776e-01,0.000000000000000000e+00,8.038057236608795009e+00,1.000000000000000000e+00
2.237000000000000000e+03,5.168999437314020895e+01,2.364821452306362204e+01,2.927123972861107003e-03,-8.433394321621372569e+01,2.595377268051517472e-01,0.000000000000000000e+00,6.174270262687069355e+00,1.000000000000000000e+00
2.237000000000000000e+03,7.842436696116175199e+01,3.783973502601774896e+01,-7.408543146328412134e-03,2.004825120765181055e+02,6.333383391511382410e-02,0.000000000000000000e+00,8.445722153960911527e+00,1.000000000000000000e+00
2.237000000000000000e+03,2.307413410369308338e+01,5.025337888960181232e+01,-5.485029186191367478e-02,1.430068722214959962e+03,9.715521883106648104e-03,0.000000000000000000e+00,1.123140724997643858e+01,1.000000000000000000e+00
2.238000000000000000e+03,1.257610222016548960e+02,1.395556553111265075e+01,-3.489325522847617350e-02,9.128260466379294940e+02,1.254142471004382475e-02,0.000000000000000000e+00,3.823766948988411851e+00,1.000000000000000000e+00
2.238000000000000000e+03,1.382778982542099300e+02,2.811415207221236656e+01,3.061513587391448930e-03,-8.781702765736639549e+01,3.738737582203812693e-01,0.000000000000000000e+00,8.136736463844572498e+00,1.000000000000000000e+00
2.239000000000000000e+03,9.389042179547176659e+01,1.231475978076730016e+01,-5.278227944055953989e-03,1.452694082833607467e+02,1.026653850624213993e-01,0.000000000000000000e+00,9.725803574268567786e+00,1.000000000000000000e+00
2.240000000000000000e+03,1.270274237475548631e+02,2.690381807187382179e+01,-7.995940492483736076e-03,2.157065646516971640e+02,1.322020349401409334e-01,0.000000000000000000e+00,6.910190527645571734e+00,1.000000000000000000e+00
2.240000000000000000e+03,1.339967969451190584e+02,3.519022497184761278e+01,8.246711758302596382e-03,-2.222060065714790369e+02,1.111854610868009408e-01,0.000000000000000000e+00,8.270346794400579071e+00,1.000000000000000000e+00
2.241000000000000000e+03,4.228116628804378507e+01,2.677047340941711084e+01,-8.107325487603020756e-03,2.185934197471126765e+02,7.960536269477558324e-02,0.000000000000000000e+00,9.237889473187530953e+00,1.000000000000000000e+00
2.241000000000000000e+03,7.318296046127581178e+01,4.446226328981999387e+01,-5.281047541373358988e-03,1.453424860697722067e+02,2.068059493325835607e-01,0.000000000000000000e+00,3.390802937746277834e+00,1.000000000000000000e+00
2.242000000000000000e+03,1.382930836748872139e+02,4.248749786084918867e+01,6.871004940456290969e-03,-1.865506992058473372e+02,1.575676334295847969e-01,0.000000000000000000e+00,8.468073646405029464e+00,1.000000000000000000e+00
2.242000000000000000e+03,1.302467846869090522e+02,1.786223868530527881e+01,5.510016099966622179e-03,-1.512768495749914734e+02,4.577055377747941689e-01,0.000000000000000000e+00,5.948458641345917286e+00,1.000000000000000000e+00
2.242000000000000000e+03,4.052437713231643102e+01,5.169690902363038276e+01,-5.559120620855948110e-03,1.525495311977313975e+02,1.026953904952224716e-01,0.000000000000000000e+00,1.730633976275263208e+01,1.000000000000000000e+00
2.243000000000000000e+03,8.325117158512283311e+01,1.968949106825879269e+01,-4.189046493345735880e-03,1.170402108277469750e+02,3.883184431299323558e-01,0.000000000000000000e+00,5.331349759874179028e+00,1.000000000000000000e+00
2.243000000000000000e+03,7.638942414849381635e+01,4.556504848430761712e+01,3.174078196086260392e-03,-9.073445575282993047e+01,3.795826485356781355e-01,0.000000000000000000e+00,3.390802937746277834e+00,1.000000000000000000e+00
2.244000000000000000e+03,1.041663266796443423e+02,2.976883344243321972e+01,8.146053331566481190e-03,-2.195971606330429893e+02,9.538711579407566088e-02,0.000000000000000000e+00,3.837833201228122437e+00,1.000000000000000000e+00
2.244000000000000000e+03,6.844879806238384390e+01,2.030339356793710337e+01,-3.777124446098492540e-03,1.063640936385672262e+02,2.497721848834826286e-01,0.000000000000000000e+00,8.797586592026968688e+00,1.000000000000000000e+00
2.244000000000000000e+03,8.840035371421679145e+01,3.374554130224500170e+01,5.566623647450205138e-03,-1.527439932123992890e+02,2.508995471733262983e-01,0.000000000000000000e+00,9.494832881404928315e+00,1.000000000000000000e+00
2.244000000000000000e+03,1.744587701969124538e+01,3.970010590176806176e+01,-4.992944680336358458e-03,1.378754909731906935e+02,2.539139303675668202e-01,0.000000000000000000e+00,3.786499638508891152e+00,1.000000000000000000e+00
2.245000000000000000e+03,6.132306304324836077e+01,1.514379762626890624e+01,-6.053513783422584567e-03,1.653631190509752003e+02,1.101706345385740082e-01,0.000000000000000000e+00,8.797586592026968688e+00,1.000000000000000000e+00
2.245000000000000000e+03,1.231722395431476684e+02,3.263864918346305899e+01,-5.364345574539384348e-03,1.475013886331373101e+02,1.223705797819428787e-01,0.000000000000000000e+00,6.910190527645571734e+00,1.000000000000000000e+00
2.245000000000000000e+03,1.250108930086934009e+02,1.274457890358602441e+01,9.549981715826522111e-03,-2.559839091835025613e+02,3.011505614773243300e-01,0.000000000000000000e+00,3.618992118868523900e+00,1.000000000000000000e+00
2.246000000000000000e+03,1.060386696763766565e+02,2.641871473065055298e+01,-6.094864375392201883e-03,1.664348358203488374e+02,2.547667695426620860e-01,0.000000000000000000e+00,3.837833201228122437e+00,1.000000000000000000e+00
2.246000000000000000e+03,9.334857783626064531e+01,4.184905470593796650e+01,-6.295330090929060311e-03,1.716304680662715612e+02,8.518803520387130401e-02,0.000000000000000000e+00,6.735979166730070133e+00,1.000000000000000000e+00
2.246000000000000000e+03,1.255652508108316141e+02,9.168297121673282035e+00,-9.405387589183730745e-03,2.522363461403936356e+02,2.834845750465068148e-01,0.000000000000000000e+00,3.618992118868523900e+00,1.000000000000000000e+00
2.247000000000000000e+03,6.201808623788587482e+01,4.841629846066216913e+01,4.772527790634366503e-03,-1.321627679940282292e+02,1.238882397878064978e-01,0.000000000000000000e+00,1.139147689734612356e+01,1.000000000000000000e+00
2.247000000000000000e+03,1.528289180170052219e+01,1.096995847941937718e+01,-7.550151753387921230e-03,2.041526969915207133e+02,2.114864253450295939e-01,0.000000000000000000e+00,5.767276989804079435e+00,1.000000000000000000e+00
2.247000000000000000e+03,5.367758589028995431e+01,3.840422392304714094e+01,-4.912797707734541976e-03,1.357982569975559954e+02,1.227414308659032782e-01,0.000000000000000000e+00,3.679115425314003485e+00,1.000000000000000000e+00
2.247000000000000000e+03,2.603981535023170224e+01,4.222553816378103875e+01,-6.842030303642559694e-03,1.857997400857795469e+02,8.622549208621022032e-02,0.000000000000000000e+00,8.103274423194172016e+00,1.000000000000000000e+00
2.247000000000000000e+03,1.066103921332280535e+01,1.441959071031440409e+01,-4.984909995981222017e-03,1.376672495539058048e+02,4.306504813008726895e-01,0.000000000000000000e+00,5.767276989804079435e+00,1.000000000000000000e+00
2.248000000000000000e+03,5.074555958079668727e+01,5.005821461807828854e+01,1.834961577043717467e-03,-5.602748619289449294e+01,3.342281189341528291e-01,0.000000000000000000e+00,8.512878566306817163e+00,1.000000000000000000e+00
2.249000000000000000e+03,1.802829959175755903e+01,4.344154459029091697e+01,-8.165773893794275873e-03,2.201082744100000923e+02,2.760925813047417909e-01,0.000000000000000000e+00,3.786499638508891152e+00,1.000000000000000000e+00
2.249000000000000000e+03,9.991394865097562672e+01,4.335548140508740289e+01,-3.151468897657799372e-03,9.014847226104924971e+01,2.571310230648454764e-01,0.000000000000000000e+00,6.735979166730070133e+00,1.000000000000000000e+00
2.249000000000000000e+03,9.321638357040590961e+01,1.131272924685240433e+01,3.308852736009613646e-03,-9.422751661702754689e+01,2.152036775465421270e-01,0.000000000000000000e+00,3.736934479297632006e+00,1.000000000000000000e+00
2.249000000000000000e+03,1.370739107754761932e+01,3.791175298199566868e+01,-7.945121161442532387e-03,2.143894389059466334e+02,2.116402734989445422e-01,0.000000000000000000e+00,4.144210818149090869e+00,1.000000000000000000e+00
2.250000000000000000e+03,7.434676264145484481e+01,4.625573472193606506e+01,-3.383753914509922411e-03,9.616879109995659292e+01,2.145628418420133521e-01,0.000000000000000000e+00,1.251656093074357301e+01,1.000000000000000000e+00
2.250000000000000000e+03,2.577564452007239026e+01,5.554024302994178264e+00,-4.207060827991893244e-03,1.175071029231148145e+02,1.659618774702953381e-01,0.000000000000000000e+00,7.408355678534507938e+00,1.000000000000000000e+00
2.250000000000000000e+03,1.353827802433489182e+02,1.545929216984172960e+01,-6.708013432944449038e-03,1.823263163482989455e+02,1.797012660192979228e-01,0.000000000000000000e+00,4.102523285951705567e+00,1.000000000000000000e+00
2.250000000000000000e+03,1.203422475931430000e+02,3.943780294171986611e+01,3.192613400585379933e-03,-9.121484765387143057e+01,2.712304435905469324e-01,0.000000000000000000e+00,6.452641423338533855e+00,1.000000000000000000e+00
2.252000000000000000e+03,5.189653905646434850e+01,4.162350373202666276e+01,-8.112206265641417127e-03,2.187199188229949129e+02,1.148264006938569670e-01,0.000000000000000000e+00,3.679115425314003485e+00,1.000000000000000000e+00
2.252000000000000000e+03,8.948287165130913934e+01,1.147262937982863029e+01,-2.420239078923698550e-03,7.119659704777085096e+01,4.316600582251017837e-01,0.000000000000000000e+00,3.736934479297632006e+00,1.000000000000000000e+00
2.252000000000000000e+03,1.110881756949795829e+02,5.125223029418043552e+01,2.674043764190578085e-03,-7.777465855523297478e+01,2.744114555707665160e-01,0.000000000000000000e+00,1.310242686588176220e+01,1.000000000000000000e+00
2.253000000000000000e+03,4.303213805654242918e+01,4.199030333375170443e+01,-1.941764800240564689e-03,5.879559179600941121e+01,4.649574992470197898e-01,0.000000000000000000e+00,8.871986645348513889e+00,1.000000000000000000e+00
2.254000000000000000e+03,7.291783768794105924e+01,2.897749087578285199e+01,5.097280677685430382e-03,-1.405796514865512563e+02,2.330392557892808636e-01,0.000000000000000000e+00,4.237411078411843057e+00,1.000000000000000000e+00
2.254000000000000000e+03,9.795336514497573432e+01,2.461396705402137997e+01,-7.132643106974259455e-03,1.933317873888534280e+02,1.225887543125597778e-01,0.000000000000000000e+00,1.411955812483787831e+01,1.000000000000000000e+00
2.254000000000000000e+03,3.000027880213311349e+01,1.163976164883089837e+01,2.687428089821073274e-03,-7.812155095850252451e+01,2.556602685494833160e-01,0.000000000000000000e+00,4.165847838175507079e+00,1.000000000000000000e+00
2.254000000000000000e+03,1.119880442012175479e+02,1.197276583922870152e+01,2.373654559278081961e-03,-6.998922833744849470e+01,3.289152711123362050e-01,0.000000000000000000e+00,1.878326092939240866e+01,1.000000000000000000e+00
2.254000000000000000e+03,8.035538370871314839e+01,3.209109726135857699e+01,2.635326260353611835e-03,-7.677118566273236411e+01,2.438201398754928917e-01,0.000000000000000000e+00,8.062979321280730360e+00,1.000000000000000000e+00
2.254000000000000000e+03,1.299501779142043745e+02,3.257665894590510902e+01,-4.275138857174290256e-03,1.192715363211733148e+02,2.867142022012969527e-01,0.000000000000000000e+00,4.994831458592661200e+00,1.000000000000000000e+00
2.255000000000000000e+03,1.309159593893376154e+02,9.611057211257866939e+00,-2.589165432763061974e-03,7.557479812242080186e+01,2.711221549281502829e-01,0.000000000000000000e+00,7.358963287898143690e+00,1.000000000000000000e+00
2.255000000000000000e+03,6.259276381694569125e+01,9.282536684548972516e+00,-3.615882741923988342e-03,1.021850618507473740e+02,1.872206479151110603e-01,0.000000000000000000e+00,1.165155589094146116e+01,1.000000000000000000e+00
2.255000000000000000e+03,1.032506625844487758e+01,5.371771199496126314e+01,2.322002890508799173e-03,-6.865053022094157598e+01,3.316062781864400622e-01,0.000000000000000000e+00,1.970357253864095881e+01,1.000000000000000000e+00
2.257000000000000000e+03,7.412895551457066290e+01,1.091809035085934632e+01,-4.864445833391799374e-03,1.345450823247039409e+02,1.455806218763164850e-01,0.000000000000000000e+00,1.127696786728697198e+01,1.000000000000000000e+00
2.257000000000000000e+03,1.349083542457627800e+02,3.197264837901002466e+01,7.891524063874647346e-03,-2.130003195362538690e+02,9.087059304867151077e-02,0.000000000000000000e+00,4.994831458592661200e+00,1.000000000000000000e+00
2.257000000000000000e+03,1.234882168736298809e+02,4.701990604578487165e+01,3.690528245902169931e-03,-1.041197098100932408e+02,2.725529559344520569e-01,0.000000000000000000e+00,8.435812523088117132e+00,1.000000000000000000e+00
2.257000000000000000e+03,8.096510795644931591e+01,5.177112413719285655e+01,3.654874702666266115e-03,-1.031956480650623149e+02,1.844589070275446385e-01,0.000000000000000000e+00,1.533219184934936052e+01,1.000000000000000000e+00
2.258000000000000000e+03,2.103051064936882142e+01,2.137488068944003672e+01,-7.814090634868164215e-03,2.109934146668549886e+02,1.096454703636050576e-01,0.000000000000000000e+00,1.323741981842289128e+01,1.000000000000000000e+00
2.258000000000000000e+03,1.225891817147265073e+02,3.863213705112688245e+01,6.849016709734625542e-03,-1.859808124286379609e+02,6.829750496390640802e-02,0.000000000000000000e+00,8.435812523088117132e+00,1.000000000000000000e+00
2.258000000000000000e+03,3.345008002981819573e+01,1.397496179020937213e+01,-4.109706872331645583e-03,1.149839016368404430e+02,2.741946301921037721e-01,0.000000000000000000e+00,4.165847838175507079e+00,1.000000000000000000e+00
2.259000000000000000e+03,8.343724490540368777e+01,4.552106303099862750e+00,-9.269773160504311479e-03,2.487215171993340164e+02,2.441253757699645144e-01,0.000000000000000000e+00,3.573772416745799152e+00,1.000000000000000000e+00
2.259000000000000000e+03,9.014190666738853963e+01,5.990405654882128061e+00,-2.783813623063033024e-02,7.299728157706791762e+02,1.476924829942938278e-02,0.000000000000000000e+00,6.857200184328812398e+00,1.000000000000000000e+00
2.260000000000000000e+03,1.020328121497763760e+02,3.532827015295241324e+01,-7.001291351174755706e-03,1.899274375918678857e+02,6.129213799759669623e-02,0.000000000000000000e+00,1.288844652708845651e+01,1.000000000000000000e+00
2.260000000000000000e+03,2.749166102559303226e+01,4.404616636429768306e+01,-6.531734480525967085e-03,1.777575520236354691e+02,8.027697739875516714e-02,0.000000000000000000e+00,1.493091161983921999e+01,1.000000000000000000e+00
2.260000000000000000e+03,4.062579889885737572e+01,5.170178461685525662e+01,4.868685867781732957e-03,-1.346549747287051275e+02,1.033923449220941482e-01,0.000000000000000000e+00,1.520243626866462172e+01,1.000000000000000000e+00
2.260000000000000000e+03,3.880263860231425355e+01,2.106380237897055352e+01,3.755679046324352822e-03,-1.058082758504989300e+02,3.891411625889045212e-01,0.000000000000000000e+00,8.882654117147025019e+00,1.000000000000000000e+00
2.261000000000000000e+03,8.973884578753956021e+01,3.919743607932571194e+01,-7.500885722719759577e-03,2.028758293890849700e+02,6.133652179528226167e-02,0.000000000000000000e+00,4.440159700444462842e+00,1.000000000000000000e+00
2.261000000000000000e+03,1.053215096558624424e+02,4.880781265696081306e+01,3.339850774714397778e-03,-9.503091788204497448e+01,1.489648597497078564e-01,0.000000000000000000e+00,7.637874903187118925e+00,1.000000000000000000e+00
2.262000000000000000e+03,1.348480049274133030e+01,3.887509492670458400e+01,-7.131824503183908752e-03,1.933105709716801073e+02,1.059102282588100241e-01,0.000000000000000000e+00,8.365394702084570255e+00,1.000000000000000000e+00
2.262000000000000000e+03,7.317735796687995453e+00,3.322291467866249093e+01,7.016405885117039422e-03,-1.903191732047247626e+02,9.718299852073675194e-02,0.000000000000000000e+00,8.365394702084570255e+00,1.000000000000000000e+00
2.263000000000000000e+03,9.184242888679541750e+01,1.748184210782140013e+01,-2.610846058607650330e-02,6.851434117513236970e+02,1.075507806261555288e-02,0.000000000000000000e+00,3.426057222854262729e+00,1.000000000000000000e+00
2.263000000000000000e+03,1.216772151433124236e+02,2.477455543016204231e+01,-6.623850116233819148e-03,1.801449875307777688e+02,8.790899251848416363e-02,0.000000000000000000e+00,9.736335019689740022e+00,1.000000000000000000e+00
2.264000000000000000e+03,1.181043530278258089e+02,4.359822442991116986e+01,-1.136376318512173460e-02,3.029931519544669527e+02,8.439661039121926223e-02,0.000000000000000000e+00,7.452409800166330811e+00,1.000000000000000000e+00
2.264000000000000000e+03,2.485369576904578537e+01,8.764542337011317130e+00,-3.731211157755835207e-03,1.051741217733502083e+02,1.564699932087988410e-01,0.000000000000000000e+00,1.002235372997623131e+01,1.000000000000000000e+00
2.264000000000000000e+03,1.238258653514005942e+02,4.837344259883256825e+01,-8.099342379179426399e-03,2.183865150630012693e+02,2.084533553442955434e-01,0.000000000000000000e+00,7.452409800166330811e+00,1.000000000000000000e+00
2.264000000000000000e+03,8.192512700897077593e+01,7.790215126777723320e+00,-4.796757907043510197e-03,1.327907595376229324e+02,3.240653555878683090e-01,0.000000000000000000e+00,3.553464989423224196e+00,1.000000000000000000e+00
2.265000000000000000e+03,1.299298211008394333e+02,2.994086112431395819e+01,4.127475196624980427e-03,-1.154444176827250601e+02,1.485363984990806241e-01,0.000000000000000000e+00,9.067122484225937029e+00,1.000000000000000000e+00
2.265000000000000000e+03,1.516168859151547998e+01,1.131651631012889148e+01,3.680421472761803356e-03,-1.038577643882055668e+02,2.186026945860696236e-01,0.000000000000000000e+00,6.682861369146977815e+00,1.000000000000000000e+00
2.265000000000000000e+03,1.148076733766118736e+02,5.336589426912881073e+00,3.692439006980508670e-03,-1.041692325519061342e+02,2.727986011646700293e-01,0.000000000000000000e+00,1.090758826378777258e+01,1.000000000000000000e+00
2.265000000000000000e+03,7.847908619540199027e+01,4.499249700706023702e+01,-2.517217675942783062e-02,6.608769858039037217e+02,3.683334308361119191e-02,0.000000000000000000e+00,1.020476969888463437e+01,1.000000000000000000e+00
2.266000000000000000e+03,4.047578341492562970e+01,5.169402390950670423e+01,-4.325524663946095881e-03,1.205774260674540983e+02,2.472792005969529638e-01,0.000000000000000000e+00,4.402344693391869512e+00,1.000000000000000000e+00
2.266000000000000000e+03,8.391808403537376648e+01,4.848236928019693082e+00,7.789970292744840749e-03,-2.103682682322987887e+02,2.181010759788989395e-01,0.000000000000000000e+00,3.553464989423224196e+00,1.000000000000000000e+00
2.266000000000000000e+03,1.051387101852143928e+02,1.038501814639792364e+01,1.999679325600190339e-03,-6.029660943715540355e+01,3.492344078670116536e-01,0.000000000000000000e+00,1.090758826378777258e+01,1.000000000000000000e+00
2.266000000000000000e+03,5.364783082692653693e+01,3.417487691666534744e+01,-2.280652565941704724e-03,6.757882038205561059e+01,3.926390940917617867e-01,0.000000000000000000e+00,1.758232863092450415e+01,1.000000000000000000e+00
2.266000000000000000e+03,8.557415628538936403e+01,3.765783239131668125e+01,-8.590929856828409192e-03,2.311273857087613806e+02,1.156836142618691277e-01,0.000000000000000000e+00,4.440159700444462842e+00,1.000000000000000000e+00
2.266000000000000000e+03,3.793557951250611637e+01,4.809847069288367294e+01,3.962818991660019621e-03,-1.111768895135508473e+02,3.290036050513903687e-01,0.000000000000000000e+00,4.402344693391869512e+00,1.000000000000000000e+00
2.267000000000000000e+03,1.307774472679168412e+02,1.757105733940661096e+01,-6.622237510137570643e-03,1.801031923130209407e+02,3.284398149170962844e-01,0.000000000000000000e+00,3.884172777770753981e+00,1.000000000000000000e+00
2.267000000000000000e+03,7.288409345908299919e+00,5.156519880698893132e+01,-2.530244175707062251e-03,7.404768820085335790e+01,2.146415145291874493e-01,0.000000000000000000e+00,1.412211031457262855e+01,1.000000000000000000e+00
2.267000000000000000e+03,5.390387826512714042e+01,5.241345424870569047e+01,-7.546808745822644431e-03,2.040660535579640396e+02,2.496459160466713012e-01,0.000000000000000000e+00,1.014794931196146521e+01,1.000000000000000000e+00
2.268000000000000000e+03,9.173378926901709463e+01,1.405750778890321939e+01,-8.284843608736299284e-03,2.231943006105842926e+02,9.744172459419764287e-02,0.000000000000000000e+00,3.426057222854262729e+00,1.000000000000000000e+00
2.268000000000000000e+03,4.981475647148821650e+01,1.701545323544840826e+01,-7.835269409741242586e-02,2.039199508416411390e+03,7.331257759968012877e-03,0.000000000000000000e+00,1.054689257039816752e+01,1.000000000000000000e+00
2.268000000000000000e+03,1.086403672579837973e+02,4.777025052837035446e+01,4.122047183905132653e-03,-1.153037354825643348e+02,1.957114534109377635e-01,0.000000000000000000e+00,6.114014559246291114e+00,1.000000000000000000e+00
2.269000000000000000e+03,1.309273599896461633e+02,8.972539103856709275e+00,-2.386949817024486969e-02,6.271144101639426935e+02,2.273223292852023514e-01,0.000000000000000000e+00,3.404633739118190228e+00,1.000000000000000000e+00
2.269000000000000000e+03,1.288428001623185821e+02,2.093913375546009092e+01,4.972680694771743765e-03,-1.373502928536595391e+02,2.735896527523812294e-01,0.000000000000000000e+00,3.884172777770753981e+00,1.000000000000000000e+00
2.269000000000000000e+03,7.078120929443288389e+01,8.110442000348834668e+00,5.498817534340319849e-03,-1.509866072833343935e+02,1.908004231241259285e-01,0.000000000000000000e+00,1.114851771667195912e+01,1.000000000000000000e+00
2.270000000000000000e+03,1.093805835737339827e+01,6.137560457403564484e+00,-7.212022949817715155e-03,1.953891390414750617e+02,1.167587124414997124e-01,0.000000000000000000e+00,6.682861369146977815e+00,1.000000000000000000e+00
2.271000000000000000e+03,2.491751714358456482e+01,9.257161704114464484e+00,3.102718795830398078e-03,-8.888497640407369715e+01,2.271250084561854399e-01,0.000000000000000000e+00,1.432330897152808014e+01,1.000000000000000000e+00
2.272000000000000000e+03,1.362008526779259796e+02,3.686667524845471178e+01,-4.571804035556753347e-03,1.269604479284198675e+02,1.245241809625938778e-01,0.000000000000000000e+00,8.776124003376978067e+00,1.000000000000000000e+00
2.272000000000000000e+03,6.404952903344366177e+01,5.262943046382566337e+01,-5.800437742702886472e-03,1.588039424141504981e+02,2.975910848531447828e-01,0.000000000000000000e+00,7.070242665872374488e+00,1.000000000000000000e+00
2.272000000000000000e+03,6.939390072918079966e+01,4.800060528543257021e+01,-7.014155195459875931e-03,1.902608402587294449e+02,1.965849725860355779e-01,0.000000000000000000e+00,7.070242665872374488e+00,1.000000000000000000e+00
2.273000000000000000e+03,1.242635206038085869e+02,2.906711197879678465e+01,-5.118247947671579479e-03,1.411230771978119662e+02,3.237792097264908797e-01,0.000000000000000000e+00,6.840405470362663110e+00,1.000000000000000000e+00
2.273000000000000000e+03,4.005392366303177454e+01,1.302007017785801146e+01,3.616952100231320740e-03,-1.022127772757473281e+02,3.849418024052519982e-01,0.000000000000000000e+00,1.054689257039816752e+01,1.000000000000000000e+00
2.274000000000000000e+03,3.042900410981441794e+01,3.254754635603880075e+01,-8.136504484344548108e-03,2.193496754288782711e+02,5.383610904894309268e-02,0.000000000000000000e+00,1.544797889304810035e+01,1.000000000000000000e+00
2.274000000000000000e+03,1.012184336549197106e+01,4.732646470527787130e+01,-7.298640504668164365e-03,1.976340763358087145e+02,8.586534764658582120e-02,0.000000000000000000e+00,3.708942749939311945e+00,1.000000000000000000e+00
2.274000000000000000e+03,5.519472750387083693e+01,1.627623405425148917e+01,-3.264266796621612815e-02,8.544957544942276400e+02,2.152752574762818449e-01,0.000000000000000000e+00,6.027495021341652937e+00,1.000000000000000000e+00
2.274000000000000000e+03,1.195497131953997183e+02,3.402404315800404788e+01,-6.914663147356633552e-03,1.876822242996177010e+02,1.594774498938374974e-01,0.000000000000000000e+00,6.840405470362663110e+00,1.000000000000000000e+00
2.274000000000000000e+03,1.369427188886258762e+02,5.072590188989970272e+01,3.746085375779986248e-03,-1.055596289239979058e+02,1.614057984682928382e-01,0.000000000000000000e+00,1.387906800089677617e+01,1.000000000000000000e+00
2.275000000000000000e+03,5.979355421801032122e+01,1.237989101421825211e+01,-3.336805633778699293e-02,8.732962321921609146e+02,1.991380228273202935e-01,0.000000000000000000e+00,6.027495021341652937e+00,1.000000000000000000e+00
2.275000000000000000e+03,1.016501787636011898e+02,1.689580914449872395e+01,-8.024703505311439611e-03,2.164520389415890236e+02,5.747895046396278573e-02,0.000000000000000000e+00,5.610041642968226938e+00,1.000000000000000000e+00
2.275000000000000000e+03,1.329060818937440445e+02,1.749637602882480536e+01,-7.872923436890914492e-03,2.125182320277128269e+02,1.117874542116862324e-01,0.000000000000000000e+00,9.107878530076147783e+00,1.000000000000000000e+00
2.275000000000000000e+03,5.035984962187864511e+01,6.902920986957488125e+00,7.598877564989893821e-03,-2.054155632990585616e+02,1.827537497179337889e-01,0.000000000000000000e+00,1.054680245341126010e+01,1.000000000000000000e+00
2.275000000000000000e+03,8.696092659149933013e+01,4.385160668875081313e+01,1.765993766295772920e-03,-5.423999160563759858e+01,3.687058636965263592e-01,0.000000000000000000e+00,1.701237559139958222e+01,1.000000000000000000e+00
2.276000000000000000e+03,1.847584309095092436e+01,2.276174063871629372e+01,-7.706611546065977522e-03,2.082077921076680411e+02,8.406400867541441446e-02,0.000000000000000000e+00,1.150388390495949587e+01,1.000000000000000000e+00
2.276000000000000000e+03,7.767655444600913484e+01,2.397103492834953897e+01,1.266241659480706050e-02,-3.366514037586161976e+02,1.709977593840562582e-01,0.000000000000000000e+00,1.168545907436752884e+01,1.000000000000000000e+00
2.276000000000000000e+03,1.093228565004730655e+02,2.675217379959621411e+01,4.327246162329809187e-03,-1.206220435347839697e+02,1.765863866728205611e-01,0.000000000000000000e+00,7.124680837275804812e+00,1.000000000000000000e+00
2.277000000000000000e+03,1.311568158891129201e+02,2.968488957943408835e+01,-8.049251626854193875e-03,2.170882724816873690e+02,6.805518322146730803e-02,0.000000000000000000e+00,6.920922558029972471e+00,1.000000000000000000e+00
2.278000000000000000e+03,1.412305282117052627e+02,1.380083211513578334e+01,-8.194028031391614036e-03,2.208405597685629402e+02,7.130462144399951629e-02,0.000000000000000000e+00,9.107878530076147783e+00,1.000000000000000000e+00
2.278000000000000000e+03,1.059545556633266195e+01,4.364788511451974529e+01,-5.053781024836694578e-03,1.394522357665012180e+02,2.451226019872765338e-01,0.000000000000000000e+00,3.708942749939311945e+00,1.000000000000000000e+00
2.278000000000000000e+03,1.157737263545123341e+02,4.940939695462392933e+01,-4.397701814020529322e-03,1.224480997003056899e+02,1.228087314313359713e-01,0.000000000000000000e+00,1.184788938762101651e+01,1.000000000000000000e+00
2.279000000000000000e+03,2.859316136631363392e+01,7.996940343271508489e+00,-7.529512477920994803e-03,2.036177721797579352e+02,9.563794722766216783e-02,0.000000000000000000e+00,1.566969335286060172e+01,1.000000000000000000e+00
2.279000000000000000e+03,5.126638498995674809e+01,4.644771742592055119e+01,-6.075319745006636275e-03,1.659282818113806002e+02,1.940799213114343669e-01,0.000000000000000000e+00,8.949928058529170727e+00,1.000000000000000000e+00
2.279000000000000000e+03,1.047492242827384530e+02,8.705902550853993560e+00,-1.089465189892632052e-02,2.908348149592562777e+02,1.783403869993428481e-01,0.000000000000000000e+00,8.756634806951250738e+00,1.000000000000000000e+00
2.280000000000000000e+03,4.980912362366450452e+01,2.471833915368140921e+01,2.412884603068202270e-03,-7.100598514286558327e+01,3.629290349062893606e-01,0.000000000000000000e+00,1.112103083917759427e+01,1.000000000000000000e+00
2.280000000000000000e+03,9.630571354391709349e+01,2.461830751457987176e+01,-9.161363826338015867e-03,2.459117847179219893e+02,1.733657932184350381e-01,0.000000000000000000e+00,8.566367852677077011e+00,1.000000000000000000e+00
2.280000000000000000e+03,6.995725908968651652e+01,4.330735054441886689e+01,-1.266947094195784891e-02,3.368342369848983822e+02,4.578097279416215581e-02,0.000000000000000000e+00,5.492077547684243832e+00,1.000000000000000000e+00
2.280000000000000000e+03,1.059838712475367402e+02,2.045834710086047536e+01,-3.531380552602871210e-03,9.999495019743008584e+01,3.448852026600429665e-01,0.000000000000000000e+00,5.610041642968226938e+00,1.000000000000000000e+00
2.281000000000000000e+03,1.128554180007842689e+01,6.317519223648380589e+00,8.509026152530312428e-03,-2.290046210955102595e+02,5.375972519873917221e-02,0.000000000000000000e+00,1.738890883139491095e+01,1.000000000000000000e+00
2.281000000000000000e+03,6.173531252997125307e+01,5.076468339172982347e+00,4.349783676737344409e-03,-1.212061665419782202e+02,3.725685299535611561e-01,0.000000000000000000e+00,5.285643049501142166e+00,1.000000000000000000e+00
2.281000000000000000e+03,9.295148435298250433e+01,1.490437430721308942e+01,-8.000645961067157086e-03,2.158285200905048669e+02,7.518808926796138881e-02,0.000000000000000000e+00,8.372818883360292119e+00,1.000000000000000000e+00
2.281000000000000000e+03,1.311902906957793675e+02,4.707916981066430395e+01,-4.923918521188103310e-03,1.360864841232042863e+02,1.930154231334056947e-01,0.000000000000000000e+00,1.069168957980016010e+01,1.000000000000000000e+00
2.282000000000000000e+03,5.398787977554329842e+01,7.525576655259918368e+00,1.152389093736714935e-02,-3.071433125482889182e+02,1.484215720656054671e-01,0.000000000000000000e+00,8.125321275390243514e+00,1.000000000000000000e+00
2.282000000000000000e+03,4.110369066507600166e+01,1.743229653355346898e+01,-8.146922366073425931e-03,2.196196841039268293e+02,1.292908709216682439e-01,0.000000000000000000e+00,8.917017899650099721e+00,1.000000000000000000e+00
2.282000000000000000e+03,1.003054367532659086e+02,3.219358786820215101e+01,3.773344215128587777e-03,-1.062661183320582126e+02,3.782399283784225741e-01,0.000000000000000000e+00,4.949187290586426258e+00,1.000000000000000000e+00
2.283000000000000000e+03,2.866771937408911342e+01,4.816912726377223919e+01,-7.851159558354688789e-03,2.119541599677282306e+02,7.125344447070347531e-02,0.000000000000000000e+00,1.815054266736647648e+01,1.000000000000000000e+00
2.283000000000000000e+03,1.239698090180038719e+02,1.026097706864270265e+01,-8.001217629492582764e-03,2.158433364839074216e+02,4.871109841395215856e-02,0.000000000000000000e+00,9.622893019261832492e+00,1.000000000000000000e+00
2.283000000000000000e+03,6.748790602063101574e+01,4.821298110634702283e+01,4.269009891491032729e-03,-1.191126869555707941e+02,4.298875839414479927e-01,0.000000000000000000e+00,3.613856494072466230e+00,1.000000000000000000e+00
2.283000000000000000e+03,8.032171227064445418e+01,3.745857325282270978e+01,-2.186166304225932878e-03,6.512994344141537795e+01,4.352785751099071954e-01,0.000000000000000000e+00,1.024918465856233674e+01,1.000000000000000000e+00
2.284000000000000000e+03,6.038681127685173777e+01,2.128470393171192043e+01,2.656951287163288652e-03,-7.733165899010609223e+01,2.862173912291939848e-01,0.000000000000000000e+00,1.112103083917759427e+01,1.000000000000000000e+00
2.284000000000000000e+03,1.412490815011604184e+02,2.918564887327887547e+01,-3.588343887819259431e-03,1.014713150735535407e+02,1.842025421665383078e-01,0.000000000000000000e+00,1.753195187346193151e+01,1.000000000000000000e+00
2.284000000000000000e+03,5.326962877039485278e+01,3.772486086347589662e+01,5.477889051106241310e-03,-1.504441868397287010e+02,1.672251958403675465e-01,0.000000000000000000e+00,6.832980122110575039e+00,1.000000000000000000e+00
2.284000000000000000e+03,9.308311436145031337e+01,4.216212517513799440e+01,-4.083319384035109453e-03,1.142999957394393391e+02,3.377483688362316050e-01,0.000000000000000000e+00,6.898137594213269885e+00,1.000000000000000000e+00
2.286000000000000000e+03,1.207685656345682474e+02,4.946661045271834212e+01,4.421116177092889073e-03,-1.230549487042398624e+02,2.900013282695425021e-01,0.000000000000000000e+00,1.069168957980016010e+01,1.000000000000000000e+00
2.286000000000000000e+03,3.880169079513837005e+01,8.817541469044240188e+00,-3.693879788671321218e-02,9.658420317757609155e+02,6.881718194169161862e-03,0.000000000000000000e+00,8.917017899650099721e+00,1.000000000000000000e+00
2.286000000000000000e+03,1.020279138945742972e+02,1.982753046296640065e+01,2.520899992022330657e-03,-7.380550742727719182e+01,4.933009915560396808e-01,0.000000000000000000e+00,8.429599991815948101e+00,1.000000000000000000e+00
2.286000000000000000e+03,1.031954989693847438e+02,2.817587767155226075e+01,-6.495491097365690969e-03,1.768182029197521956e+02,2.202580955315126543e-01,0.000000000000000000e+00,4.554810656445615002e+00,1.000000000000000000e+00
2.286000000000000000e+03,7.108524296271160381e+01,4.855812699563446699e+01,-3.628030129958511804e-03,1.024998955409216990e+02,2.452988318876460072e-01,0.000000000000000000e+00,3.613856494072466230e+00,1.000000000000000000e+00
2.287000000000000000e+03,6.473400245055033508e+01,7.342959488119553235e+00,-6.467649781098574503e-03,1.760966169858234309e+02,9.670156570236732030e-02,0.000000000000000000e+00,7.468162546704426141e+00,1.000000000000000000e+00
2.287000000000000000e+03,2.856726756851817228e+01,3.001886256722722024e+01,-8.664700348391793719e-03,2.330393552629459180e+02,1.208824112781280435e-01,0.000000000000000000e+00,1.362061642894989077e+01,1.000000000000000000e+00
2.288000000000000000e+03,1.150360593749155100e+02,6.684919550260667975e+00,-2.608706063304586965e-03,7.608124846419279663e+01,3.272435989170539017e-01,0.000000000000000000e+00,9.622893019261832492e+00,1.000000000000000000e+00
2.289000000000000000e+03,8.917465511054200533e+01,4.784615970640957272e+01,-2.809993469074212324e-02,7.367580584125295218e+02,2.229717059231883791e-02,0.000000000000000000e+00,6.898137594213269885e+00,1.000000000000000000e+00
2.289000000000000000e+03,1.254347458410344416e+02,3.675374798218681605e+01,2.395811465493612267e-03,-7.056348681399147438e+01,3.622114688014781425e-01,0.000000000000000000e+00,6.341725548428073900e+00,1.000000000000000000e+00
2.289000000000000000e+03,1.010863943284072946e+02,4.892485858340429417e+01,-4.624831125317007026e-03,1.283347939442858774e+02,1.864197863593740623e-01,0.000000000000000000e+00,1.005652328110195626e+01,1.000000000000000000e+00
2.290000000000000000e+03,9.127321413507912595e+00,1.268714701394382161e+01,-8.018333774487655316e-03,2.162869494709168521e+02,8.677395988311942254e-02,0.000000000000000000e+00,1.113276861998620682e+01,1.000000000000000000e+00
2.290000000000000000e+03,7.949938463882877215e+01,1.282566680787745028e+01,7.172614014804130043e-03,-1.943677457673897209e+02,1.673362626391723396e-01,0.000000000000000000e+00,9.995393098517617148e+00,1.000000000000000000e+00
2.290000000000000000e+03,1.029367723953025404e+02,3.272333417776913933e+01,-6.726374512776594865e-03,1.828021953193757554e+02,2.233774070159038061e-01,0.000000000000000000e+00,4.554810656445615002e+00,1.000000000000000000e+00
2.291000000000000000e+03,2.078273513822170671e+01,1.884200045184607575e+01,-2.171349388335976072e-02,5.712355015670847251e+02,1.360604776592611032e-02,0.000000000000000000e+00,3.979940155140125224e+00,1.000000000000000000e+00
2.291000000000000000e+03,9.060746830631009630e+01,2.001514872887518592e+01,-4.706870227449252986e-02,1.228386964929595251e+03,1.960533488265991942e-02,0.000000000000000000e+00,1.142198660690012701e+01,1.000000000000000000e+00
2.291000000000000000e+03,1.257414117987276967e+02,1.345248764330236924e+01,6.969700014328185887e-03,-1.891086593385776666e+02,8.496584950691488114e-02,0.000000000000000000e+00,5.671491711393833235e+00,1.000000000000000000e+00
2.291000000000000000e+03,9.695628406639269059e+00,4.006848181903637851e+01,-3.320457548471774517e-02,8.690591665696287009e+02,8.518362790349010005e-03,0.000000000000000000e+00,1.787668958461641466e+01,1.000000000000000000e+00
2.291000000000000000e+03,1.059305740111095986e+02,4.011193717759113042e+01,-8.507031739443920992e-03,2.289529302768802950e+02,7.143691047403588623e-02,0.000000000000000000e+00,7.972095232985333624e+00,1.000000000000000000e+00
2.291000000000000000e+03,1.133605266474125415e+02,1.987069141108865722e+01,-2.802698043403703109e-03,8.110909566766157752e+01,3.336482017716475568e-01,0.000000000000000000e+00,6.695155724140807507e+00,1.000000000000000000e+00
2.292000000000000000e+03,6.716216945011747441e+01,1.440535687471653326e+01,-6.348733706360433320e-03,1.730145728027898429e+02,1.526218447252651877e-01,0.000000000000000000e+00,6.012114828405357159e+00,1.000000000000000000e+00
2.292000000000000000e+03,8.798848291764947760e+01,7.549011275590268077e+00,-3.713370594947522363e-02,9.708936218352613423e+02,1.270938863999004909e-02,0.000000000000000000e+00,9.995393098517617148e+00,1.000000000000000000e+00
2.292000000000000000e+03,4.937553168982743301e+01,1.815111679269605460e+01,-4.145642317639030260e-03,1.159152696660848818e+02,2.086091671540509784e-01,0.000000000000000000e+00,4.576331334278374463e+00,1.000000000000000000e+00
2.292000000000000000e+03,5.687454202850000229e+01,2.192528500384198153e+01,2.533914253126703583e-03,-7.414280856862025360e+01,4.199397022363927645e-01,0.000000000000000000e+00,5.320621648090316569e+00,1.000000000000000000e+00
2.293000000000000000e+03,1.916481951492440672e+01,7.871841311269290209e+00,-4.600948939143234204e-03,1.277158199902844160e+02,1.866337560538882112e-01,0.000000000000000000e+00,1.108882511962786310e+01,1.000000000000000000e+00
2.293000000000000000e+03,1.260266820188923447e+02,6.886961056831687245e+00,3.997637569679892734e-03,-1.120793107890929292e+02,2.759243616024279477e-01,0.000000000000000000e+00,6.571721118258606609e+00,1.000000000000000000e+00
2.293000000000000000e+03,1.225684003259570432e+02,3.109675705769515375e+01,-4.523143596798472922e-03,1.256992759417976231e+02,2.249042455893741632e-01,0.000000000000000000e+00,6.341725548428073900e+00,1.000000000000000000e+00
2.293000000000000000e+03,4.138451707794033041e+01,4.156707154908561819e+01,-1.549355411017789555e-03,4.862519996223064567e+01,4.659883411866858616e-01,0.000000000000000000e+00,1.290551098384903028e+01,1.000000000000000000e+00
2.294000000000000000e+03,2.738079532453005882e+01,4.267825222868434309e+01,-2.453803534716007210e-03,7.206651422220809877e+01,4.714343113805607999e-01,0.000000000000000000e+00,7.008334323747371641e+00,1.000000000000000000e+00
2.295000000000000000e+03,6.957302540433977356e+01,4.591725614354650986e+01,-7.771843416153579112e-03,2.098984592962260933e+02,8.051958960465266379e-02,0.000000000000000000e+00,1.019558270549668144e+01,1.000000000000000000e+00
2.295000000000000000e+03,1.068075123075765163e+02,5.077843242675160518e+00,4.707703125060784359e-03,-1.304826546545313590e+02,2.640794815378101346e-01,0.000000000000000000e+00,4.844556135414600284e+00,1.000000000000000000e+00
2.295000000000000000e+03,1.367417674200620752e+02,1.851768086582005424e+01,-5.291010010691375720e-02,1.379783201728054109e+03,1.043865443561231565e-02,0.000000000000000000e+00,9.868283914074945429e+00,1.000000000000000000e+00
2.295000000000000000e+03,1.367553155292143572e+02,3.246548849911417278e+01,-3.641481526005034032e-03,1.028485262624633947e+02,1.705218732436648565e-01,0.000000000000000000e+00,1.394781421322492676e+01,1.000000000000000000e+00
2.296000000000000000e+03,2.371859305531137352e+01,2.152912938979429569e+01,-8.384049848038666389e-03,2.257655090316139308e+02,5.106815923622998188e-02,0.000000000000000000e+00,3.979940155140125224e+00,1.000000000000000000e+00
2.296000000000000000e+03,1.172010646747770721e+02,2.535479369230683133e+01,-7.676250607890894653e-03,2.074209030928732602e+02,6.958247736427602970e-02,0.000000000000000000e+00,4.443650505666103534e+00,1.000000000000000000e+00
2.296000000000000000e+03,9.885804866910963540e+01,4.924255610032153641e+01,-2.722313738462616914e-02,7.140333927778384577e+02,1.484075465850576148e-02,0.000000000000000000e+00,1.154940763092870704e+01,1.000000000000000000e+00
2.296000000000000000e+03,1.200827002194716897e+02,1.383301555975915598e+01,3.639374075768919258e-03,-1.027939057685095605e+02,2.354996521213243987e-01,0.000000000000000000e+00,5.671491711393833235e+00,1.000000000000000000e+00
2.297000000000000000e+03,5.390663881319331807e+01,1.750934057182072223e+01,-8.252240912761527047e-03,2.223493101439755719e+02,1.319946831642775376e-01,0.000000000000000000e+00,4.576331334278374463e+00,1.000000000000000000e+00
2.297000000000000000e+03,6.279026374525360410e+01,1.853233703189082249e+01,-3.064515754167654316e-02,8.027246596438645838e+02,6.486446054659200655e-03,0.000000000000000000e+00,6.012114828405357159e+00,1.000000000000000000e+00
2.297000000000000000e+03,1.083957931610527936e+02,9.654642132692496048e+00,-4.716671788017655007e-03,1.307151027533832917e+02,1.947866552846109212e-01,0.000000000000000000e+00,4.844556135414600284e+00,1.000000000000000000e+00
2.297000000000000000e+03,1.206699911796845370e+01,2.711514886897671417e+01,-1.734230207034029043e-03,5.341674972458262971e+01,3.982515594160545014e-01,0.000000000000000000e+00,7.930989017507202199e+00,1.000000000000000000e+00
2.298000000000000000e+03,4.928314006285282289e+01,2.685255722668730272e+01,4.073165581649955749e-03,-1.140368314225398194e+02,3.431681877013875726e-01,0.000000000000000000e+00,1.042460733812916196e+01,1.000000000000000000e+00
2.298000000000000000e+03,8.305850940137251115e+00,4.465205637178706866e+01,-4.764445364568339024e-03,1.319532892141706384e+02,2.855336988763075290e-01,0.000000000000000000e+00,8.769565131498637811e+00,1.000000000000000000e+00
2.298000000000000000e+03,2.665613816859467633e+01,3.570748311762011440e+01,-1.758079537109409531e-03,5.403487212048188582e+01,4.738515178180090492e-01,0.000000000000000000e+00,7.008334323747371641e+00,1.000000000000000000e+00
2.299000000000000000e+03,1.703954392782255667e+01,4.544444478188230363e+01,-6.943090255347360296e-03,1.884189926719022310e+02,1.170892165822015052e-01,0.000000000000000000e+00,8.769565131498637811e+00,1.000000000000000000e+00
2.299000000000000000e+03,7.849825000830293220e+01,5.084577239830652928e+01,4.205271405484287649e-03,-1.174607250112748886e+02,2.320952595228078508e-01,0.000000000000000000e+00,1.019558270549668144e+01,1.000000000000000000e+00
2.299000000000000000e+03,8.813215675929191661e+01,7.572005960490303167e+00,3.570740206454739440e-02,-9.339269493188662636e+02,4.659578444140555220e-02,0.000000000000000000e+00,1.418862054362777236e+01,1.000000000000000000e+00
2.299000000000000000e+03,1.833593696150192187e+01,3.197323543775395294e+01,-1.851707951319570391e-03,5.646151553280879654e+01,3.612831476199580560e-01,0.000000000000000000e+00,7.930989017507202199e+00,1.000000000000000000e+00
2.299000000000000000e+03,5.212700244070288136e+01,5.110624835883334782e+01,2.105865239972925379e-03,-6.304871574770470488e+01,3.155714105156154359e-01,0.000000000000000000e+00,1.036368517189310445e+01,1.000000000000000000e+00
2.300000000000000000e+03,1.276608410092341330e+02,1.465506479249385841e+01,-6.850889243106989164e-03,1.860293443920460845e+02,4.107148026699718457e-01,0.000000000000000000e+00,6.207583966214983207e+00,1.000000000000000000e+00
2.301000000000000000e+03,5.977354491109301193e+01,3.501366986771395773e+01,-4.690719835617565038e-03,1.300424849924187356e+02,1.583913198626003549e-01,0.000000000000000000e+00,6.798927643179882629e+00,1.000000000000000000e+00
2.301000000000000000e+03,3.716782657789973854e+01,1.875962716065428282e+01,-3.987466364258752775e-03,1.118156954236203120e+02,1.336751296284430790e-01,0.000000000000000000e+00,1.277911423773254107e+01,1.000000000000000000e+00
2.301000000000000000e+03,1.264944982579140031e+02,2.397261352739161566e+01,2.602135787088709958e-03,-7.591096129623286970e+01,2.389903850075304481e-01,0.000000000000000000e+00,9.390264631028871989e+00,1.000000000000000000e+00
2.301000000000000000e+03,7.487874600826987148e+01,3.757337857367012646e+01,4.504807307612541771e-03,-1.252240394899691722e+02,1.771377653438549471e-01,0.000000000000000000e+00,1.173070169231354143e+01,1.000000000000000000e+00
2.302000000000000000e+03,4.067347922326068499e+01,6.470763900324126183e+00,-8.251973251636146936e-03,2.223423729538915552e+02,6.386384482451079592e-02,0.000000000000000000e+00,1.277911423773254107e+01,1.000000000000000000e+00
2.302000000000000000e+03,1.256838166599761024e+02,4.613081269374362137e+00,-3.971323998264308583e-03,1.113973206553383051e+02,3.105792268716492943e-01,0.000000000000000000e+00,1.023474759611406348e+01,1.000000000000000000e+00
2.303000000000000000e+03,9.634163161847838808e+01,1.914445062302558398e+01,-3.268951644096187298e-02,8.557099643425771092e+02,1.709648665146412672e-02,0.000000000000000000e+00,6.192142706579449651e+00,1.000000000000000000e+00
2.303000000000000000e+03,1.336125939825591615e+02,1.289133713717798813e+01,-2.683383538976859273e-02,7.039435377995582712e+02,1.709568590608756544e-02,0.000000000000000000e+00,6.207583966214983207e+00,1.000000000000000000e+00
2.303000000000000000e+03,8.918094032029212315e+01,4.777136403133018661e+01,7.083725736822512643e-03,-1.920639563032959529e+02,4.050208680498423863e-02,0.000000000000000000e+00,5.519799362622007877e+00,1.000000000000000000e+00
2.303000000000000000e+03,1.167097385215767389e+02,4.840186078720390128e+01,-8.101781924156795101e-03,2.184497427252269404e+02,8.248618901910176326e-02,0.000000000000000000e+00,1.404377897790041452e+01,1.000000000000000000e+00
2.303000000000000000e+03,5.474987473879588151e+01,1.592680649127990655e+01,4.237839238963874051e-03,-1.183048119183713283e+02,1.223068244089046130e-01,0.000000000000000000e+00,7.225786586659410204e+00,1.000000000000000000e+00
2.304000000000000000e+03,1.126886516741228519e+02,3.494605949016658997e+01,-4.886057487189567408e-03,1.351052090529013014e+02,2.940675070382859912e-01,0.000000000000000000e+00,1.156458865322125718e+01,1.000000000000000000e+00
2.304000000000000000e+03,1.026622031617913535e+02,4.084075873290450431e+01,4.828764259657572500e-03,-1.336202940905546086e+02,2.351421646810826216e-01,0.000000000000000000e+00,1.163087051483118728e+01,1.000000000000000000e+00
2.304000000000000000e+03,4.200224419099038897e+01,4.889372926806919395e+01,-3.254679691675005371e-03,9.282346996869709699e+01,3.504623974633843675e-01,0.000000000000000000e+00,1.036368517189310445e+01,1.000000000000000000e+00
2.304000000000000000e+03,6.436441855994934258e+01,5.251686413112668106e+01,-4.058299473657270978e-03,1.136515344661434881e+02,2.782451148463249702e-01,0.000000000000000000e+00,1.155765025322736683e+01,1.000000000000000000e+00
2.305000000000000000e+03,2.478110329025827951e+01,1.432886261876382683e+01,-6.333271525018445945e-03,1.726138269308207214e+02,9.329348663802250474e-02,0.000000000000000000e+00,8.638600913556778949e+00,1.000000000000000000e+00
2.305000000000000000e+03,1.071503599235122266e+02,1.598289652460368160e+01,2.636649032107042309e-03,-7.680546900917748587e+01,3.202710472150713805e-01,0.000000000000000000e+00,8.114256047504945002e+00,1.000000000000000000e+00
2.305000000000000000e+03,1.242271283938147661e+02,3.572276130382584114e+01,3.513043472375833309e-03,-9.951969324354885771e+01,1.874774606777097619e-01,0.000000000000000000e+00,1.156458865322125718e+01,1.000000000000000000e+00
2.306000000000000000e+03,7.481829483875002040e+01,2.584283264220762533e+01,8.275687519188447763e-03,-2.229569948250340019e+02,5.763877601718592203e-02,0.000000000000000000e+00,5.625293472131509986e+00,1.000000000000000000e+00
2.306000000000000000e+03,1.167930372329409323e+02,1.270707042872081516e+01,3.829472691751447354e-03,-1.077208455021145141e+02,1.860753437158683132e-01,0.000000000000000000e+00,8.398957205089342182e+00,1.000000000000000000e+00
2.306000000000000000e+03,6.001642705549755874e+01,4.180825781409635766e+01,2.573528121779771437e-03,-7.516951327375365111e+01,3.477584830002541372e-01,0.000000000000000000e+00,6.798927643179882629e+00,1.000000000000000000e+00
2.307000000000000000e+03,6.192988906173097519e+01,1.673883242583739417e+01,2.281623891499658368e-03,-6.760399501292292257e+01,3.549323233768116870e-01,0.000000000000000000e+00,7.225786586659410204e+00,1.000000000000000000e+00
2.307000000000000000e+03,8.235618924650403017e+01,1.956277246491473321e+01,-8.059981273420909961e-03,2.173663614184419259e+02,9.783801797010238666e-02,0.000000000000000000e+00,5.564638598863572483e+00,1.000000000000000000e+00
2.307000000000000000e+03,8.954311958659336312e+01,2.009145703214862522e+01,-8.331462164950811239e-03,2.244025514742185976e+02,2.308265277475096688e-01,0.000000000000000000e+00,6.864152313767926117e+00,1.000000000000000000e+00
2.307000000000000000e+03,2.434054707992546795e+01,3.483766150950734897e+01,2.838482971423155702e-03,-8.203656261849640430e+01,4.143056333811623304e-01,0.000000000000000000e+00,8.304154410099654271e+00,1.000000000000000000e+00
2.307000000000000000e+03,7.480150679753360521e+01,4.330942957394533721e+01,3.423961174393906973e-03,-9.721087520602915788e+01,2.072839260129888395e-01,0.000000000000000000e+00,6.053374274942699529e+00,1.000000000000000000e+00
2.308000000000000000e+03,1.419888444499994762e+02,2.058736279550214121e+01,1.015554016231047865e-02,-2.716786576990631374e+02,5.656357875280948466e-02,0.000000000000000000e+00,7.521618054101046447e+00,1.000000000000000000e+00
2.308000000000000000e+03,8.711412644677830031e+01,5.288961230743531416e+01,-8.059126040923561204e-03,2.173441956654148441e+02,3.935547513514281448e-02,0.000000000000000000e+00,5.519799362622007877e+00,1.000000000000000000e+00
2.309000000000000000e+03,1.138429985192678515e+02,2.057089607027418410e+01,-9.872073288160660570e-03,2.643318172279157920e+02,3.555163418746520865e-02,0.000000000000000000e+00,8.114256047504945002e+00,1.000000000000000000e+00
2.309000000000000000e+03,3.050931576437239201e+01,2.079516044635478167e+01,-4.597615168379662852e-03,1.276294159543955828e+02,1.107175603317995805e-01,0.000000000000000000e+00,8.638600913556778949e+00,1.000000000000000000e+00
2.310000000000000000e+03,3.191563707683623363e+01,3.824015941626350212e+01,-3.175430175207649003e-02,8.314712481041385672e+02,1.280678908487187240e-02,0.000000000000000000e+00,8.304154410099654271e+00,1.000000000000000000e+00
2.310000000000000000e+03,8.071500791260871210e+01,4.460320106634402038e+01,4.081911219940379844e-03,-1.142634992105514158e+02,2.278877016128433297e-01,0.000000000000000000e+00,6.053374274942699529e+00,1.000000000000000000e+00
2.310000000000000000e+03,7.937341914226031747e+01,2.914355517328702661e+01,5.239192544184693989e-03,-1.442576962219717984e+02,1.647070098326878229e-01,0.000000000000000000e+00,5.625293472131509986e+00,1.000000000000000000e+00
2.310000000000000000e+03,1.080876206544826914e+02,3.877178118724545186e+01,-7.603953582087176304e-03,2.055471225436948544e+02,9.461104762737215790e-02,0.000000000000000000e+00,1.480713361448683152e+01,1.000000000000000000e+00
2.310000000000000000e+03,1.145838554411788124e+02,5.207780010626796496e+01,-4.422717995885225468e-03,1.230964643387078326e+02,1.982433523759378202e-01,0.000000000000000000e+00,1.480713361448683152e+01,1.000000000000000000e+00
2.310000000000000000e+03,7.465408312617049091e+01,1.931875990442654611e+01,-6.884450174799362776e-03,1.868991702295322170e+02,7.792955347156316215e-02,0.000000000000000000e+00,6.526139025059657151e+00,1.000000000000000000e+00
2.311000000000000000e+03,1.724690677543617312e+01,5.270430527126772091e+01,3.416456921319400552e-03,-9.701638140367968788e+01,2.290767584604024298e-01,0.000000000000000000e+00,6.430889222979474518e+00,1.000000000000000000e+00
2.312000000000000000e+03,9.073992087924344219e+01,4.385920876551568881e+01,3.876672790963289934e-03,-1.089441686864258543e+02,2.185231381676250306e-01,0.000000000000000000e+00,9.731113677088030656e+00,1.000000000000000000e+00
2.312000000000000000e+03,1.347717793811288232e+02,1.846870521498898654e+01,-5.621075498180676949e-03,1.541552659118120232e+02,1.040828915245590736e-01,0.000000000000000000e+00,7.521618054101046447e+00,1.000000000000000000e+00
2.312000000000000000e+03,1.116564714285035187e+01,3.205310282140434452e+01,3.273671089308054574e-03,-9.331568539652305105e+01,1.654662835135425336e-01,0.000000000000000000e+00,1.123549544080530715e+01,1.000000000000000000e+00
2.312000000000000000e+03,8.108169144962863584e+01,1.414605223014885560e+01,-3.284245805343606779e-03,9.358975887327018484e+01,3.907942870838496674e-01,0.000000000000000000e+00,5.564638598863572483e+00,1.000000000000000000e+00
2.313000000000000000e+03,5.634498434790337029e+01,1.954290907208372374e+01,-2.047349439168077434e-01,5.314750595620533204e+03,4.641901261921765887e-03,0.000000000000000000e+00,1.831047080011062889e+01,1.000000000000000000e+00
2.313000000000000000e+03,1.558801551727395207e+01,4.238165624195917047e+01,-7.540118666145919843e-03,2.038926613467168352e+02,9.510949660079426327e-02,0.000000000000000000e+00,4.063201600193648844e+00,1.000000000000000000e+00
2.313000000000000000e+03,1.054213628883988605e+02,2.065377727802357199e+01,2.628615107820989494e-03,-7.659724728921837311e+01,3.061330042929942818e-01,0.000000000000000000e+00,5.821434181069064628e+00,1.000000000000000000e+00
2.314000000000000000e+03,1.428437371461817236e+02,3.258107337126259750e+01,-1.217878122082356046e-02,3.241166342215502141e+02,5.458654739928814337e-02,0.000000000000000000e+00,1.547350567212954253e+01,1.000000000000000000e+00
2.314000000000000000e+03,6.769811663208172092e+01,5.137061414218550937e+01,-9.641808412625012259e-03,2.583638560270069888e+02,7.947534889685414772e-02,0.000000000000000000e+00,9.776149972078528094e+00,1.000000000000000000e+00
2.315000000000000000e+03,2.073342145770329381e+01,1.707310890968241068e+01,-9.001514039925178137e-03,2.417688283896230814e+02,5.558273471246721886e-02,0.000000000000000000e+00,7.682867494802455788e+00,1.000000000000000000e+00
2.316000000000000000e+03,9.062102827083386103e+01,1.881907894809157966e+01,9.179514353243512295e-03,-2.463822066183359141e+02,1.903931292899724292e-01,0.000000000000000000e+00,3.173313597552050780e+00,1.000000000000000000e+00
2.316000000000000000e+03,7.629916752457887696e+01,4.672356864840724455e+01,-6.335516648713130326e-03,1.726720156192602929e+02,1.236283959171852187e-01,0.000000000000000000e+00,9.776149972078528094e+00,1.000000000000000000e+00
2.316000000000000000e+03,4.823326927839055855e+01,5.248243031725937158e+01,3.186618952604911188e-03,-9.105948469247715593e+01,4.866813239556498916e-01,0.000000000000000000e+00,6.070904373071393856e+00,1.000000000000000000e+00
2.317000000000000000e+03,1.114173140581580697e+02,7.918018857527378884e+00,-6.746595139999455801e-03,1.833262696856609182e+02,2.106023873173752392e-01,0.000000000000000000e+00,1.407661084833194209e+01,1.000000000000000000e+00
2.317000000000000000e+03,9.040038463905406729e+01,2.198471246702009907e+01,-8.839859274515663931e-03,2.375790909593625315e+02,2.352331200119148757e-01,0.000000000000000000e+00,3.173313597552050780e+00,1.000000000000000000e+00
2.318000000000000000e+03,1.031138035493942198e+02,2.599833206036903022e+01,-6.108287898507142391e-03,1.667827441365569143e+02,1.243357506088043074e-01,0.000000000000000000e+00,5.821434181069064628e+00,1.000000000000000000e+00
2.318000000000000000e+03,8.232809748365480118e+01,5.355025733173020441e+00,5.210583947056959299e-03,-1.435162240487904342e+02,2.830115478692795117e-01,0.000000000000000000e+00,1.581307781600726514e+01,1.000000000000000000e+00
2.318000000000000000e+03,2.402367885915171541e+01,3.401759932098212857e+01,3.467539075329705532e-03,-9.834031894510098937e+01,1.728437815478178763e-01,0.000000000000000000e+00,1.187930402821833020e+01,1.000000000000000000e+00
2.318000000000000000e+03,4.338006849767262452e+01,4.265788925964716327e+01,-5.319715934312942152e-03,1.463446861153853433e+02,1.967010102304778130e-01,0.000000000000000000e+00,3.504436646392274923e+00,1.000000000000000000e+00
2.319000000000000000e+03,4.311044123992606103e+01,4.922474512754269682e+01,-8.297917711154810527e-03,2.235331527077132137e+02,8.529039489161338583e-02,0.000000000000000000e+00,4.883010125288606673e+00,1.000000000000000000e+00
2.319000000000000000e+03,1.283469776376588243e+02,2.491247294869777207e+01,-3.478637215572003526e-03,9.862795843077680047e+01,2.903850477394032126e-01,0.000000000000000000e+00,1.348126610187289742e+01,1.000000000000000000e+00
2.319000000000000000e+03,3.496461016472307648e+01,4.952996659012354286e+01,4.147850423777204969e-03,-1.159724989405430904e+02,1.439419216730237761e-01,0.000000000000000000e+00,7.362940686341686636e+00,1.000000000000000000e+00
2.320000000000000000e+03,1.793007478087723783e+01,9.919948744257588658e+00,-4.744723227492533661e-03,1.314421346206026442e+02,2.516113311172192279e-01,0.000000000000000000e+00,7.682867494802455788e+00,1.000000000000000000e+00
2.320000000000000000e+03,5.635868702474499514e+01,1.794885152636255299e+01,-9.506650448239216747e-03,2.548608576405971462e+02,1.983354524488610826e-01,0.000000000000000000e+00,6.382441772658163259e+00,1.000000000000000000e+00
2.320000000000000000e+03,1.281959534379547847e+02,7.909664573922304598e+00,1.992024870404271453e-03,-6.009822272482217187e+01,4.015609276233098601e-01,0.000000000000000000e+00,1.338759104031233882e+01,1.000000000000000000e+00
2.321000000000000000e+03,7.566140014272119352e+00,2.619793452131823486e+01,-2.684689060006631694e-03,7.805056130529253267e+01,2.886853212076448960e-01,0.000000000000000000e+00,1.822080520750450816e+01,1.000000000000000000e+00
2.322000000000000000e+03,5.586281946160595169e+01,8.962313403841339010e+00,-3.991610905809477375e-03,1.119231128623970193e+02,3.027401055600615898e-01,0.000000000000000000e+00,9.000208445791717082e+00,1.000000000000000000e+00
2.322000000000000000e+03,7.714409216785277579e+01,3.089990067628767179e+01,2.494754161313810902e-03,-7.312786476522984458e+01,3.731286744572303027e-01,0.000000000000000000e+00,1.597528938356647110e+01,1.000000000000000000e+00
2.322000000000000000e+03,1.128916363481494045e+02,3.349787766973611269e+01,-2.843585253078548258e-02,7.454643130308613763e+02,5.831140335983697742e-02,0.000000000000000000e+00,7.959950886702520378e+00,1.000000000000000000e+00
2.323000000000000000e+03,9.663876482356218389e+01,2.625087238315533256e+01,-3.381924755008672984e-02,8.849901201241871149e+02,1.624815975992832673e-02,0.000000000000000000e+00,6.479961660045340466e+00,1.000000000000000000e+00
2.323000000000000000e+03,1.412048369143830939e+02,2.896463169798967385e+01,-3.839262393979035563e-03,1.079745731404561866e+02,2.046541693497142544e-01,0.000000000000000000e+00,1.348126610187289742e+01,1.000000000000000000e+00
2.323000000000000000e+03,6.759296240849140247e+01,4.914970028335330454e+01,-3.545947018815392288e-02,9.275010981535818928e+02,3.523272864674265037e-02,0.000000000000000000e+00,7.737076529728034835e+00,1.000000000000000000e+00
2.324000000000000000e+03,1.149555430047807931e+02,9.889342685067781247e+00,-7.243771993983866980e-03,1.962120047230462205e+02,1.056450719409578465e-01,0.000000000000000000e+00,3.910243465363464566e+00,1.000000000000000000e+00
2.325000000000000000e+03,9.172935431151904595e+01,1.739722586166611862e+01,2.163236157021326475e-02,-5.691327297228252746e+02,3.261811280979343142e-02,0.000000000000000000e+00,1.012370328996448343e+01,1.000000000000000000e+00
2.325000000000000000e+03,5.824564100545993739e+01,2.404597934657724068e+01,-6.605083432203899541e-02,1.720362249074687497e+03,1.480950490335675163e-02,0.000000000000000000e+00,6.116548249436260853e+00,1.000000000000000000e+00
2.325000000000000000e+03,9.930010079480094021e+01,3.728903082831654103e+01,-7.821309744492018629e-03,2.111805181755427725e+02,7.947489546695984952e-02,0.000000000000000000e+00,1.135445511736662105e+01,1.000000000000000000e+00
2.325000000000000000e+03,2.185306134627462171e+01,5.036817416832219152e+01,-3.864139204822356760e-02,1.009969543074002900e+03,2.776004053115155301e-02,0.000000000000000000e+00,7.875392161864143148e+00,1.000000000000000000e+00
2.326000000000000000e+03,2.269168823578346661e+01,3.704175231311514693e+01,-3.031078209678638585e-02,7.940583805294360218e+02,2.513361717646700466e-02,0.000000000000000000e+00,9.577248405805230291e+00,1.000000000000000000e+00
2.326000000000000000e+03,6.014367180894318921e+01,5.124025590097055272e+01,-6.454528753313418243e-02,1.681341774061138267e+03,8.030923346653673356e-03,0.000000000000000000e+00,7.737076529728034835e+00,1.000000000000000000e+00
2.327000000000000000e+03,1.610296409524686823e+01,1.041432646063092093e+01,-1.170652318170489585e-02,3.118767402832272637e+02,2.626673103852694702e-02,0.000000000000000000e+00,8.843660997022531944e+00,1.000000000000000000e+00
2.327000000000000000e+03,5.814485210153180361e+01,3.016169713638137395e+01,-2.816276113714170568e-02,7.383863822879424106e+02,2.547226749349629227e-01,0.000000000000000000e+00,6.116548249436260853e+00,1.000000000000000000e+00
2.327000000000000000e+03,1.253392953119740270e+02,2.760428580372023077e+01,-2.637817770023564642e-03,7.683576013596618282e+01,4.495467634710956784e-01,0.000000000000000000e+00,3.348974734671457565e+00,1.000000000000000000e+00
2.328000000000000000e+03,1.131259067578448310e+02,6.433559826970970619e+00,-2.675657553193981630e-03,7.781648443135222237e+01,3.565710591107078553e-01,0.000000000000000000e+00,3.548021453928218438e+00,1.000000000000000000e+00
2.329000000000000000e+03,8.061150143866848339e+01,5.239320179526234966e+01,-2.858556985858005245e-02,7.493446582259470006e+02,5.406466438585177947e-02,0.000000000000000000e+00,4.178922663418645378e+00,1.000000000000000000e+00
2.330000000000000000e+03,1.148634013278240360e+02,9.527031801440383418e+00,6.475069949417024996e-03,-1.762889314954754809e+02,9.423937897803436048e-02,0.000000000000000000e+00,3.548021453928218438e+00,1.000000000000000000e+00
2.330000000000000000e+03,8.129312712002234775e+01,3.357474313176225422e+01,-6.296493630631150307e-02,1.640382531868656088e+03,5.167719893320432689e-03,0.000000000000000000e+00,1.299019279589851728e+01,1.000000000000000000e+00
2.331000000000000000e+03,1.370278678052896453e+02,6.186704286112489015e+00,-5.952662808005799305e-02,1.551269113926327464e+03,1.279576288314487886e-02,0.000000000000000000e+00,1.450789373059747689e+01,1.000000000000000000e+00
2.331000000000000000e+03,1.271592509280706906e+02,2.479298835789455424e+01,3.660683020254050686e-03,-1.033461869343788777e+02,2.512488463937162519e-01,0.000000000000000000e+00,3.348974734671457565e+00,1.000000000000000000e+00
2.332000000000000000e+03,9.804577281770752606e+00,1.662243916725019943e+01,-3.477934529131319202e-02,9.098737505753830419e+02,9.254471535916963809e-03,0.000000000000000000e+00,8.843660997022531944e+00,1.000000000000000000e+00
2.332000000000000000e+03,1.022721917200972399e+02,3.606495853931826900e+01,4.829833944960921534e-03,-1.336480179905750276e+02,1.748044833226305439e-01,0.000000000000000000e+00,8.466441431416017238e+00,1.000000000000000000e+00
2.332000000000000000e+03,8.906670983169938438e+01,4.779825310015088036e+01,1.907815397018119280e-02,-5.029332634751044111e+02,2.872082107280427010e-02,0.000000000000000000e+00,9.623102539217109452e+00,1.000000000000000000e+00
2.332000000000000000e+03,5.188527882626696197e+01,1.354549792503832428e+01,-3.948257976055096277e-03,1.107994998835698794e+02,3.035893852416023941e-01,0.000000000000000000e+00,1.356524928254223461e+01,1.000000000000000000e+00
2.332000000000000000e+03,1.812480583787715105e+01,3.069308110068755013e+01,3.211916196708580404e-03,-9.171513384847378347e+01,2.110284326270269739e-01,0.000000000000000000e+00,1.077816760912082650e+01,1.000000000000000000e+00
2.332000000000000000e+03,2.882189635038401931e+01,3.201260812865510275e+01,3.738346540726235085e-03,-1.053590552705755670e+02,1.922544131385480748e-01,0.000000000000000000e+00,1.077816760912082650e+01,1.000000000000000000e+00
2.332000000000000000e+03,1.154248905090154409e+02,4.420405258072403143e+01,-4.877909051472981844e-03,1.348940194474890291e+02,2.016020194713349367e-01,0.000000000000000000e+00,1.078579704247435522e+01,1.000000000000000000e+00
2.333000000000000000e+03,6.441125386725317981e+01,1.875279447604278360e+01,-1.041015445574750529e-02,2.782777024769270042e+02,2.404652378673510782e-01,0.000000000000000000e+00,1.045349141227675460e+01,1.000000000000000000e+00
2.334000000000000000e+03,1.225511718686680354e+02,7.137627656796451170e+00,-2.354215157196865374e-02,6.186303033577377164e+02,2.816058267214793798e-02,0.000000000000000000e+00,8.050532159746362382e+00,1.000000000000000000e+00
2.334000000000000000e+03,8.998059458183089987e+01,1.894550560907060444e+01,-8.740436598312846181e-03,2.350022729679573388e+02,9.047328255863851254e-02,0.000000000000000000e+00,5.467278258895921894e+00,1.000000000000000000e+00
2.334000000000000000e+03,7.680356584845193879e+01,5.067185895677950924e+01,4.079048874123361416e-03,-1.141893134766664275e+02,3.650296901097493940e-01,0.000000000000000000e+00,4.178922663418645378e+00,1.000000000000000000e+00
2.335000000000000000e+03,1.046390983207032122e+02,4.419381969298583357e+01,-8.916466592466854718e-03,2.395645848397247164e+02,2.179644761773759098e-01,0.000000000000000000e+00,6.830477222060838294e+00,1.000000000000000000e+00
2.335000000000000000e+03,6.966075887043790260e+01,2.779260531079383156e+01,-7.795509800672171738e-03,2.105118401440179809e+02,1.224525823278668213e-01,0.000000000000000000e+00,1.045349141227675460e+01,1.000000000000000000e+00
2.336000000000000000e+03,5.387472472989587402e+01,4.111090660448816436e+01,4.886166117665279376e-03,-1.351080245168871841e+02,1.745725403602363945e-01,0.000000000000000000e+00,1.402014611870236749e+01,1.000000000000000000e+00
2.336000000000000000e+03,1.443050880671038101e+02,4.405267007909274923e+01,-8.539001758613133305e-03,2.297815231465063448e+02,4.330666025681451092e-02,0.000000000000000000e+00,1.485257008903287890e+01,1.000000000000000000e+00
2.336000000000000000e+03,7.720131229364115200e+01,3.816972657596917884e+01,3.355116257101642494e-03,-9.542656574795724111e+01,2.049220223877332714e-01,0.000000000000000000e+00,1.191688029806035942e+01,1.000000000000000000e+00
2.337000000000000000e+03,8.517981512293879121e+01,1.632946888393167484e+01,-4.764465955091233378e-03,1.319538228754225315e+02,3.819304356696587854e-01,0.000000000000000000e+00,5.467278258895921894e+00,1.000000000000000000e+00
2.337000000000000000e+03,2.655300846258910497e+01,5.123409927351540460e+01,-5.965953908025851092e-03,1.630937588721440648e+02,3.018574524706034712e-01,0.000000000000000000e+00,1.114384528194199575e+01,1.000000000000000000e+00
2.338000000000000000e+03,4.679075598933144420e+01,2.901206847545812550e+01,3.511614207787424127e-03,-9.948264983608335399e+01,2.034800060335281158e-01,0.000000000000000000e+00,7.915002403204503878e+00,1.000000000000000000e+00
2.338000000000000000e+03,1.227939631580999702e+02,4.881125600423295907e+01,3.132093191662594939e-03,-8.964629640226658580e+01,2.185440724208295160e-01,0.000000000000000000e+00,4.684772072144737898e+00,1.000000000000000000e+00
2.339000000000000000e+03,4.377436002699061390e+01,2.169437632279776551e+01,-3.829574715907646618e-03,1.077234897447691253e+02,2.074514128144892000e-01,0.000000000000000000e+00,7.915002403204503878e+00,1.000000000000000000e+00
2.339000000000000000e+03,8.900597347902921896e+00,3.890249038354558309e+01,-3.357655539601722000e-02,8.787000710844341711e+02,1.935332924259725029e-02,0.000000000000000000e+00,9.953258255639905627e+00,1.000000000000000000e+00
2.339000000000000000e+03,1.113343288390500732e+02,4.284130078839012867e+01,-4.987252333697111961e-02,1.301055865369743515e+03,6.996742760060237210e-03,0.000000000000000000e+00,6.830477222060838294e+00,1.000000000000000000e+00
2.340000000000000000e+03,1.385237459744988655e+02,3.037148146633294843e+01,-7.399711224602497847e-03,2.002536080108541228e+02,1.641481409883069897e-01,0.000000000000000000e+00,1.075004191894467986e+01,1.000000000000000000e+00
2.340000000000000000e+03,2.963915083024145503e+01,3.208735665689560079e+01,-3.170296561358836029e-02,8.301407278413806807e+02,9.122567339343023995e-03,0.000000000000000000e+00,1.715214407690990228e+01,1.000000000000000000e+00
2.340000000000000000e+03,8.909465004113516784e+01,3.891842762601059746e+01,-8.249740314205035452e-03,2.222845001067109934e+02,6.206844655020204993e-02,0.000000000000000000e+00,1.191688029806035942e+01,1.000000000000000000e+00
2.340000000000000000e+03,6.517984923297644784e+00,4.856636682820175821e+01,-3.729858670352640543e-02,9.751669698248971372e+02,5.253155138423193371e-02,0.000000000000000000e+00,8.516281753521637299e+00,1.000000000000000000e+00
2.341000000000000000e+03,1.367894713478587221e+02,1.162215241792533149e+01,3.637008311079497399e-03,-1.027325903297388550e+02,1.455407803305602821e-01,0.000000000000000000e+00,1.394719649787210614e+01,1.000000000000000000e+00
2.341000000000000000e+03,9.933348200070490464e+01,1.286478520239100831e+01,-8.072623871502529122e-03,2.176940298683271635e+02,6.259874895633521508e-02,0.000000000000000000e+00,1.307572648475239241e+01,1.000000000000000000e+00
2.341000000000000000e+03,3.706911372803535443e+01,4.754671297507655936e+01,-7.918122778565017672e-03,2.136896999591121471e+02,5.177267379376793155e-02,0.000000000000000000e+00,1.114384528194199575e+01,1.000000000000000000e+00
2.341000000000000000e+03,1.281125870795108312e+02,2.769357711360125052e+01,-4.408274411556049877e-03,1.227221182701723876e+02,1.770497492488609659e-01,0.000000000000000000e+00,3.336660480323137001e+00,1.000000000000000000e+00
2.341000000000000000e+03,1.004036944798364459e+02,3.280153653517344026e+01,3.730113869779864630e-03,-1.051456824725164125e+02,1.713252644967866445e-01,0.000000000000000000e+00,1.209319530988949865e+01,1.000000000000000000e+00
2.341000000000000000e+03,1.273029618994557097e+02,5.008248364647476336e+01,-3.546546165586987077e-03,1.003880096671675375e+02,2.237638820959724217e-01,0.000000000000000000e+00,4.684772072144737898e+00,1.000000000000000000e+00
2.342000000000000000e+03,7.751222054197189948e+01,1.322258473294012759e+01,-7.599766742991518123e-03,2.054386088452021113e+02,1.552733805586079541e-01,0.000000000000000000e+00,8.273133371689066706e+00,1.000000000000000000e+00
2.342000000000000000e+03,7.248575152930759202e+01,4.233761444777852034e+01,-7.553411835236290180e-03,2.042371911721359368e+02,6.161192074059784751e-02,0.000000000000000000e+00,8.176833469679325006e+00,1.000000000000000000e+00
2.343000000000000000e+03,1.230168788150008794e+02,9.422155810172416324e+00,3.445388710871624769e-03,-9.776623001658201417e+01,1.834081876586257653e-01,0.000000000000000000e+00,1.394719649787210614e+01,1.000000000000000000e+00
2.343000000000000000e+03,9.419109119919301776e+00,1.187964499651633155e+01,-7.433627299920109524e-03,2.011326383931986186e+02,5.731895955906052276e-02,0.000000000000000000e+00,5.796909005745421339e+00,1.000000000000000000e+00
2.344000000000000000e+03,2.353181674072137497e+01,5.839583015908356600e+00,1.086916466172667579e-02,-2.901742415983734418e+02,1.024803854300406769e-01,0.000000000000000000e+00,1.127309315608301610e+01,1.000000000000000000e+00
2.345000000000000000e+03,1.045670037206401588e+02,4.415548866509594461e+01,8.162349934485522984e-03,-2.200195328845694576e+02,2.056043134634675251e-01,0.000000000000000000e+00,1.209319530988949865e+01,1.000000000000000000e+00
2.345000000000000000e+03,1.249534790338891810e+02,2.661964065503455146e+01,2.360943380257912727e-03,-6.965978241985594366e+01,2.924978414016248252e-01,0.000000000000000000e+00,3.336660480323137001e+00,1.000000000000000000e+00
2.345000000000000000e+03,9.399505623461969606e+00,4.055238571018743698e+01,-6.375789838123015196e-03,1.737158084742319204e+02,1.756516603321568448e-01,0.000000000000000000e+00,8.516281753521637299e+00,1.000000000000000000e+00
2.346000000000000000e+03,5.076771645121580079e+00,2.920023636194677508e+01,-7.077568772017671372e-03,1.919043812617913431e+02,7.300394278689081862e-02,0.000000000000000000e+00,1.214731755871473950e+01,1.000000000000000000e+00
2.346000000000000000e+03,8.061173792844702746e+01,3.425398507201456511e+01,-7.473976056010241814e-03,2.021783897710007523e+02,4.003845201867661796e-02,0.000000000000000000e+00,4.939458591739806614e+00,1.000000000000000000e+00
2.346000000000000000e+03,8.690596089275059910e+01,4.673708753069318078e+01,-2.804152865860441365e-02,7.352443019922936855e+02,1.320636108639783313e-02,0.000000000000000000e+00,1.038774895770011852e+01,1.000000000000000000e+00
2.347000000000000000e+03,5.586673746745023550e+01,5.232576486327364940e+00,-8.406873640658566599e-03,2.263570517430079008e+02,1.499039263256174426e-01,0.000000000000000000e+00,5.929635040876524599e+00,1.000000000000000000e+00
2.347000000000000000e+03,1.504841626431727697e+01,1.326350015328754850e+01,-5.723426826104142766e-03,1.568079881408876020e+02,9.786105809472833705e-02,0.000000000000000000e+00,5.796909005745421339e+00,1.000000000000000000e+00
2.347000000000000000e+03,8.693298304977128055e+01,2.394136246774051457e+01,-5.194262277543570429e-03,1.430932021260444174e+02,1.622023928408097282e-01,0.000000000000000000e+00,9.752687092449422224e+00,1.000000000000000000e+00
2.347000000000000000e+03,1.155752464753543478e+02,3.097663859188582336e+01,-8.714061606446226946e-03,2.343186909506474365e+02,5.265151804042667028e-02,0.000000000000000000e+00,1.034092244162429886e+01,1.000000000000000000e+00
2.347000000000000000e+03,7.000860176732388140e+01,3.454503242077539937e+01,-4.067717293562644020e-03,1.138956237292656510e+02,1.243539950531296068e-01,0.000000000000000000e+00,3.835283212249039675e+00,1.000000000000000000e+00
2.347000000000000000e+03,6.636197126817120306e+01,6.045639748497386279e+00,-7.183552963138344419e-03,1.946512593475025028e+02,7.851893462880643604e-02,0.000000000000000000e+00,9.345307123708169073e+00,1.000000000000000000e+00
2.348000000000000000e+03,8.934819416455592034e+01,1.119637607784796884e+01,-6.216484983055453606e-02,1.619646042929203531e+03,8.727203928984961223e-03,0.000000000000000000e+00,3.717902165122041414e+00,1.000000000000000000e+00
2.348000000000000000e+03,5.823923930939251647e+01,1.066689398974683556e+01,-6.998542687209965973e-03,1.898561982425835311e+02,1.890900705115203806e-01,0.000000000000000000e+00,5.929635040876524599e+00,1.000000000000000000e+00
2.348000000000000000e+03,1.675593553241494149e+01,5.276780048818549318e+01,3.195484185640147523e-03,-9.128925211431355535e+01,3.115412135148390993e-01,0.000000000000000000e+00,6.877745501235689396e+00,1.000000000000000000e+00
2.348000000000000000e+03,9.643790164342944138e+01,2.612572233991381410e+01,-2.652364558213790666e-03,7.721278102252196618e+01,4.235531800692220461e-01,0.000000000000000000e+00,5.959966955161600133e+00,1.000000000000000000e+00
2.348000000000000000e+03,5.988747330624764942e+01,3.601361988049369245e+01,3.019804846136480390e-03,-8.673602844300788206e+01,1.880759547829854439e-01,0.000000000000000000e+00,7.308020510996996677e+00,1.000000000000000000e+00
2.349000000000000000e+03,1.314965218877161703e+02,3.007533446993798520e+01,-1.035145969242639262e-02,2.767564627768551304e+02,7.668500000783529114e-02,0.000000000000000000e+00,7.399542521627824776e+00,1.000000000000000000e+00
2.349000000000000000e+03,1.408515863342432795e+02,3.119646435127625494e+01,3.436982251794261974e-03,-9.754835301083363674e+01,3.624530344198412246e-01,0.000000000000000000e+00,9.422004192819334989e+00,1.000000000000000000e+00
2.349000000000000000e+03,4.673302607955545085e+01,3.529030426927730701e+01,-7.307875989461939600e-03,1.978734398722257026e+02,1.332467091291904548e-01,0.000000000000000000e+00,4.735929677913945923e+00,1.000000000000000000e+00
2.349000000000000000e+03,5.440485834904460916e+01,5.077569696741047522e+01,-7.431359920346785122e-03,2.010738728811340650e+02,1.365708841366359838e-01,0.000000000000000000e+00,8.904972961713035318e+00,1.000000000000000000e+00
2.350000000000000000e+03,2.802733094408147352e+01,3.098326743112025028e+01,-6.157214368383063033e-03,1.680508110670329245e+02,1.707599664505774495e-01,0.000000000000000000e+00,1.033737339322294169e+01,1.000000000000000000e+00
2.350000000000000000e+03,1.277516377172006372e+02,4.873629386812342545e+01,-6.095045272415885312e-02,1.588171529951025150e+03,6.607057288992801425e-03,0.000000000000000000e+00,1.780611338214479744e+01,1.000000000000000000e+00
2.351000000000000000e+03,7.616820284185031653e+01,2.308761032806935987e+01,-3.666611774299219362e-02,9.587747597300366351e+02,9.052966519708771642e-03,0.000000000000000000e+00,1.065790650063613043e+01,1.000000000000000000e+00
2.351000000000000000e+03,1.022887299321015888e+02,2.726107005893736712e+01,-7.584978447095946236e-03,2.050553286079230588e+02,8.699545325069368840e-02,0.000000000000000000e+00,5.959966955161600133e+00,1.000000000000000000e+00
2.351000000000000000e+03,8.499757291561850536e+01,3.652614321897853955e+01,-3.752489334029057363e-03,1.057256054945616484e+02,2.217301672893612352e-01,0.000000000000000000e+00,4.939458591739806614e+00,1.000000000000000000e+00
2.351000000000000000e+03,6.161707538950081187e+01,4.555243469080657093e+01,-4.643046149715157438e-03,1.288068874784338504e+02,4.137682457951501469e-01,0.000000000000000000e+00,5.651429939180317774e+00,1.000000000000000000e+00
2.351000000000000000e+03,1.144097562360373210e+01,4.840264478105461166e+01,4.307943964510022039e-03,-1.201217728468955670e+02,2.766024861584804873e-01,0.000000000000000000e+00,6.877745501235689396e+00,1.000000000000000000e+00
2.352000000000000000e+03,3.856030947045856294e+01,9.804195562527990404e+00,-8.338283512154114410e-03,2.245793458522258277e+02,1.335211739795875152e-01,0.000000000000000000e+00,1.354552992993899707e+01,1.000000000000000000e+00
2.352000000000000000e+03,1.033023940186156864e+02,3.610250959971136098e+01,-7.333255749916200647e-03,1.985312276712855919e+02,1.229616760877388915e-01,0.000000000000000000e+00,8.899357731513568126e+00,1.000000000000000000e+00
2.352000000000000000e+03,2.138226975277943964e+01,1.361713635058584870e+01,-4.477627628216178379e-03,1.245196017344786554e+02,2.183111753906873398e-01,0.000000000000000000e+00,6.144788593675975186e+00,1.000000000000000000e+00
2.352000000000000000e+03,6.711917047779503775e+01,3.706705227423631044e+01,4.174235794166357774e-03,-1.166563499464239015e+02,1.611837317011224346e-01,0.000000000000000000e+00,3.835283212249039675e+00,1.000000000000000000e+00
2.352000000000000000e+03,2.391157908227445716e+01,5.061497196484835115e+01,-5.112320886951657144e-03,1.409694607666057493e+02,1.583213023385237062e-01,0.000000000000000000e+00,7.472476514753330079e+00,1.000000000000000000e+00
2.353000000000000000e+03,1.524879795680003269e+01,1.324437558428187067e+01,4.634038099075603670e-03,-1.285734185371217109e+02,2.682290544120672360e-01,0.000000000000000000e+00,6.100373287421212432e+00,1.000000000000000000e+00
2.353000000000000000e+03,2.632599276774561758e+01,4.117967547908772019e+01,-8.440736862365266768e-03,2.272347122755282953e+02,1.099907656517369325e-01,0.000000000000000000e+00,4.892294919813316767e+00,1.000000000000000000e+00
2.353000000000000000e+03,4.384984994893093813e+01,5.266263939664636240e+01,7.993833224670945578e-03,-2.156519488857562976e+02,4.702824798887739188e-02,0.000000000000000000e+00,1.072234834622158672e+01,1.000000000000000000e+00
2.353000000000000000e+03,1.032075663625852826e+02,1.582907268979732152e+01,3.825045168642702241e-03,-1.076060938011976873e+02,1.847037885156874726e-01,0.000000000000000000e+00,9.416364742614875993e+00,1.000000000000000000e+00
2.353000000000000000e+03,1.669020355519636567e+01,4.295185268510051912e+01,-3.226802422699331235e-03,9.210095221931344156e+01,3.885400085767564127e-01,0.000000000000000000e+00,7.567399047964094905e+00,1.000000000000000000e+00
2.354000000000000000e+03,8.678338575109934538e+01,2.404095327763640810e+01,4.418757815440143080e-03,-1.229938251359641583e+02,1.082300586932570807e-01,0.000000000000000000e+00,8.946217055347313263e+00,1.000000000000000000e+00
2.354000000000000000e+03,4.682308847218904191e+01,4.002537751893028428e+01,-7.942730491053410016e-03,2.143274779659932108e+02,1.604824416176918733e-01,0.000000000000000000e+00,4.399880639364408985e+00,1.000000000000000000e+00
2.354000000000000000e+03,1.318671087749646631e+01,6.494327168915762449e+00,2.177251466687912546e-03,-6.489889037952069373e+01,4.123116662874298788e-01,0.000000000000000000e+00,7.057999485152802066e+00,1.000000000000000000e+00
2.354000000000000000e+03,1.000134367505420663e+01,1.635544900142742009e+01,5.114271836641212134e-03,-1.410200251091921189e+02,2.486032902300759906e-01,0.000000000000000000e+00,6.100373287421212432e+00,1.000000000000000000e+00
2.354000000000000000e+03,5.721285229216091750e+01,4.201103958910986336e+01,3.495284955039650639e-03,-9.905943137251243513e+01,2.944974381946227071e-01,0.000000000000000000e+00,5.651429939180317774e+00,1.000000000000000000e+00
2.355000000000000000e+03,3.703616862976432600e+01,2.326370431212955481e+01,-3.426265102506005633e-02,8.964821669629994858e+02,1.154231882805312193e-02,0.000000000000000000e+00,1.186384470545113423e+01,1.000000000000000000e+00
2.355000000000000000e+03,5.461598583176051136e+01,1.904767593476190157e+01,-8.152755433317270331e-03,2.197708644301167169e+02,9.415587967883087828e-02,0.000000000000000000e+00,1.807829826433810894e+01,1.000000000000000000e+00
2.355000000000000000e+03,9.415245480911899278e+01,2.911358778245977419e+01,2.423435868628700043e-03,-7.127945083466532594e+01,3.373000318339428594e-01,0.000000000000000000e+00,8.344506863370064309e+00,1.000000000000000000e+00
2.357000000000000000e+03,4.652168721335470991e+01,3.563583233499301883e+01,1.171531843585465332e-02,-3.121046940056340873e+02,6.291355759031691530e-02,0.000000000000000000e+00,4.399880639364408985e+00,1.000000000000000000e+00
2.357000000000000000e+03,1.014771958677958565e+02,2.508508386722805739e+01,-7.851480707968070544e-03,2.119624834622598826e+02,4.823881581429945165e-02,0.000000000000000000e+00,8.359466213323907269e+00,1.000000000000000000e+00
2.357000000000000000e+03,1.387099452956544496e+02,3.017249031639266121e+01,7.295718691461033044e-03,-1.975583493374295756e+02,1.011776843242222501e-01,0.000000000000000000e+00,1.023147889293821855e+01,1.000000000000000000e+00
2.357000000000000000e+03,2.530101936252170347e+01,3.639595526350080945e+01,-1.019593636463386917e-02,2.727256387793049726e+02,8.381181968690865070e-02,0.000000000000000000e+00,4.892294919813316767e+00,1.000000000000000000e+00
2.357000000000000000e+03,1.181183726325528625e+02,4.282610724939046065e+01,-7.273348870605661140e-03,1.969785725797908640e+02,1.210373538765477930e-01,0.000000000000000000e+00,7.021048200869431710e+00,1.000000000000000000e+00
2.358000000000000000e+03,1.116137392283208101e+02,4.546899622085339843e+01,-7.254287947260833896e-03,1.964845551978049798e+02,1.219946527611024401e-01,0.000000000000000000e+00,7.021048200869431710e+00,1.000000000000000000e+00
2.359000000000000000e+03,2.389108318018305255e+01,2.618789516858437239e+01,2.104814633590020283e-03,-6.302148633151163892e+01,3.749673036305239959e-01,0.000000000000000000e+00,9.965669310499974287e+00,1.000000000000000000e+00
2.360000000000000000e+03,2.933699523724835956e+01,4.637474339913533328e+01,-2.769043687699574569e-02,7.261447720456428669e+02,1.082136273179423736e-02,0.000000000000000000e+00,1.062717547631218729e+01,1.000000000000000000e+00
2.360000000000000000e+03,1.118281242545074718e+02,3.309776425398491995e+01,-5.338248941465485731e-03,1.468250210660166601e+02,2.222803316043725497e-01,0.000000000000000000e+00,1.158481256187421948e+01,1.000000000000000000e+00
2.361000000000000000e+03,5.860117712586087890e+01,1.808049850292252003e+01,-2.780385394153549183e-02,7.290842939293848985e+02,1.445389069901314993e-02,0.000000000000000000e+00,1.302029617594980060e+01,1.000000000000000000e+00
2.361000000000000000e+03,1.015996381912334101e+02,4.112697662724558256e+01,-6.905234519505046298e-03,1.874378549182034419e+02,9.146743249379041263e-02,0.000000000000000000e+00,7.232059063706871349e+00,1.000000000000000000e+00
2.361000000000000000e+03,7.399648753651661082e+01,4.626430583178151323e+01,-7.937051410554517988e-03,2.141802886389394018e+02,7.360242802854854993e-02,0.000000000000000000e+00,1.458079883490525930e+01,1.000000000000000000e+00
2.361000000000000000e+03,1.409148039535384385e+02,1.730063405829001866e+01,3.706225736655235567e-03,-1.045265543865749720e+02,2.036549682229907843e-01,0.000000000000000000e+00,1.120838747803395030e+01,1.000000000000000000e+00
2.362000000000000000e+03,3.805132814577455491e+01,1.309673608233423714e+01,-5.305134966122474968e-03,1.459667793580912871e+02,1.810332367356781713e-01,0.000000000000000000e+00,9.355772908099901031e+00,1.000000000000000000e+00
2.362000000000000000e+03,8.819016185967326749e+01,2.122802107856723097e+01,6.801116913879815852e-03,-1.847393546399588615e+02,1.016530137425487590e-01,0.000000000000000000e+00,9.052740103689185247e+00,1.000000000000000000e+00
2.362000000000000000e+03,5.221837246698077450e+01,3.817841430545892223e+01,-6.497287822952900471e-02,1.692423988315560337e+03,6.242643627355271008e-03,0.000000000000000000e+00,5.688122474019732699e+00,1.000000000000000000e+00
2.362000000000000000e+03,5.587025800240983386e+00,6.642462923096882577e+00,-3.286351163787775299e-03,9.364432515255866463e+01,3.293316032621863565e-01,0.000000000000000000e+00,2.482071093062841172e+01,1.000000000000000000e+00
2.362000000000000000e+03,1.404862166402679122e+02,4.024860169166761636e+01,2.384505922732731240e-03,-7.027047190932917431e+01,3.816004107538851775e-01,0.000000000000000000e+00,1.023147889293821855e+01,1.000000000000000000e+00
2.363000000000000000e+03,1.182647615602894859e+02,1.217059456471717560e+01,3.151126492666043132e-03,-9.013959787366799503e+01,2.718782109266399960e-01,0.000000000000000000e+00,9.937015497621564108e+00,1.000000000000000000e+00
2.363000000000000000e+03,1.006538078924529600e+02,4.829691967770655481e+01,3.524168861651329112e-03,-9.980803896447878287e+01,2.370328882597557696e-01,0.000000000000000000e+00,7.232059063706871349e+00,1.000000000000000000e+00
2.364000000000000000e+03,5.604551436739982506e+01,5.313482392081731120e+00,8.304523584924757354e-03,-2.237043624863015907e+02,1.338623973034390735e-01,0.000000000000000000e+00,9.406752607281761769e+00,1.000000000000000000e+00
2.364000000000000000e+03,1.281192971795235565e+02,1.089293861368101446e+01,-3.885683464056114735e-03,1.091777055959825447e+02,2.902827114061485858e-01,0.000000000000000000e+00,8.878426858558363222e+00,1.000000000000000000e+00
2.364000000000000000e+03,3.160083473358906403e+01,1.987328545847602612e+01,-6.819084978386677660e-03,1.852050475146664326e+02,9.191656183857643825e-02,0.000000000000000000e+00,9.355772908099901031e+00,1.000000000000000000e+00
2.364000000000000000e+03,1.186619103831158242e+02,5.005363257708673785e+01,-7.009455419428253786e-03,1.901390323583953830e+02,7.353711552754937930e-02,0.000000000000000000e+00,7.449474009643829220e+00,1.000000000000000000e+00
2.365000000000000000e+03,9.721135438491288028e+01,2.047291260456934836e+01,2.744707473394308438e-03,-7.960610711576202903e+01,3.668017556960710968e-01,0.000000000000000000e+00,4.598893762450359191e+00,1.000000000000000000e+00
2.366000000000000000e+03,8.134298072524043732e+01,3.366951593706675538e+01,3.411572221483660794e-02,-8.926740940353789711e+02,9.822883322277320417e-03,0.000000000000000000e+00,8.867403047469132105e+00,1.000000000000000000e+00
2.366000000000000000e+03,6.542209983583005339e+01,6.066237045222644397e+00,-8.681054537917952049e-03,2.334632200331909644e+02,6.054403594773904995e-02,0.000000000000000000e+00,9.406752607281761769e+00,1.000000000000000000e+00
2.366000000000000000e+03,1.361686616366056910e+02,7.146714471984022765e+00,-8.686153937586553811e-03,2.335953853028585456e+02,3.946004379890599711e-02,0.000000000000000000e+00,8.878426858558363222e+00,1.000000000000000000e+00
2.366000000000000000e+03,4.913544696926618371e+01,2.776408314751937212e+01,-2.669546621695136068e-02,7.003573119244475720e+02,6.251383473636851207e-03,0.000000000000000000e+00,9.031757241181159301e+00,1.000000000000000000e+00
2.366000000000000000e+03,1.257082409666987388e+01,3.046040264206950354e+01,-3.545151804716426599e-03,1.003518708876154619e+02,1.963065493823952234e-01,0.000000000000000000e+00,1.385171696634272820e+01,1.000000000000000000e+00
2.366000000000000000e+03,5.081595570237567472e+01,4.892046919118231330e+01,-2.046137718550281037e-02,5.387833793993532936e+02,3.008401787562242635e-02,0.000000000000000000e+00,4.902254958694856057e+00,1.000000000000000000e+00
2.367000000000000000e+03,1.442227348465930277e+02,1.385928847235426709e+01,5.350934521552603955e-03,-1.471538035153365342e+02,1.312123928451718324e-01,0.000000000000000000e+00,1.048459560413668612e+01,1.000000000000000000e+00
2.367000000000000000e+03,5.730742061096663065e+01,4.071934450277692008e+01,-2.696698571415251378e-02,7.073945025546611305e+02,9.798043975256820470e-02,0.000000000000000000e+00,3.953936587553066762e+00,1.000000000000000000e+00
2.367000000000000000e+03,1.184111940665461731e+02,4.260837876348409736e+01,7.739016147794417801e-03,-2.090476484053181139e+02,2.194806015901094032e-01,0.000000000000000000e+00,5.981422446624081068e+00,1.000000000000000000e+00
2.367000000000000000e+03,1.039049754228778255e+02,3.287931106789461921e+01,-9.313614133349778709e-03,2.498577791860708430e+02,1.702184340306239774e-01,0.000000000000000000e+00,1.114336657579519319e+01,1.000000000000000000e+00
2.368000000000000000e+03,9.450482458800131269e+00,4.515523016659564348e+01,-7.970821978199567684e-03,2.150555477811315939e+02,9.611574108597009669e-02,0.000000000000000000e+00,3.625944211201304945e+00,1.000000000000000000e+00
2.368000000000000000e+03,3.589539979953583781e+01,5.258650438592433574e+01,-2.434927063123382834e-02,6.395490614575281825e+02,4.069598198945689749e-02,0.000000000000000000e+00,1.046893841549460191e+01,1.000000000000000000e+00
2.368000000000000000e+03,8.806268388330965990e+01,1.020685156228037904e+01,4.797883750228024852e-03,-1.328199389269147730e+02,3.527180866554529004e-01,0.000000000000000000e+00,3.220300262225255672e+00,1.000000000000000000e+00
2.368000000000000000e+03,9.054795017205634622e+01,1.225472491112481421e+01,-5.285505231640501289e-03,1.454580196373564434e+02,2.473627734162496816e-01,0.000000000000000000e+00,3.220300262225255672e+00,1.000000000000000000e+00
2.369000000000000000e+03,1.016933929315353851e+02,2.150303604615042730e+01,-4.824433274818318643e-03,1.335080444501252259e+02,1.373145203826362515e-01,0.000000000000000000e+00,4.598893762450359191e+00,1.000000000000000000e+00
2.369000000000000000e+03,7.371004261061665375e+01,1.119455396817459736e+01,4.105311760757368068e-03,-1.148699899719026831e+02,3.706919670288738589e-01,0.000000000000000000e+00,7.767851107397499177e+00,1.000000000000000000e+00
2.370000000000000000e+03,1.051635874041150061e+02,4.395137115277655226e+01,-7.679269990369063520e-03,2.074991588730416368e+02,4.867483999779309567e-02,0.000000000000000000e+00,1.114336657579519319e+01,1.000000000000000000e+00
2.370000000000000000e+03,7.734912340817902532e+01,2.575244952726445646e+01,2.424478004043078248e-03,-7.130646070190901753e+01,4.207744960952622959e-01,0.000000000000000000e+00,8.867403047469132105e+00,1.000000000000000000e+00
2.371000000000000000e+03,1.359251527212558415e+02,2.428626996651466285e+01,-7.562629911265726472e-03,2.044761035115135428e+02,1.482377309387393760e-01,0.000000000000000000e+00,6.946032246646910657e+00,1.000000000000000000e+00
2.371000000000000000e+03,3.106638479337787473e+01,1.290389252809053744e+01,3.342128568614518517e-03,-9.508995331064851086e+01,2.857188783809987420e-01,0.000000000000000000e+00,6.172611207786149912e+00,1.000000000000000000e+00
2.371000000000000000e+03,4.611088469671251033e+01,5.029684505253564453e+01,-7.245072101601535315e-03,1.962457006647359776e+02,1.968482550290114874e-01,0.000000000000000000e+00,4.902254958694856057e+00,1.000000000000000000e+00
2.372000000000000000e+03,1.224464043167604785e+02,4.702363557612181921e+01,-2.958144924806314913e-02,7.751556706237095113e+02,9.084725680519101232e-03,0.000000000000000000e+00,5.981422446624081068e+00,1.000000000000000000e+00
2.372000000000000000e+03,4.547904892691710899e+01,1.825053097195710805e+01,5.712040089971156219e-03,-1.565128688818665808e+02,1.317949592666143310e-01,0.000000000000000000e+00,3.584315970268900919e+00,1.000000000000000000e+00
2.372000000000000000e+03,8.496205818947504440e+01,7.123946269643796292e+00,-3.332351988784045850e-03,9.483656577609673377e+01,4.094763632500225681e-01,0.000000000000000000e+00,4.372434646353681842e+00,1.000000000000000000e+00
2.373000000000000000e+03,1.344762338079207886e+01,9.800439937329581852e+00,-7.757871721695180564e-03,2.095363435795119926e+02,5.778226546991349633e-02,0.000000000000000000e+00,7.580420790284359001e+00,1.000000000000000000e+00
2.373000000000000000e+03,5.824959025562876924e+00,4.509999197517154812e+01,3.516820351325282163e-03,-9.961758167302993172e+01,2.092025013524690946e-01,0.000000000000000000e+00,3.625944211201304945e+00,1.000000000000000000e+00
2.373000000000000000e+03,5.741542597351387656e+01,4.734678727518194563e+01,-3.639191418593492287e-03,1.027891716946153764e+02,2.880456266158427647e-01,0.000000000000000000e+00,6.076825448668490282e+00,1.000000000000000000e+00
2.374000000000000000e+03,1.184501443018203588e+02,1.533177739444438004e+01,3.879836207023779418e-03,-1.090261575015563267e+02,2.188202900336774226e-01,0.000000000000000000e+00,7.749109554806284272e+00,1.000000000000000000e+00
2.374000000000000000e+03,2.891272280105792447e+01,1.868860247287805976e+01,-7.570427157028035772e-03,2.046781910425586375e+02,2.046234716782997509e-01,0.000000000000000000e+00,6.172611207786149912e+00,1.000000000000000000e+00
2.374000000000000000e+03,1.263904749578702678e+02,3.511704808250891574e+01,-8.414484603252201517e-03,2.265543112223562900e+02,3.906829754836615987e-02,0.000000000000000000e+00,1.027497370923838815e+01,1.000000000000000000e+00
2.374000000000000000e+03,6.562967362708256758e+01,5.865013367990214554e+00,6.565463929764345924e-03,-1.786317454667926370e+02,1.847529447472960884e-01,0.000000000000000000e+00,9.679688317248308138e+00,1.000000000000000000e+00
2.375000000000000000e+03,4.550742756124802924e+01,2.752451595346352775e+01,-3.824104483043893558e-03,1.075817132909575236e+02,3.834566122351812378e-01,0.000000000000000000e+00,3.560036473294624582e+00,1.000000000000000000e+00
2.375000000000000000e+03,6.038383511592507347e+01,5.322885452112677740e+01,-8.665876545469670608e-03,2.330698397148583751e+02,6.158336834222588596e-02,0.000000000000000000e+00,6.588639307365929731e+00,1.000000000000000000e+00
2.376000000000000000e+03,1.166812320318747425e+02,3.175465510584096762e+01,-7.945143681673096439e-03,2.143900225809944686e+02,4.580293025446802169e-02,0.000000000000000000e+00,8.467108084955054181e+00,1.000000000000000000e+00
2.376000000000000000e+03,1.431460831344677445e+02,4.303935328510476666e+01,-7.023917291079075087e-03,1.905138523942512734e+02,1.923823458526441321e-01,0.000000000000000000e+00,6.062343954739967344e+00,1.000000000000000000e+00
2.376000000000000000e+03,1.340022084334175361e+02,4.529202067942607712e+00,-1.876156446426548996e-01,4.871055856606491034e+03,9.939789103480922705e-03,0.000000000000000000e+00,1.297689497778433498e+01,1.000000000000000000e+00
2.376000000000000000e+03,7.816920296319244699e+01,1.649034113092243814e+01,-4.012589208601692777e-03,1.124668245198246694e+02,1.750317305166531057e-01,0.000000000000000000e+00,9.587271981795897347e+00,1.000000000000000000e+00
2.376000000000000000e+03,1.360619745970660404e+02,1.734158539874929161e+01,-6.998736449230862772e-03,1.898612201297481761e+02,1.091899835794093443e-01,0.000000000000000000e+00,6.946032246646910657e+00,1.000000000000000000e+00
2.376000000000000000e+03,6.932177255498133661e+01,2.018341021026417437e+01,-7.932174407638402369e-03,2.140538874059576244e+02,1.282112169432665372e-01,0.000000000000000000e+00,9.587271981795897347e+00,1.000000000000000000e+00
2.376000000000000000e+03,4.699038337846999980e+01,3.076098034155055672e+01,4.676949080309389904e-03,-1.296855771783405942e+02,2.036486646578868909e-01,0.000000000000000000e+00,3.560036473294624582e+00,1.000000000000000000e+00
2.376000000000000000e+03,5.139890030290926148e+01,4.649283974251926566e+01,2.827993789950168212e-03,-8.176470601025573615e+01,2.573942623312498457e-01,0.000000000000000000e+00,6.076825448668490282e+00,1.000000000000000000e+00
2.377000000000000000e+03,1.112440340282641813e+02,1.248209783039894916e+01,3.274927531360905756e-03,-9.334824962241795276e+01,2.477397336119242510e-01,0.000000000000000000e+00,7.749109554806284272e+00,1.000000000000000000e+00
2.377000000000000000e+03,5.924952024186364952e+01,2.170641609249758375e+01,-3.190027275783306054e-02,8.352544968379557986e+02,2.584217843255731673e-02,0.000000000000000000e+00,7.312422112258534668e+00,1.000000000000000000e+00
2.377000000000000000e+03,6.929138436286090830e+00,5.931055827936446256e+00,-1.651309223566149861e-03,5.126761946350254817e+01,4.299760795293989801e-01,0.000000000000000000e+00,7.580420790284359001e+00,1.000000000000000000e+00
2.377000000000000000e+03,7.203840442053824233e+01,3.572178872063904009e+01,2.744048920653548856e-03,-7.958903887121773835e+01,3.271402253159721996e-01,0.000000000000000000e+00,4.754636256849078535e+00,1.000000000000000000e+00
2.378000000000000000e+03,7.916391846644769359e+00,4.968370289625963920e+01,-2.793037127981983295e-02,7.323633462137021297e+02,1.469483354593914548e-02,0.000000000000000000e+00,5.038302993389818241e+00,1.000000000000000000e+00
2.378000000000000000e+03,3.307301834672346530e+01,2.693951915674314890e+01,-7.215181288522762304e-03,1.954709962626739355e+02,5.662394487868682713e-02,0.000000000000000000e+00,9.240437497833520197e+00,1.000000000000000000e+00
2.378000000000000000e+03,1.208685944989903618e+02,4.669117313908895994e+01,3.268927000706577188e-03,-9.319272901144073273e+01,1.539838264221131681e-01,0.000000000000000000e+00,1.273651634607601579e+01,1.000000000000000000e+00
2.379000000000000000e+03,5.108794010522173323e+01,1.396802684343950851e+01,-1.923991597264247721e-03,5.833494930534818934e+01,4.243346914544372517e-01,0.000000000000000000e+00,1.010304844839299854e+01,1.000000000000000000e+00
2.380000000000000000e+03,2.123090994042152602e+01,1.737115375303020315e+01,-5.500308604257585568e-03,1.510252525495452289e+02,1.444643920452509667e-01,0.000000000000000000e+00,1.522462308254551999e+01,1.000000000000000000e+00
2.380000000000000000e+03,1.265708490972308482e+02,3.530244445100850470e+01,8.389034361600995748e-03,-2.258946967050538603e+02,1.717070284575977768e-01,0.000000000000000000e+00,3.321698767355950377e+00,1.000000000000000000e+00
2.381000000000000000e+03,6.015745312512629539e+01,4.196873210766229789e+01,-7.987148681486770999e-03,2.154787001682688583e+02,5.963631434961724764e-02,0.000000000000000000e+00,9.857981407536589913e+00,1.000000000000000000e+00
2.381000000000000000e+03,7.361584445696684043e+01,4.020712581682433751e+01,3.241845022616015540e-03,-9.249082345979131503e+01,2.094683081437433980e-01,0.000000000000000000e+00,4.754636256849078535e+00,1.000000000000000000e+00
2.381000000000000000e+03,9.798275201286429592e+01,4.180538155621697882e+01,1.814826607615845511e-03,-5.550563188903032596e+01,4.248547576185813801e-01,0.000000000000000000e+00,1.069350915662238855e+01,1.000000000000000000e+00
2.382000000000000000e+03,1.040934744649910613e+02,3.302983546518419899e+01,7.073592651200243109e-03,-1.918013289195123150e+02,8.069701018495556433e-02,0.000000000000000000e+00,7.094264739843334056e+00,1.000000000000000000e+00
2.382000000000000000e+03,6.200999909684716016e+01,7.101909650946486074e+00,3.213884574517757772e-03,-9.176614988974614562e+01,1.828259746419490517e-01,0.000000000000000000e+00,9.859489663587169161e+00,1.000000000000000000e+00
2.382000000000000000e+03,1.304349599150640415e+02,3.411290648507669943e+01,-4.871229567677096660e-03,1.347209018582639430e+02,4.343824909744669061e-01,0.000000000000000000e+00,4.043062327603753836e+00,1.000000000000000000e+00
2.383000000000000000e+03,9.073232036440529669e+01,5.176275590611550115e+01,-6.095533608055813367e-03,1.664521808651001322e+02,1.906421948026840729e-01,0.000000000000000000e+00,1.061662444585851617e+01,1.000000000000000000e+00
2.384000000000000000e+03,1.071463059892883365e+02,1.921834403946331449e+01,-8.796876000220669317e-03,2.364650586403480759e+02,3.840710467771613068e-02,0.000000000000000000e+00,8.913964044881328874e+00,1.000000000000000000e+00
2.384000000000000000e+03,3.080199073416376265e+01,2.973618421488653496e+01,-9.238432956392820389e-03,2.479092477564550165e+02,3.378247126769839959e-02,0.000000000000000000e+00,7.847158611608746170e+00,1.000000000000000000e+00
2.384000000000000000e+03,6.053682345657753672e+01,1.754436454604077511e+01,-6.761734611412825897e-03,1.837186516231452345e+02,4.990286539288918410e-01,0.000000000000000000e+00,9.035229949473238875e+00,1.000000000000000000e+00
2.384000000000000000e+03,7.650260980094513741e+01,1.676138441217187491e+01,4.871079261449219426e-03,-1.347170062500686640e+02,1.307456487438102277e-01,0.000000000000000000e+00,8.031780293467278398e+00,1.000000000000000000e+00
2.384000000000000000e+03,1.114655141120630475e+02,2.701598446369384376e+01,4.824294631011910930e-03,-1.335044511063489949e+02,1.588156987085697081e-01,0.000000000000000000e+00,8.913964044881328874e+00,1.000000000000000000e+00
2.384000000000000000e+03,1.090134795569124293e+02,3.814081796314408024e+01,-3.518028281059866220e-03,9.964888856589689681e+01,3.610398600435003047e-01,0.000000000000000000e+00,7.094264739843334056e+00,1.000000000000000000e+00
2.385000000000000000e+03,1.379990857297679554e+02,1.396362476631347427e+01,-3.673967016347523540e-02,9.606810773594822876e+02,1.056857138953892772e-02,0.000000000000000000e+00,1.934019685678750022e+01,1.000000000000000000e+00
2.385000000000000000e+03,1.493627886717949416e+01,3.200138748951533074e+01,-7.538040394521775683e-03,2.038387970984723268e+02,1.231035027097250323e-01,0.000000000000000000e+00,1.592689924412193037e+01,1.000000000000000000e+00
2.385000000000000000e+03,4.603801985198222724e+01,3.080839424789941106e+01,4.435758436133196113e-03,-1.234344439861100682e+02,1.689383171021895391e-01,0.000000000000000000e+00,1.527371001537954953e+01,1.000000000000000000e+00
2.385000000000000000e+03,7.633163073865424053e+01,2.544023028007947573e+01,-3.481338100160607293e-03,9.869795944328652126e+01,3.272232174965761242e-01,0.000000000000000000e+00,8.680529905405471425e+00,1.000000000000000000e+00
2.386000000000000000e+03,6.890858628966255139e+01,1.414598738827347368e+01,-7.812844065051147840e-03,2.109611063076887376e+02,1.036379619253365858e-01,0.000000000000000000e+00,8.031780293467278398e+00,1.000000000000000000e+00
2.386000000000000000e+03,1.165655423001242923e+02,3.504441499861942333e+01,-6.993775734481291577e-03,1.897326492694059539e+02,8.462609578356872220e-02,0.000000000000000000e+00,8.162191065891914121e+00,1.000000000000000000e+00
2.386000000000000000e+03,9.839637127556675011e+01,2.398602703365390099e+01,1.651481723417893297e-03,-5.127209028181545847e+01,4.713193127955955797e-01,0.000000000000000000e+00,9.964545078802352407e+00,1.000000000000000000e+00
2.388000000000000000e+03,4.265313685177917336e+01,4.871565832712421695e+01,-7.398609663723763885e-03,2.002250579657400920e+02,4.201011884834682242e-02,0.000000000000000000e+00,5.847817462667156185e+00,1.000000000000000000e+00
2.388000000000000000e+03,1.212754920231660378e+02,2.367777053399669285e+01,-2.727407232291152381e-02,7.153535148101308323e+02,1.095454731816236649e-02,0.000000000000000000e+00,1.036240024592529885e+01,1.000000000000000000e+00
2.388000000000000000e+03,7.591242116977187493e+01,3.508747955709080912e+01,-3.614964847814874233e-02,9.453890076613479323e+02,4.930936827578802362e-02,0.000000000000000000e+00,7.283842233413594158e+00,1.000000000000000000e+00
2.388000000000000000e+03,3.093620752615455771e+01,2.189017350061313394e+01,-3.663627999912868680e-03,1.034225143564418659e+02,2.476990958006771715e-01,0.000000000000000000e+00,7.847158611608746170e+00,1.000000000000000000e+00
2.390000000000000000e+03,9.735188398820943689e+01,9.266630044170240055e+00,-6.907753499384261531e-02,1.798807700792277501e+03,1.434706613473424319e-02,0.000000000000000000e+00,1.316425511977030638e+01,1.000000000000000000e+00
2.390000000000000000e+03,3.813827754789401325e+01,1.355456024344104904e+01,5.704011667627328572e-03,-1.563047897601984744e+02,3.202359957747686892e-01,0.000000000000000000e+00,1.101600022563458303e+01,1.000000000000000000e+00
2.390000000000000000e+03,6.923778311126528706e+01,3.800356674186340200e+01,-6.273993247468294399e-02,1.634550925402010535e+03,7.429530185135480025e-03,0.000000000000000000e+00,7.283842233413594158e+00,1.000000000000000000e+00
2.390000000000000000e+03,1.376658809201117037e+02,3.837074229343730281e+01,-3.966743961721267732e-03,1.112786161402704721e+02,3.072280853557401992e-01,0.000000000000000000e+00,3.805835723828889350e+00,1.000000000000000000e+00
2.391000000000000000e+03,1.923468138583694298e+01,2.257784646812248042e+01,-7.410315881620424018e-03,2.005284574922815750e+02,5.574770855860622376e-02,0.000000000000000000e+00,1.172171523808608740e+01,1.000000000000000000e+00
2.391000000000000000e+03,8.735414625479559447e+01,5.033130685177687269e+01,2.939841756654000635e-03,-8.466356031504817281e+01,2.465687750612869378e-01,0.000000000000000000e+00,1.592652857629973084e+01,1.000000000000000000e+00
2.392000000000000000e+03,1.365811245071126052e+02,3.420651067384989119e+01,4.085019083937464247e-03,-1.143440482378798606e+02,2.448004695353225291e-01,0.000000000000000000e+00,4.303198979493542353e+00,1.000000000000000000e+00
2.392000000000000000e+03,8.220917470818356776e+00,5.860659180905008370e+00,-4.865039329771551901e-03,1.345604644508706258e+02,1.661484525114924615e-01,0.000000000000000000e+00,1.279111183308390487e+01,1.000000000000000000e+00
2.392000000000000000e+03,5.968942036716841670e+01,2.030942134777864538e+01,5.624059359165339660e-03,-1.542326010526751077e+02,3.546721925425415645e-01,0.000000000000000000e+00,3.446188276702084607e+00,1.000000000000000000e+00
2.392000000000000000e+03,3.686104689021120606e+01,4.791026218001491088e+01,-1.949163854046247419e-03,5.898735906373980242e+01,4.606975421844528018e-01,0.000000000000000000e+00,5.087912689899861896e+00,1.000000000000000000e+00
2.392000000000000000e+03,5.144330949393494734e+01,5.022387793222574714e+01,2.249352667115335231e-03,-6.676759556388213923e+01,3.362710179345455019e-01,0.000000000000000000e+00,8.918624415015829143e+00,1.000000000000000000e+00
2.393000000000000000e+03,5.236714176357499184e+01,1.015454414671089900e+01,-4.657127609947924254e-03,1.291718480835882588e+02,1.162807379494819049e-01,0.000000000000000000e+00,1.012407585068715932e+01,1.000000000000000000e+00
2.393000000000000000e+03,1.083603129711156043e+02,1.648550143703424098e+01,-7.664040371250791829e-03,2.071044405045061012e+02,6.265189968112305774e-02,0.000000000000000000e+00,1.316425511977030638e+01,1.000000000000000000e+00
2.393000000000000000e+03,1.017260057523542685e+02,3.574114232262439828e+01,3.364909306120350985e-03,-9.568038012779391011e+01,1.927689137421415566e-01,0.000000000000000000e+00,7.569149492090664566e+00,1.000000000000000000e+00
2.393000000000000000e+03,1.031418497748921226e+02,5.242957519811001532e+01,-1.023028213609215517e-02,2.736158059444078390e+02,1.155847225561111857e-01,0.000000000000000000e+00,1.454561315643216624e+01,1.000000000000000000e+00
2.393000000000000000e+03,7.469476455845404317e+00,4.992423751965178980e+01,-3.010177171760668787e-03,8.648650021167790669e+01,2.709395582317046802e-01,0.000000000000000000e+00,2.283733706946341258e+01,1.000000000000000000e+00
2.394000000000000000e+03,5.630559999888708944e+01,2.096208768955161261e+01,-6.326997347736259929e-03,1.724512139986459545e+02,2.213127740842809610e-01,0.000000000000000000e+00,3.446188276702084607e+00,1.000000000000000000e+00
2.394000000000000000e+03,1.383066633975780348e+02,2.391856987871504359e+01,4.498799324543832287e-03,-1.250683257287350045e+02,3.669193471625386005e-01,0.000000000000000000e+00,5.311612763227853584e+00,1.000000000000000000e+00
2.395000000000000000e+03,6.564451520031776965e+01,2.507897147978161101e+01,-1.187529841432100573e-02,3.162510246267869434e+02,2.063551804539009993e-02,0.000000000000000000e+00,7.629663356498216586e+00,1.000000000000000000e+00
2.395000000000000000e+03,8.319697044397187824e+01,2.098722633212777922e+01,-2.835548852699057779e-02,7.433814540820877710e+02,1.211630316281653297e-02,0.000000000000000000e+00,1.188920715808569639e+01,1.000000000000000000e+00
2.395000000000000000e+03,1.300253473389564931e+02,1.781103653545643439e+01,-5.692199940645462780e-03,1.559986556692759052e+02,2.587450229679374436e-01,0.000000000000000000e+00,1.028990569450462544e+01,1.000000000000000000e+00
2.395000000000000000e+03,1.231270832465133367e+02,3.205575960320044260e+01,-2.128977789055251993e-02,5.602537111424887826e+02,8.709044327148585118e-03,0.000000000000000000e+00,1.237669674060425251e+01,1.000000000000000000e+00
2.395000000000000000e+03,1.085855149384373419e+02,3.894101071986487028e+01,3.008798486515152412e-03,-8.645076770999101257e+01,2.481589864535044265e-01,0.000000000000000000e+00,4.664969623198002679e+00,1.000000000000000000e+00
2.397000000000000000e+03,2.099671161172264533e+01,5.234858896713023846e+00,-6.938734783262572210e-03,1.883061083757055769e+02,6.770756248914311382e-02,0.000000000000000000e+00,1.279111183308390487e+01,1.000000000000000000e+00
2.397000000000000000e+03,4.568099691097839354e+01,4.257080774198449546e+01,-7.982684761383565877e-03,2.153630051369797229e+02,8.766044975489084567e-02,0.000000000000000000e+00,7.121148645212660000e+00,1.000000000000000000e+00
2.397000000000000000e+03,1.347826632131265683e+02,2.789281859343724435e+01,3.033329048188927648e-03,-8.708654613674862333e+01,4.192998750078322789e-01,0.000000000000000000e+00,5.311612763227853584e+00,1.000000000000000000e+00
2.398000000000000000e+03,2.741317294095326673e+01,3.238043119205669740e+01,-4.874775030455752445e-02,1.271904212076301064e+03,1.082541306412809767e-02,0.000000000000000000e+00,3.753271643108629263e+00,1.000000000000000000e+00
2.398000000000000000e+03,8.771092941524405262e+01,4.524529767871001695e+01,-4.831093079779497958e-03,1.336806520070593081e+02,2.385039409474390970e-01,0.000000000000000000e+00,1.318532890225423060e+01,1.000000000000000000e+00
2.399000000000000000e+03,1.094455209143704337e+02,4.352602231273129263e+01,-4.322093096484970129e-03,1.204884873553788935e+02,1.114573222362121863e-01,0.000000000000000000e+00,4.664969623198002679e+00,1.000000000000000000e+00
2.399000000000000000e+03,9.629478150543617687e+01,7.726525447509305700e+00,-1.507409255386249133e-02,3.991567620740190705e+02,2.758661405438468384e-01,0.000000000000000000e+00,1.017885568537004737e+01,1.000000000000000000e+00
2.399000000000000000e+03,1.179810390344738238e+02,1.518731064273991649e+01,-1.127641284954040007e-01,2.931068513088114287e+03,8.323726055908253763e-03,0.000000000000000000e+00,1.232677168173164794e+01,1.000000000000000000e+00
2.399000000000000000e+03,5.678863262372023968e+01,4.045193668105088847e+01,7.358547610582764041e-03,-1.991867373003843227e+02,9.137338543822304260e-02,0.000000000000000000e+00,4.065607436780918071e+00,1.000000000000000000e+00
2.400000000000000000e+03,8.752341114705377834e+01,3.206130226154926532e+01,2.462065555268941764e-03,-7.228064769778193011e+01,2.013634810900931660e-01,0.000000000000000000e+00,1.165556988876558187e+01,1.000000000000000000e+00
2.400000000000000000e+03,6.372799415546165136e+01,5.032523165665546827e+01,-4.008517490384580668e-03,1.123612945023427159e+02,2.614545850096533508e-01,0.000000000000000000e+00,8.305030348806525353e+00,1.000000000000000000e+00
2.401000000000000000e+03,7.880172530983581680e+01,5.993070434143524139e+00,-3.560641344657981822e-02,9.313095455469627950e+02,1.237440289734836885e-02,0.000000000000000000e+00,1.012871249947182761e+01,1.000000000000000000e+00
2.401000000000000000e+03,4.139546962310402023e+01,5.019045244770040171e+01,-2.828003192603194965e-02,7.414257842656382991e+02,1.304581390190950874e-02,0.000000000000000000e+00,8.742123859592719981e+00,1.000000000000000000e+00
2.401000000000000000e+03,5.563976299408169268e+01,5.221044935620096794e+01,-6.987951480438165872e-03,1.895816973620742090e+02,9.849288192755778493e-02,0.000000000000000000e+00,8.305030348806525353e+00,1.000000000000000000e+00
2.401000000000000000e+03,2.297292880746851651e+01,5.262317335395602669e+01,-7.168424589525695251e-03,1.942591650407042323e+02,1.151450702885934430e-01,0.000000000000000000e+00,1.394794405013479022e+01,1.000000000000000000e+00
2.402000000000000000e+03,6.547673554762513959e+01,4.027567213265793100e+01,-8.254487172268896653e-03,2.224075282701920457e+02,5.603117222099474048e-02,0.000000000000000000e+00,8.689890770739586046e+00,1.000000000000000000e+00
2.403000000000000000e+03,1.054369247076913467e+02,1.568560208893595842e+01,-8.977918358574310531e-03,2.411572800130701637e+02,3.232169808876261818e-02,0.000000000000000000e+00,8.083951838039348914e+00,1.000000000000000000e+00
2.403000000000000000e+03,7.010185899045544033e+01,2.460208492132985825e+01,-6.291263456059988102e-02,1.639026985181734517e+03,8.050770859764133647e-03,0.000000000000000000e+00,9.947044506629833194e+00,1.000000000000000000e+00
2.403000000000000000e+03,9.708534199033914547e+01,1.787463449221808531e+01,-2.933159011486613597e-03,8.449035819821750692e+01,3.626648025810634834e-01,0.000000000000000000e+00,8.633701219488377987e+00,1.000000000000000000e+00
2.403000000000000000e+03,6.097450675788319785e+01,2.855621385694048442e+01,6.434918483717412020e-03,-1.752482934524500422e+02,2.932783740516474724e-01,0.000000000000000000e+00,9.947044506629833194e+00,1.000000000000000000e+00
2.404000000000000000e+03,3.328983957458667930e+01,1.340537081206896275e+01,4.613608051282964799e-03,-1.280439164483834702e+02,2.442814355626000689e-01,0.000000000000000000e+00,9.328888949467085467e+00,1.000000000000000000e+00
2.405000000000000000e+03,5.308123283041451401e+01,3.891638255200530239e+01,4.445569604801987915e-03,-1.236887279875875691e+02,1.193787423714282037e-01,0.000000000000000000e+00,1.243768336224185234e+01,1.000000000000000000e+00
2.405000000000000000e+03,9.006254068162404280e+01,1.100854169069079802e+01,-7.561707194581503665e-03,2.044521887161802738e+02,2.029572754493697007e-01,0.000000000000000000e+00,6.109612281786435339e+00,1.000000000000000000e+00
2.405000000000000000e+03,8.461086375537055915e+01,2.077549803131834238e+01,7.675236168218524391e-03,-2.073946110385975885e+02,2.468201004047763103e-01,0.000000000000000000e+00,1.118544668164705946e+01,1.000000000000000000e+00
2.406000000000000000e+03,9.241241015643595347e+01,5.368907333296442097e+00,-8.142290693146441230e-03,2.194996412868916877e+02,1.808907042877813121e-01,0.000000000000000000e+00,6.109612281786435339e+00,1.000000000000000000e+00
2.406000000000000000e+03,6.868079935538115421e+01,6.390153198064131956e+00,-6.863390627756494819e-03,1.863533528990853654e+02,9.172802606680263704e-02,0.000000000000000000e+00,1.012871249947182761e+01,1.000000000000000000e+00
2.406000000000000000e+03,1.227707299892392001e+02,1.578697440235508154e+01,2.513285695329951254e-03,-7.360816153539236950e+01,2.693030004301021352e-01,0.000000000000000000e+00,6.671371498336282180e+00,1.000000000000000000e+00
2.406000000000000000e+03,1.264603543522033391e+02,4.794257279138533789e+01,2.658086409640420152e-03,-7.736107887833716745e+01,3.188627379977579945e-01,0.000000000000000000e+00,1.324914694625816303e+01,1.000000000000000000e+00
2.406000000000000000e+03,5.726236691241996368e+01,1.301019199168528218e+01,4.987929003911231035e-03,-1.377454956266062709e+02,2.222342264196562889e-01,0.000000000000000000e+00,8.487786527507427792e+00,1.000000000000000000e+00
2.407000000000000000e+03,1.155159729991024875e+02,1.156843383995891017e+01,-5.967961529236382075e-03,1.631457920164206143e+02,1.023963008170362121e-01,0.000000000000000000e+00,4.146506856278673325e+00,1.000000000000000000e+00
2.407000000000000000e+03,1.137956837786675912e+01,2.213133565159268912e+01,3.276802734009905908e-03,-9.339685076762971505e+01,3.061209744232578078e-01,0.000000000000000000e+00,6.373153439221272087e+00,1.000000000000000000e+00
2.408000000000000000e+03,2.522742017634966771e+01,3.852267952484992719e+01,4.847164138238709702e-03,-1.340971786402203634e+02,2.095873501116654047e-01,0.000000000000000000e+00,1.027195463601708703e+01,1.000000000000000000e+00
2.408000000000000000e+03,7.907340704270994536e+01,4.190928703486334683e+01,-7.465935559399120708e-03,2.019699977107719349e+02,1.197180934776422845e-01,0.000000000000000000e+00,7.106236137677401921e+00,1.000000000000000000e+00
2.408000000000000000e+03,1.082753463923109791e+02,2.325485830470913129e+01,-4.128870750649830251e-03,1.154805873862228225e+02,3.946656738753197002e-01,0.000000000000000000e+00,6.448125411123231565e+00,1.000000000000000000e+00
2.408000000000000000e+03,8.608725638090430721e+01,4.076713577275190659e+01,-6.602633740929579088e-03,1.795951055553132960e+02,1.529034144184538979e-01,0.000000000000000000e+00,7.106236137677401921e+00,1.000000000000000000e+00
2.409000000000000000e+03,1.571582505516473915e+01,2.680187767457531223e+01,3.363869308125955540e-03,-9.565342565779437223e+01,2.745056842351071280e-01,0.000000000000000000e+00,6.373153439221272087e+00,1.000000000000000000e+00
2.409000000000000000e+03,7.977743743030337953e+01,3.230083513967225173e+01,2.925615927923069879e-03,-8.429485799464661966e+01,1.788806202032052761e-01,0.000000000000000000e+00,9.634210222371956789e+00,1.000000000000000000e+00
2.409000000000000000e+03,1.308286877337013721e+02,1.924337791108732532e+01,2.986759905319041810e-03,-8.587957595877186634e+01,3.161715459681988527e-01,0.000000000000000000e+00,6.474594704513553012e+00,1.000000000000000000e+00
2.410000000000000000e+03,6.503562682876116696e+01,4.234981109381031672e+01,-7.659471455875232690e-03,2.069860242257395839e+02,7.235201260590606864e-02,0.000000000000000000e+00,8.552973970656006841e+00,1.000000000000000000e+00
2.410000000000000000e+03,1.001508655335294122e+02,2.450836143337208384e+01,3.202224676989329655e-03,-9.146395088568893073e+01,2.104306785335184893e-01,0.000000000000000000e+00,8.220611857901811703e+00,1.000000000000000000e+00
2.411000000000000000e+03,1.193727938493308756e+02,1.004578744686246239e+01,3.944089490266508395e-03,-1.106914618625952897e+02,2.718634331408478211e-01,0.000000000000000000e+00,3.917583186847952259e+00,1.000000000000000000e+00
2.411000000000000000e+03,2.064452421399649040e+01,1.152817439476229922e+01,-1.924863798673381301e-03,5.835755485539997522e+01,4.136397115478820385e-01,0.000000000000000000e+00,1.120165982924241099e+01,1.000000000000000000e+00
2.411000000000000000e+03,6.421879325138905870e+01,1.787338566735085621e+01,-4.208807314199169460e-03,1.175523680200980152e+02,2.418717613730362315e-01,0.000000000000000000e+00,5.025313118053799322e+00,1.000000000000000000e+00
2.411000000000000000e+03,6.486001215623974758e+01,3.021850377071681137e+01,-8.129596044103326244e-03,2.191706237900970677e+02,4.312608735414213967e-02,0.000000000000000000e+00,1.174383001527689352e+01,1.000000000000000000e+00
2.412000000000000000e+03,4.279550162475771202e+01,3.634222666060748708e+01,-8.079251566393061759e-03,2.178658052025641041e+02,9.057907304388368441e-02,0.000000000000000000e+00,8.736764185455765386e+00,1.000000000000000000e+00
2.412000000000000000e+03,5.858948665536634337e+01,2.026161249358555239e+01,-4.458042365827833906e-03,1.240119946329988494e+02,2.593304275349451737e-01,0.000000000000000000e+00,6.114958718223034495e+00,1.000000000000000000e+00
2.412000000000000000e+03,3.979090671674765645e+01,2.120873617086264673e+01,4.192883899675475291e-03,-1.171396679943457997e+02,2.022986210719768252e-01,0.000000000000000000e+00,7.152101668856408523e+00,1.000000000000000000e+00
2.412000000000000000e+03,1.409678817504111414e+01,5.125006145571934724e+01,4.538763186062299594e-03,-1.261041014823139790e+02,2.000868790661750607e-01,0.000000000000000000e+00,6.729362501038915312e+00,1.000000000000000000e+00
2.412000000000000000e+03,2.290229794479459713e+01,5.251408579505693552e+01,3.660466997847022265e-03,-1.033405881067649261e+02,2.016619815791970138e-01,0.000000000000000000e+00,8.895772020216226039e+00,1.000000000000000000e+00
2.413000000000000000e+03,1.271362225923938922e+02,2.456184364548329668e+01,2.736305476470546685e-03,-7.938834575926108528e+01,2.532245496645422200e-01,0.000000000000000000e+00,6.474594704513553012e+00,1.000000000000000000e+00
2.413000000000000000e+03,9.805870066853678679e+00,3.257920623444022823e+01,-7.691649321716106068e-03,2.078200040258270462e+02,4.492326910202393275e-02,0.000000000000000000e+00,8.264689543624346157e+00,1.000000000000000000e+00
2.413000000000000000e+03,3.183582184331702081e+01,1.200988001236269476e+01,-4.002486280500659570e-03,1.122049787529343519e+02,2.133999560695188924e-01,0.000000000000000000e+00,1.074085524780053191e+01,1.000000000000000000e+00
2.413000000000000000e+03,5.652979085410898108e+01,4.145308476151495114e+01,1.726228604818131566e-03,-5.320936572188357871e+01,4.868801725746865205e-01,0.000000000000000000e+00,8.078567872868715583e+00,1.000000000000000000e+00
2.414000000000000000e+03,1.432170374551143937e+02,1.263222112874145253e+01,-2.830832634853047355e-02,7.421591137205997484e+02,1.587385839708588264e-02,0.000000000000000000e+00,1.115082825967719238e+01,1.000000000000000000e+00
2.414000000000000000e+03,6.905231920902475906e+01,1.924844884820673485e+01,3.569713560340633668e-03,-1.009884577932409258e+02,2.673604834601817082e-01,0.000000000000000000e+00,5.025313118053799322e+00,1.000000000000000000e+00
2.414000000000000000e+03,8.632601050750882621e+01,4.108302960229853085e+01,8.424450459012839884e-03,-2.268126043744273090e+02,7.909388038510745123e-02,0.000000000000000000e+00,1.095494175826068428e+01,1.000000000000000000e+00
2.414000000000000000e+03,1.039781452003350211e+02,4.764358638640986499e+01,5.203211893320829756e-03,-1.433251565637218050e+02,1.399302489464673283e-01,0.000000000000000000e+00,1.297165852661273000e+01,1.000000000000000000e+00
2.415000000000000000e+03,1.409745922550540342e+02,3.033071092058876417e+01,3.924697354772659595e-03,-1.101888601871950044e+02,1.184535140144696852e-01,0.000000000000000000e+00,7.823128607497761067e+00,1.000000000000000000e+00
2.415000000000000000e+03,1.145596588788492483e+02,4.014055411922208094e+01,-3.597624185626038633e-03,1.017118400651090155e+02,2.502444325122084035e-01,0.000000000000000000e+00,1.166060708086116726e+01,1.000000000000000000e+00
2.415000000000000000e+03,1.377572064738846507e+02,5.281486552457984374e+01,-3.765270296636528957e-03,1.060568600498828715e+02,2.487741437829223967e-01,0.000000000000000000e+00,2.271318514698112878e+01,1.000000000000000000e+00
2.416000000000000000e+03,4.818663090742030164e+01,2.946714313457811230e+01,-9.427330304651589804e-03,2.528050532619211310e+02,1.718346644149111313e-01,0.000000000000000000e+00,8.207982133090000687e+00,1.000000000000000000e+00
2.416000000000000000e+03,2.398436142729429932e+01,4.308429458318904182e+01,-3.387223767824069226e-02,8.863635081761788115e+02,7.737396975740051808e-03,0.000000000000000000e+00,9.290296390455198505e+00,1.000000000000000000e+00
2.416000000000000000e+03,3.490858795404353998e+01,5.279438011835650002e+01,3.316542986262348280e-03,-9.442683105882782968e+01,1.748258720359375795e-01,0.000000000000000000e+00,8.391132230729882124e+00,1.000000000000000000e+00
2.417000000000000000e+03,1.348806219440241705e+02,2.003797209020848058e+01,1.047343038155231811e-02,-2.799176758739822617e+02,7.258310847276783218e-02,0.000000000000000000e+00,8.968898213613311299e+00,1.000000000000000000e+00
2.417000000000000000e+03,1.071674225280759458e+02,7.884834996018614817e+00,-8.135960161978910560e-03,2.193355677854465284e+02,7.645602849031374326e-02,0.000000000000000000e+00,1.069296144074359489e+01,1.000000000000000000e+00
2.417000000000000000e+03,5.987465929363717265e+01,3.409950644896569116e+01,4.717763541707538887e-03,-1.307433986176440328e+02,2.226623164460190818e-01,0.000000000000000000e+00,8.078567872868715583e+00,1.000000000000000000e+00
2.418000000000000000e+03,5.233549913166690715e+01,9.680908982959241627e+00,-2.562258334234657729e-03,7.487742506596570990e+01,3.658408669400576851e-01,0.000000000000000000e+00,1.130323645963733270e+01,1.000000000000000000e+00
2.418000000000000000e+03,4.625896825170292459e+01,3.744555697336068789e+01,-2.680663293011074574e-02,7.032385096295880658e+02,1.004261977922638049e-02,0.000000000000000000e+00,8.207982133090000687e+00,1.000000000000000000e+00
2.418000000000000000e+03,4.288065435715721208e+01,5.017574356893997134e+01,-3.238803917675033787e-03,9.241200468096779730e+01,2.395712014730789763e-01,0.000000000000000000e+00,8.391132230729882124e+00,1.000000000000000000e+00
2.419000000000000000e+03,1.934552770945170508e+01,2.977560418473883530e+01,2.511446437182849462e-03,-7.356049199293686058e+01,3.660128469503970416e-01,0.000000000000000000e+00,9.625223326260336165e+00,1.000000000000000000e+00
2.419000000000000000e+03,9.647651596792375983e+01,8.094456787167066736e+00,-3.631210958708239699e-03,1.025823356548164043e+02,2.158494011158135217e-01,0.000000000000000000e+00,1.069296144074359489e+01,1.000000000000000000e+00
2.419000000000000000e+03,7.720321624086668777e+00,2.615339236507573517e+01,2.234870352805202933e-03,-6.639224569907457862e+01,4.849356139339061622e-01,0.000000000000000000e+00,3.810934915264672096e+00,1.000000000000000000e+00
2.419000000000000000e+03,1.331515764126088754e+02,3.028870689337806255e+01,2.786373138190181495e-03,-8.068598988265561900e+01,3.050571497773095775e-01,0.000000000000000000e+00,5.021027489249590303e+00,1.000000000000000000e+00
2.420000000000000000e+03,5.944648557927033750e+01,1.846709280783310092e+01,-3.958255362351920971e-03,1.110586102380742517e+02,2.234939560256511415e-01,0.000000000000000000e+00,1.130323645963733270e+01,1.000000000000000000e+00
2.420000000000000000e+03,2.802455029209028226e+01,1.998618470287542692e+01,1.776068259688447400e-03,-5.450110040717075321e+01,4.403567950026248123e-01,0.000000000000000000e+00,4.749206207448677830e+00,1.000000000000000000e+00
2.420000000000000000e+03,6.764669025401707358e+01,3.634523804371178812e+01,3.294017235539823969e-03,-9.384301294058184340e+01,2.160050089750430447e-01,0.000000000000000000e+00,8.089979953296829507e+00,1.000000000000000000e+00
2.421000000000000000e+03,1.177083423210243325e+02,5.048425523097010625e+01,3.206273552258729134e-03,-9.156888886400145111e+01,2.011372804521042168e-01,0.000000000000000000e+00,9.975037606209145480e+00,1.000000000000000000e+00
2.421000000000000000e+03,1.046134156392334802e+02,2.658306434097247362e+01,-7.899369912542655858e-03,2.132036667481547454e+02,2.143974248088112988e-01,0.000000000000000000e+00,5.668344719822973055e+00,1.000000000000000000e+00
2.421000000000000000e+03,8.490642103429546239e+01,3.912180771265286694e+01,-1.715920064767615652e-03,5.294219094363578648e+01,4.985446340692498701e-01,0.000000000000000000e+00,9.377496433796173037e+00,1.000000000000000000e+00
2.421000000000000000e+03,3.322641476754797907e+01,4.402984049873767702e+01,-7.560608828045935551e-03,2.044237214614441598e+02,7.795086399044515169e-02,0.000000000000000000e+00,8.122152115794927241e+00,1.000000000000000000e+00
2.422000000000000000e+03,7.398558529710311404e+01,4.382799957461074314e+01,-7.081169330485304059e-03,1.919976998505967458e+02,7.230767568320162209e-02,0.000000000000000000e+00,9.806799197269313595e+00,1.000000000000000000e+00
2.422000000000000000e+03,1.362761095277816992e+02,4.630808621399233438e+00,-7.239692364110871491e-03,1.961062696527734772e+02,9.498443837346326468e-02,0.000000000000000000e+00,1.547023179370728307e+01,1.000000000000000000e+00
2.422000000000000000e+03,1.210955423188646733e+02,4.110191802641829639e+01,-7.059779263378235421e-03,1.914433161640580749e+02,4.012239546222540199e-02,0.000000000000000000e+00,9.975037606209145480e+00,1.000000000000000000e+00
2.423000000000000000e+03,1.344509325013245302e+02,2.543871815086354005e+01,-7.668902710760140858e-03,2.072304616941032407e+02,7.893286155684109406e-02,0.000000000000000000e+00,5.021027489249590303e+00,1.000000000000000000e+00
2.424000000000000000e+03,1.411670288855509625e+02,4.823542311586389530e+01,-4.181498166142485692e-03,1.168445747205205834e+02,1.797960618491893925e-01,0.000000000000000000e+00,8.461851440574912786e+00,1.000000000000000000e+00
2.424000000000000000e+03,3.724674188369029082e+01,1.761948396234714309e+01,4.574336799996540394e-03,-1.270260916349232048e+02,1.536517637171782580e-01,0.000000000000000000e+00,4.115032103689851617e+00,1.000000000000000000e+00
2.424000000000000000e+03,8.999383176199782497e+01,3.124426422159432093e+01,2.940899835855501424e-03,-8.469098341033075883e+01,1.931612331072147803e-01,0.000000000000000000e+00,9.377496433796173037e+00,1.000000000000000000e+00
2.424000000000000000e+03,3.587111228922487527e+01,3.635032684154895577e+01,4.232258996056414459e-03,-1.181601842451932214e+02,2.781206524749404441e-01,0.000000000000000000e+00,5.311658599044582374e+00,1.000000000000000000e+00
2.425000000000000000e+03,9.195678151329609307e+01,1.027000946798140824e+01,-4.220160998942401598e-03,1.178466306594924902e+02,2.748507446338890325e-01,0.000000000000000000e+00,8.147149526296399102e+00,1.000000000000000000e+00
2.425000000000000000e+03,1.083675959382359366e+02,4.440419800753048918e+01,-4.698565376707086565e-03,1.302458242325589310e+02,1.275895916086033921e-01,0.000000000000000000e+00,1.044822358057338541e+01,1.000000000000000000e+00
2.425000000000000000e+03,2.931950370505278869e+01,1.541693364180143355e+01,-3.079418526647298253e-03,8.828108446383748742e+01,2.660305893754276729e-01,0.000000000000000000e+00,4.268056579853933385e+00,1.000000000000000000e+00
2.425000000000000000e+03,5.290409588437130850e+01,4.838895539285152836e+01,-2.347122820547263913e-03,6.930158378475744030e+01,3.259123487710430256e-01,0.000000000000000000e+00,1.903668081189261585e+01,1.000000000000000000e+00
2.426000000000000000e+03,6.124453084692846261e+01,2.551121160765362461e+01,-3.418366604150242793e-02,8.944350491981654159e+02,9.956772036837757689e-03,0.000000000000000000e+00,1.621211181482616226e+01,1.000000000000000000e+00
2.426000000000000000e+03,1.708431146865232009e+01,4.062350794173591595e+01,-7.767791218896025023e-03,2.097934352192571339e+02,6.736578008709781518e-02,0.000000000000000000e+00,7.482477918263901628e+00,1.000000000000000000e+00
2.428000000000000000e+03,1.077424750815465728e+02,1.946123318891924470e+01,-4.194284928569986387e-02,1.095536083146102555e+03,9.223463667011211342e-03,0.000000000000000000e+00,1.727668878283887466e+01,1.000000000000000000e+00
2.428000000000000000e+03,4.423799215994253586e+01,2.682876843146315693e+01,2.076394778675813135e-03,-6.228490594308332362e+01,3.098479692091188342e-01,0.000000000000000000e+00,5.556938606645557499e+00,1.000000000000000000e+00
2.428000000000000000e+03,1.161431127512911132e+02,3.455802960540243163e+01,9.243533108264149339e-03,-2.480414325215696749e+02,1.734061702047319242e-01,0.000000000000000000e+00,8.026388028941445540e+00,1.000000000000000000e+00
2.429000000000000000e+03,1.433016802855591436e+02,5.092504300713134313e+00,3.927574910834143868e-03,-1.102634401372999804e+02,1.998082542621373303e-01,0.000000000000000000e+00,3.835254156641830292e+01,1.000000000000000000e+00
2.429000000000000000e+03,3.238460032741367201e+01,4.035756422071077054e+01,-4.238349985508551264e-03,1.183180493500683639e+02,1.767561188692213792e-01,0.000000000000000000e+00,5.311658599044582374e+00,1.000000000000000000e+00
2.429000000000000000e+03,1.347751055305006957e+02,4.269049339353894368e+01,-7.970571724703875982e-02,2.074266904788166357e+03,4.052333434019006475e-03,0.000000000000000000e+00,8.461851440574912786e+00,1.000000000000000000e+00
2.430000000000000000e+03,7.665438602459251172e+01,3.541087436063074279e+01,-7.891559220441973083e-03,2.130012307174718842e+02,5.506072796352279308e-02,0.000000000000000000e+00,9.575852713478315792e+00,1.000000000000000000e+00
2.430000000000000000e+03,3.875462584837948299e+01,6.781443281960811476e+00,1.709369658947410171e-03,-5.277241877280749094e+01,3.698395163462061541e-01,0.000000000000000000e+00,7.689497137626249312e+00,1.000000000000000000e+00
2.430000000000000000e+03,1.694690850893465850e+01,3.314229171548181085e+01,-4.578742806801796607e-03,1.271402856803829877e+02,1.500450365009813325e-01,0.000000000000000000e+00,7.482477918263901628e+00,1.000000000000000000e+00
2.431000000000000000e+03,2.137574989228157918e+01,8.726252801065280451e+00,3.782533871592999846e-03,-1.065042940985606634e+02,2.705153624293162862e-01,0.000000000000000000e+00,9.839843633875583251e+00,1.000000000000000000e+00
2.431000000000000000e+03,6.538925817374440896e+01,9.837864649113747362e+00,-3.558246974899127030e-02,9.306889773518249740e+02,6.048957116140396550e-03,0.000000000000000000e+00,1.621211181482616226e+01,1.000000000000000000e+00
2.431000000000000000e+03,3.364361661772062462e+01,2.845768227684767382e+01,-3.076510938634295905e-03,8.820572615133124827e+01,2.837821136536553546e-01,0.000000000000000000e+00,6.205464312140932748e+00,1.000000000000000000e+00
2.431000000000000000e+03,1.210486454240374030e+02,4.091087573825920032e+01,7.138511811603308159e-03,-1.934838913580075825e+02,9.137281718436462974e-02,0.000000000000000000e+00,8.026388028941445540e+00,1.000000000000000000e+00
2.431000000000000000e+03,3.642337654037984862e+01,3.488920975248139911e+01,-3.479217415957090980e-03,9.864299595388534669e+01,2.947516248187193044e-01,0.000000000000000000e+00,5.435498026261165627e+00,1.000000000000000000e+00
2.432000000000000000e+03,8.333090043316798301e+01,4.244523046065998528e+01,-4.236556585676356200e-03,1.182715683546870338e+02,2.178286870423513655e-01,0.000000000000000000e+00,9.698350910847393536e+00,1.000000000000000000e+00
2.432000000000000000e+03,2.841545763126801560e+01,5.003530506690002255e+01,-7.484075934922301658e-03,2.024401565095918443e+02,7.336876328263253200e-02,0.000000000000000000e+00,1.046005552702117747e+01,1.000000000000000000e+00
2.433000000000000000e+03,5.972839428896259761e+01,2.860244691197107159e+01,-1.984080562857872335e-02,5.226995239459532741e+02,2.261702173783874947e-02,0.000000000000000000e+00,8.804315442853637208e+00,1.000000000000000000e+00
2.433000000000000000e+03,4.978399643351102100e+01,2.717719815979868159e+01,4.298492367191435355e-03,-1.198768081472090614e+02,2.397883773224126491e-01,0.000000000000000000e+00,5.556938606645557499e+00,1.000000000000000000e+00
2.433000000000000000e+03,8.515733183430694453e+01,3.100668683654757629e+01,-6.694081327401554815e-03,1.819652266895590174e+02,6.104469901825315681e-02,0.000000000000000000e+00,9.575852713478315792e+00,1.000000000000000000e+00
2.434000000000000000e+03,3.106934559706738597e+01,7.036067884767660097e+00,-7.263775691798604606e-03,1.967304567542357177e+02,8.377963666301813106e-02,0.000000000000000000e+00,7.689497137626249312e+00,1.000000000000000000e+00
2.434000000000000000e+03,7.446790714996001270e+01,5.293681661699545060e+01,-8.396238783046516829e-03,2.260814195283322476e+02,1.632097854023393246e-01,0.000000000000000000e+00,4.228655403427596049e+00,1.000000000000000000e+00
2.435000000000000000e+03,1.158405383906872430e+02,1.095288410001411528e+01,3.764069190109037982e-03,-1.060257299995981697e+02,1.900198048030100617e-01,0.000000000000000000e+00,1.368147440355677169e+01,1.000000000000000000e+00
2.436000000000000000e+03,1.145379719612335947e+02,2.632750595772838764e+01,-5.997084775529181594e-02,1.562782314888083874e+03,7.667879665094967656e-03,0.000000000000000000e+00,1.326532470153869525e+01,1.000000000000000000e+00
2.436000000000000000e+03,7.653064468524169683e+01,3.529930048792971320e+01,8.102168201881946794e-03,-2.184597541977588264e+02,2.369499280608832192e-01,0.000000000000000000e+00,8.653434722064163864e+00,1.000000000000000000e+00
2.436000000000000000e+03,1.388947986514170054e+02,5.253439606157203201e+01,-7.191534593039976796e-03,1.948581257115632468e+02,1.292064590207450125e-01,0.000000000000000000e+00,2.129768554847164452e+01,1.000000000000000000e+00
2.436000000000000000e+03,9.554086551810323158e+01,3.697947145017374027e+01,-3.383038218203945034e-03,9.615024181936929892e+01,2.762692327755433830e-01,0.000000000000000000e+00,1.197881161899215918e+01,1.000000000000000000e+00
2.437000000000000000e+03,6.585806047768861049e+01,2.206073120038222513e+01,-7.891258152551814883e-03,2.129934276972191185e+02,4.491748101694981177e-02,0.000000000000000000e+00,8.964756105798933561e+00,1.000000000000000000e+00
2.437000000000000000e+03,7.173533450827071078e+01,4.970965481770051042e+01,-7.600353399197037202e-03,2.054538136890353996e+02,2.103875791859485256e-01,0.000000000000000000e+00,4.228655403427596049e+00,1.000000000000000000e+00
2.437000000000000000e+03,1.341022906849561203e+01,3.094181602621392102e+01,-1.570903554412282589e-03,4.918368063988851446e+01,3.633245678724045247e-01,0.000000000000000000e+00,1.500325620641375224e+01,1.000000000000000000e+00
2.437000000000000000e+03,6.994700694130607133e+01,4.091513938747552714e+01,4.041067554138183873e-03,-1.132049208570645220e+02,2.709861979538469301e-01,0.000000000000000000e+00,8.653434722064163864e+00,1.000000000000000000e+00
2.437000000000000000e+03,8.975823777009246385e+01,5.296219702933473883e+01,2.050361961323836617e-03,-6.161019233969274467e+01,4.267458995529711530e-01,0.000000000000000000e+00,8.472866989568370144e+00,1.000000000000000000e+00
2.438000000000000000e+03,2.846188090832881556e+01,3.008812661968534385e+01,3.592371778408302678e-03,-1.015757091749161276e+02,1.894679928176029593e-01,0.000000000000000000e+00,1.096151675383065971e+01,1.000000000000000000e+00
2.438000000000000000e+03,5.423010051039852897e+01,3.547883665818780941e+01,-6.166021000886625671e-03,1.682790596914471450e+02,8.311496074145741098e-02,0.000000000000000000e+00,8.804315442853637208e+00,1.000000000000000000e+00
2.439000000000000000e+03,1.425543321880094538e+02,1.264504038963314514e+01,-4.622622885493772767e-03,1.282775612050037637e+02,2.448439556895980473e-01,0.000000000000000000e+00,6.872074711173626227e+00,1.000000000000000000e+00
2.440000000000000000e+03,8.078010159708854587e+01,6.355681469841877984e+00,4.469770595654840202e-03,-1.243159646605599136e+02,2.345575988268920886e-01,0.000000000000000000e+00,7.634607823604728338e+00,1.000000000000000000e+00
2.440000000000000000e+03,8.829186008955821308e+01,7.719763934745070166e+00,-8.179715893970169321e-03,2.204696205159541194e+02,9.169887182396974090e-02,0.000000000000000000e+00,7.634607823604728338e+00,1.000000000000000000e+00
2.441000000000000000e+03,5.560346400467955164e+01,2.664163434553266896e+01,-8.806059787126240684e-03,2.367030822807420805e+02,2.051165199300614139e-01,0.000000000000000000e+00,8.175369251968392703e+00,1.000000000000000000e+00
2.441000000000000000e+03,1.152400720297037253e+02,3.957423743878086952e+01,-6.905102555584319637e-03,1.874344347024324122e+02,1.214991880510882805e-01,0.000000000000000000e+00,8.499792127794814078e+00,1.000000000000000000e+00
2.441000000000000000e+03,8.140450159957597975e+01,5.154636970359124604e+01,-7.376034971852117074e-03,1.996399714001097152e+02,1.800986414535497016e-01,0.000000000000000000e+00,3.773499898114301310e+00,1.000000000000000000e+00
2.442000000000000000e+03,1.094918676872562457e+01,1.614178333726233205e+01,-9.910771307251252729e-03,2.653347851184698243e+02,1.311580914547402221e-01,0.000000000000000000e+00,6.992619355061714614e+00,1.000000000000000000e+00
2.442000000000000000e+03,3.199150393076901366e+01,1.105293596347093121e+01,5.502354376555723334e-03,-1.510782744864462757e+02,1.911010139895267246e-01,0.000000000000000000e+00,1.935966740414133014e+01,1.000000000000000000e+00
2.442000000000000000e+03,1.216756202994157690e+02,2.408921244994374078e+01,-8.187541552969249820e-03,2.206724444558599032e+02,8.824019022591811368e-02,0.000000000000000000e+00,5.475659426982071309e+00,1.000000000000000000e+00
2.442000000000000000e+03,6.302874008434068287e+01,9.913354839759131565e+00,-6.863112341174782208e-03,1.863461403204472333e+02,1.245738111485341637e-01,0.000000000000000000e+00,7.739358853673419247e+00,1.000000000000000000e+00
2.442000000000000000e+03,4.287477464880868894e+01,4.911501792755012019e+01,8.141350931720386930e-03,-2.194752847291850060e+02,1.446092182685774219e-01,0.000000000000000000e+00,1.331544046540575721e+01,1.000000000000000000e+00
2.443000000000000000e+03,6.590590199304340047e+01,1.805449082257159787e+01,-9.198783511789210277e-03,2.468816210006092433e+02,8.279884740610254923e-02,0.000000000000000000e+00,7.315700952069589036e+00,1.000000000000000000e+00
2.443000000000000000e+03,3.831899611915539339e+01,3.488313749193595470e+01,-3.340989224281213504e-02,8.743805272129022796e+02,1.477986405214581911e-02,0.000000000000000000e+00,1.096151675383065971e+01,1.000000000000000000e+00
2.443000000000000000e+03,5.540433807468986060e+01,8.584381754566791756e+00,5.807582847718862490e-03,-1.589891278855020005e+02,1.537967160649454934e-01,0.000000000000000000e+00,7.739358853673419247e+00,1.000000000000000000e+00
2.443000000000000000e+03,1.281810611076835187e+02,4.504695017999826945e+01,-3.132146703561090179e-03,8.964768331346293451e+01,2.569485501169335162e-01,0.000000000000000000e+00,9.106288317068452542e+00,1.000000000000000000e+00
2.444000000000000000e+03,1.264722308709008729e+02,1.040146455879166609e+01,-7.307226084973616684e-03,1.978565957714414196e+02,6.561008214161923036e-02,0.000000000000000000e+00,9.708627640553418203e+00,1.000000000000000000e+00
2.444000000000000000e+03,6.462599562518299479e+01,2.525735970306791600e+01,-8.156712158584057334e-03,2.198734140822072050e+02,1.063240267467389089e-01,0.000000000000000000e+00,7.066101145743905576e+00,1.000000000000000000e+00
2.444000000000000000e+03,7.175383221639002329e+01,4.976451846716926042e+01,7.736412261308776503e-03,-2.089801613711722439e+02,9.262892858585081157e-02,0.000000000000000000e+00,6.989345052348910237e+00,1.000000000000000000e+00
2.444000000000000000e+03,1.075932468856599513e+02,4.328537357642694161e+01,2.516846477869990641e-03,-7.370044921927987502e+01,3.354825382564871061e-01,0.000000000000000000e+00,3.676095100517839054e+00,1.000000000000000000e+00
2.445000000000000000e+03,1.367547396521276255e+02,4.811558556565687894e+01,-8.311615626329746376e-03,2.238881726650870405e+02,6.316072035251474315e-02,0.000000000000000000e+00,9.106288317068452542e+00,1.000000000000000000e+00
2.445000000000000000e+03,1.170888731634634468e+02,1.289346150846726502e+01,4.032769438182909512e-03,-1.129898518677255339e+02,1.451464981405972132e-01,0.000000000000000000e+00,9.708627640553418203e+00,1.000000000000000000e+00
2.445000000000000000e+03,1.204764901552781176e+01,2.304758569014892444e+01,-3.150636305584403329e-02,8.250452201835662436e+02,1.134809278991588677e-02,0.000000000000000000e+00,6.992619355061714614e+00,1.000000000000000000e+00
2.445000000000000000e+03,5.349756841970772570e+01,4.108649332531381049e+01,-9.296524002432608388e-03,2.494148404269793105e+02,6.658531468768302819e-02,0.000000000000000000e+00,1.331544046540575721e+01,1.000000000000000000e+00
2.445000000000000000e+03,6.864478463072966008e+01,4.168308118952248975e+01,-7.315539600515670420e-03,1.980720638843384052e+02,1.540484380792646046e-01,0.000000000000000000e+00,8.658857047118827310e+00,1.000000000000000000e+00
2.445000000000000000e+03,7.156013460906349621e+01,2.661658814380627192e+01,-5.812665576437491335e-03,1.591208610806623938e+02,1.114105795083788486e-01,0.000000000000000000e+00,4.220767271226335993e+00,1.000000000000000000e+00
2.445000000000000000e+03,1.041152942480280217e+02,4.209477681914916047e+01,-2.548482303802372066e-03,7.452038053222528902e+01,3.083850312809928162e-01,0.000000000000000000e+00,3.676095100517839054e+00,1.000000000000000000e+00
2.446000000000000000e+03,7.869230462725035125e+01,4.892276739676646002e+01,8.708434647038477625e-03,-2.341728524881098110e+02,1.271569380268612326e-01,0.000000000000000000e+00,3.773499898114301310e+00,1.000000000000000000e+00
2.446000000000000000e+03,8.367480985626912116e+01,1.452923713364238267e+01,-3.239554698695233659e-02,8.480909200063530307e+02,1.204994776396617340e-02,0.000000000000000000e+00,1.097739963480325187e+01,1.000000000000000000e+00
2.446000000000000000e+03,1.271458318110817913e+02,2.384501544354490576e+01,3.133123456044269867e-03,-8.967299859834496090e+01,2.228725815905983065e-01,0.000000000000000000e+00,5.475659426982071309e+00,1.000000000000000000e+00
2.448000000000000000e+03,1.042327285451798247e+02,2.819787981771498053e+01,-7.994965704642857662e-03,2.156813002860402264e+02,4.159333036647694382e-02,0.000000000000000000e+00,9.616178356042272668e+00,1.000000000000000000e+00
2.448000000000000000e+03,6.386633797976856641e+01,7.255514960429930937e+00,3.188978941058469730e-03,-9.112065042386656444e+01,2.718580226352009799e-01,0.000000000000000000e+00,8.565706587906896985e+00,1.000000000000000000e+00
2.448000000000000000e+03,2.918174503736380387e+01,2.718323644516723903e+01,-6.336934208859651592e-03,1.727087556732294900e+02,1.419224458355703433e-01,0.000000000000000000e+00,3.267576343232990954e+00,1.000000000000000000e+00
2.448000000000000000e+03,1.424214629219832773e+02,4.072520612807224438e+01,-3.474684193673815719e-03,9.852550476188852713e+01,1.878413591881639144e-01,0.000000000000000000e+00,9.312865340409326009e+00,1.000000000000000000e+00
2.449000000000000000e+03,7.284367086603671737e+01,6.018295304810113322e+00,-7.340284993233692212e-03,1.987134102611962305e+02,1.561803913994206372e-01,0.000000000000000000e+00,9.062186172614403290e+00,1.000000000000000000e+00
2.449000000000000000e+03,2.969376601544799144e+01,3.680434945196753205e+01,-3.296402758947291223e-03,9.390484048204471890e+01,2.705851242995466199e-01,0.000000000000000000e+00,9.634727861835022722e+00,1.000000000000000000e+00
2.450000000000000000e+03,9.671440642663809228e+01,3.754657572332172322e+01,3.179314847011868121e-03,-9.087017827444348939e+01,1.621951092749500667e-01,0.000000000000000000e+00,6.448801204632035322e+00,1.000000000000000000e+00
2.450000000000000000e+03,4.527015992171347847e+01,4.835533964536423923e+00,-3.635056663914863068e-02,9.505963663026342374e+02,1.045563650396996724e-02,0.000000000000000000e+00,1.388396935496474249e+01,1.000000000000000000e+00
2.450000000000000000e+03,1.242747029008546100e+01,3.296256011035227118e+01,3.762505913094543308e-03,-1.059852132835898288e+02,2.690931939414301644e-01,0.000000000000000000e+00,9.922246819843442367e+00,1.000000000000000000e+00
2.451000000000000000e+03,9.211188671072149248e+01,7.506485757276944781e+00,-8.210343345359185849e-03,2.212634169694825914e+02,1.020021079551689525e-01,0.000000000000000000e+00,1.097739963480325187e+01,1.000000000000000000e+00
2.451000000000000000e+03,1.114065014478158560e+02,1.600312090916818875e+01,2.567648326736229718e-03,-7.501712186534834359e+01,3.052666353248826292e-01,0.000000000000000000e+00,6.792035188258350509e+00,1.000000000000000000e+00
2.451000000000000000e+03,5.205948616368934267e+01,2.123992024550840796e+01,-7.417007776781255404e-03,2.007018967569001688e+02,1.176873295121974028e-01,0.000000000000000000e+00,6.516938853612335159e+00,1.000000000000000000e+00
2.452000000000000000e+03,1.334862348008210802e+02,6.640804251469238473e+00,-5.412917647134309410e-03,1.487602703623629168e+02,2.752158322067006502e-01,0.000000000000000000e+00,1.061876754661022026e+01,1.000000000000000000e+00
2.452000000000000000e+03,6.470569273912038000e+01,2.531537290559002074e+01,7.473536317807463747e-03,-2.021669927199888264e+02,8.678331349571277720e-02,0.000000000000000000e+00,9.096501112565844593e+00,1.000000000000000000e+00
2.452000000000000000e+03,1.150778160201748506e+02,2.467936008218238086e+01,-7.167242793985796265e-03,1.942285354889190501e+02,2.632029779300609773e-01,0.000000000000000000e+00,7.242859767572122465e+00,1.000000000000000000e+00
2.452000000000000000e+03,1.256088424281635980e+02,3.463787807714680866e+01,-3.461495323132191340e-03,9.818367812639701242e+01,2.064372321829950341e-01,0.000000000000000000e+00,3.195469828085878206e+00,1.000000000000000000e+00
2.452000000000000000e+03,4.081542517815078952e+01,5.308509316925370314e+01,-8.643460592665414000e-02,2.248664960382894151e+03,6.853272127047782547e-03,0.000000000000000000e+00,8.292755089721540074e+00,1.000000000000000000e+00
2.452000000000000000e+03,1.234497151071616940e+02,2.516574549008930717e+01,-3.909316353810627850e-03,1.097902183328565400e+02,3.113406020145015329e-01,0.000000000000000000e+00,8.386016043850377244e+00,1.000000000000000000e+00
2.452000000000000000e+03,4.688605755260290664e+01,3.891390749614217981e+01,-5.419515595704187984e-03,1.489312747371249372e+02,1.282346963144636032e-01,0.000000000000000000e+00,1.176116208497638382e+01,1.000000000000000000e+00
2.453000000000000000e+03,3.237639423335282629e+01,2.649674414847151027e+01,3.066818356699905091e-03,-8.795451565825663920e+01,2.591639311440658844e-01,0.000000000000000000e+00,3.267576343232990954e+00,1.000000000000000000e+00
2.453000000000000000e+03,9.512917389535239465e+01,3.129564980801788465e+01,-3.837248851648522238e-03,1.079223865337193189e+02,1.833947945244371880e-01,0.000000000000000000e+00,6.001358213705072941e+00,1.000000000000000000e+00
2.454000000000000000e+03,8.227570149179820191e+01,3.596485090633913018e+01,3.753267469240815276e-03,-1.057457730548203898e+02,1.522324574541453757e-01,0.000000000000000000e+00,1.067562717716704945e+01,1.000000000000000000e+00
2.454000000000000000e+03,9.000925507746543985e+00,1.204447776256317404e+01,-6.442646498151368903e-03,1.754485866591088268e+02,7.948042297576152215e-02,0.000000000000000000e+00,1.349938072066687589e+01,1.000000000000000000e+00
2.454000000000000000e+03,5.552512402167300110e+01,2.675896420792005870e+01,7.066541657220180156e-03,-1.916185826000705390e+02,7.069904113189129369e-02,0.000000000000000000e+00,6.465634676797197500e+00,1.000000000000000000e+00
2.454000000000000000e+03,6.829303005183257369e+01,4.459145422933071501e+01,-4.036911740071428417e-03,1.130972112593636467e+02,1.485521094667375808e-01,0.000000000000000000e+00,8.430242806028322988e+00,1.000000000000000000e+00
2.454000000000000000e+03,2.996108162733481350e+01,8.487906522740487958e+00,-2.277284467567784482e-03,6.749152664969786031e+01,2.531638935843552041e-01,0.000000000000000000e+00,1.573873258961273791e+01,1.000000000000000000e+00
2.454000000000000000e+03,1.047316524323069586e+02,1.725935839416039741e+01,5.875453453149756533e-03,-1.607481853142632531e+02,1.905422623486388023e-01,0.000000000000000000e+00,6.792035188258350509e+00,1.000000000000000000e+00
2.454000000000000000e+03,8.772901647947526271e+01,4.714908547727812049e+01,3.032064854123555416e-03,-8.705378099566920014e+01,2.485430961732627564e-01,0.000000000000000000e+00,1.150975585636404119e+01,1.000000000000000000e+00
2.455000000000000000e+03,5.465612026785277067e+01,1.506628923627960326e+01,-7.169377882435976936e-03,1.942838723048426459e+02,8.214493359991492660e-02,0.000000000000000000e+00,6.613421442089580715e+00,1.000000000000000000e+00
2.455000000000000000e+03,1.091490011453821296e+02,3.892699857518390161e+01,-8.442910822305325913e-03,2.272910565553252979e+02,4.946176831007764729e-02,0.000000000000000000e+00,1.251098369711032809e+01,1.000000000000000000e+00
2.456000000000000000e+03,1.252724319675110820e+02,1.337071266276660708e+01,-4.114108328415660119e-03,1.150979777375735580e+02,1.660939941237070672e-01,0.000000000000000000e+00,9.236759044453458856e+00,1.000000000000000000e+00
2.456000000000000000e+03,1.414001033482530261e+02,1.970423959019244009e+01,-2.058494617484171382e-02,5.419860169370784888e+02,5.157114443552246463e-02,0.000000000000000000e+00,9.685907321715754748e+00,1.000000000000000000e+00
2.456000000000000000e+03,1.374117513156577672e+02,4.893420169020625110e+01,-3.939079114406844953e-03,1.105616038950573312e+02,1.365749831141737092e-01,0.000000000000000000e+00,1.853897319313585257e+01,1.000000000000000000e+00
2.456000000000000000e+03,4.870584970238648026e+01,5.053342943642320506e+01,8.084729199899590504e-03,-2.180077734648260446e+02,2.543073593440233759e-01,0.000000000000000000e+00,5.785532611994760543e+00,1.000000000000000000e+00
2.457000000000000000e+03,9.660829478590575548e+01,1.212729745098265255e+01,-6.641324284484746189e-03,1.805978796963635773e+02,1.099082073825159434e-01,0.000000000000000000e+00,9.608693406277220461e+00,1.000000000000000000e+00
2.457000000000000000e+03,5.220717763162594593e+01,2.120958014060446928e+01,7.886631574833101108e-03,-2.128735169368218010e+02,1.092725879244118570e-01,0.000000000000000000e+00,6.465634676797197500e+00,1.000000000000000000e+00
2.457000000000000000e+03,8.852938152706143171e+01,1.845335228414808171e+01,-3.949880449097433951e-03,1.108415508309567485e+02,2.414977709122567706e-01,0.000000000000000000e+00,1.026098480635003618e+01,1.000000000000000000e+00
2.457000000000000000e+03,2.177351391628280197e+01,4.740606820550294742e+01,-7.506917034730995961e-03,2.030321477854096486e+02,7.174475450385975339e-02,0.000000000000000000e+00,1.613270844536362247e+01,1.000000000000000000e+00
2.457000000000000000e+03,6.344280902171060177e+01,5.148669532211020083e+01,3.095893668205027503e-03,-8.870808404580711226e+01,2.409689001261982044e-01,0.000000000000000000e+00,8.430242806028322988e+00,1.000000000000000000e+00
2.458000000000000000e+03,9.291265814731860928e+01,3.687268830061622538e+01,-7.178592776941218091e-03,1.945227021860818866e+02,8.449321968495127066e-02,0.000000000000000000e+00,6.001358213705072941e+00,1.000000000000000000e+00
2.458000000000000000e+03,4.675944435011838607e+01,3.927713617079747621e+01,6.103058787919618186e-03,-1.666472170439901106e+02,2.814891910335813874e-01,0.000000000000000000e+00,3.277508562934731362e+00,1.000000000000000000e+00
2.458000000000000000e+03,4.298962361114498520e+01,4.964059861355422498e+01,3.959551958581627659e-03,-1.110922151722794098e+02,3.263199034123895892e-01,0.000000000000000000e+00,5.785532611994760543e+00,1.000000000000000000e+00
2.460000000000000000e+03,1.334116829030644169e+02,2.518164220783517493e+01,-2.684759462962549303e-02,7.043001471583628472e+02,1.027181864084236729e-02,0.000000000000000000e+00,4.436864393222717418e+00,1.000000000000000000e+00
2.460000000000000000e+03,6.609434970269968623e+00,4.190016305719199607e+01,-7.584245541525263742e-03,2.050363333008898508e+02,7.498557133559269339e-02,0.000000000000000000e+00,1.015363507771524176e+01,1.000000000000000000e+00
2.461000000000000000e+03,4.557940580917907880e+01,4.233484306028317690e+01,7.117883294806464159e-03,-1.929492453874075011e+02,1.475084803369645092e-01,0.000000000000000000e+00,3.277508562934731362e+00,1.000000000000000000e+00
2.462000000000000000e+03,2.302168760458529562e+01,1.275941448440784676e+01,2.901929704075990792e-03,-8.368096295491649528e+01,1.918102517840714061e-01,0.000000000000000000e+00,3.533894419103422280e+00,1.000000000000000000e+00
2.462000000000000000e+03,7.032723853425719085e+01,3.183820539363511415e+01,-8.101284939981847830e-03,2.184368619840081749e+02,3.596258878106572965e-02,0.000000000000000000e+00,9.774681853162997314e+00,1.000000000000000000e+00
2.462000000000000000e+03,1.371986010096921973e+02,3.702212959271724912e+01,-8.613373739731030460e-03,2.317090819924390530e+02,1.666993370197399349e-01,0.000000000000000000e+00,9.865196829154418978e+00,1.000000000000000000e+00
2.462000000000000000e+03,3.998087676394271739e+01,1.127128230073952508e+01,-3.311719773668923058e-03,9.430182395318769295e+01,2.592978759219335405e-01,0.000000000000000000e+00,1.575602097171033478e+01,1.000000000000000000e+00
2.462000000000000000e+03,1.135266074771540161e+02,3.105403002963470271e+01,1.562410010569252041e-03,-4.896354658776480306e+01,4.358600955424954959e-01,0.000000000000000000e+00,9.759124384310709388e+00,1.000000000000000000e+00
2.462000000000000000e+03,1.018290294433871139e+02,4.233063139251481033e+01,-2.908698310459627550e-03,8.385639040640167252e+01,2.388120737394427984e-01,0.000000000000000000e+00,1.044810256130101145e+01,1.000000000000000000e+00
2.462000000000000000e+03,4.663595085854399080e+00,5.186560396242177973e+01,2.681866301298471613e-03,-7.797740158255739118e+01,2.497798607880087340e-01,0.000000000000000000e+00,1.015363507771524176e+01,1.000000000000000000e+00
2.463000000000000000e+03,1.170593798798869045e+02,1.148555931164468724e+01,-7.708323966546794422e-03,2.082521742956390653e+02,5.260171559127280183e-02,0.000000000000000000e+00,6.295420202704990587e+00,1.000000000000000000e+00
2.463000000000000000e+03,4.894278696217113200e+00,2.885737588020885624e+01,4.834128905300257538e-03,-1.337593339548747338e+02,1.736440880529679376e-01,0.000000000000000000e+00,1.017359986468297350e+01,1.000000000000000000e+00
2.463000000000000000e+03,3.020361639763456196e+01,5.273414242202493085e+01,-6.840380694537163096e-03,1.857569858310771167e+02,1.357805399759549614e-01,0.000000000000000000e+00,8.708604571752877277e+00,1.000000000000000000e+00
2.463000000000000000e+03,8.772166810915436486e+01,2.047147889440480739e+01,3.555586736030212809e-03,-1.006223214505593688e+02,1.576638445491573837e-01,0.000000000000000000e+00,1.069706850121899144e+01,1.000000000000000000e+00
2.464000000000000000e+03,4.875313523830761397e+01,5.283777622955541631e+01,-8.139454936316271871e-03,2.194261446813052032e+02,7.213814012692754130e-02,0.000000000000000000e+00,1.097197173016388838e+01,1.000000000000000000e+00
2.464000000000000000e+03,1.122467195247017031e+02,4.312723700456155740e+01,2.597358585413082725e-03,-7.578714669279959537e+01,3.147206993790083729e-01,0.000000000000000000e+00,8.554794370832977890e+00,1.000000000000000000e+00
2.465000000000000000e+03,1.416152912098632726e+02,1.982996132943469547e+01,2.091384686311694927e-02,-5.505104023519739940e+02,9.416826953482337892e-03,0.000000000000000000e+00,9.034830539345032108e+00,1.000000000000000000e+00
2.465000000000000000e+03,1.032877940434371311e+02,2.625543674695071417e+01,-7.123966794851109216e-03,1.931069163832452773e+02,7.574410831701039459e-02,0.000000000000000000e+00,1.130751069082321258e+01,1.000000000000000000e+00
2.466000000000000000e+03,6.147947684017163539e+01,2.768350704896238668e+01,-5.390220644183228715e-03,1.481720137614642283e+02,1.398517536996325417e-01,0.000000000000000000e+00,9.774681853162997314e+00,1.000000000000000000e+00
2.466000000000000000e+03,9.183039680541952521e+01,7.366458019682338154e+00,3.859162730555473503e-03,-1.084903462747517722e+02,1.666877342348875857e-01,0.000000000000000000e+00,1.373401702439692329e+01,1.000000000000000000e+00
2.466000000000000000e+03,7.801727930139620071e+01,2.497171359802078783e+01,3.918981431459112562e-03,-1.100407159750859449e+02,1.552552807272403745e-01,0.000000000000000000e+00,1.030948284733520381e+01,1.000000000000000000e+00
2.466000000000000000e+03,2.318357175088135591e+01,3.450898243251643294e+01,-7.284095809973049548e-03,1.972571097080606251e+02,1.642094871472975504e-01,0.000000000000000000e+00,5.409177954392146326e+00,1.000000000000000000e+00
2.466000000000000000e+03,2.310071584003711465e+01,4.769543254190313775e+01,-4.133115302826228382e-02,1.079682256014906216e+03,9.230317394338216630e-03,0.000000000000000000e+00,8.087540989752255882e+00,1.000000000000000000e+00
2.466000000000000000e+03,1.207145719557628638e+02,4.434378208511024155e+01,2.393792814366586807e-03,-7.051116779843934523e+01,3.033874577241861825e-01,0.000000000000000000e+00,8.554794370832977890e+00,1.000000000000000000e+00
2.466000000000000000e+03,7.973516800514637737e+01,4.876524138591340574e+01,3.025807985759931731e-03,-8.689161667275006096e+01,2.791762067307084205e-01,0.000000000000000000e+00,1.361786649212879219e+01,1.000000000000000000e+00
2.467000000000000000e+03,1.415133132307931305e+02,4.589373412217192083e+01,-3.498711290110226996e-02,9.152586319262289862e+02,6.734296410291884527e-03,0.000000000000000000e+00,9.865196829154418978e+00,1.000000000000000000e+00
2.467000000000000000e+03,2.061338699006376984e+01,1.017320143914928643e+01,2.290998565970960021e-03,-6.784696604089987204e+01,3.555684836881825017e-01,0.000000000000000000e+00,3.533894419103422280e+00,1.000000000000000000e+00
2.467000000000000000e+03,1.570709011638903085e+01,1.606791518092890669e+01,-3.223273371850936785e-03,9.200948695136817435e+01,2.861373805805541570e-01,0.000000000000000000e+00,7.669380621025143618e+00,1.000000000000000000e+00
2.468000000000000000e+03,1.221388931394176325e+02,2.159752698198223797e+01,-7.419038626573550184e-03,2.007545319351360718e+02,2.910442514827901173e-01,0.000000000000000000e+00,6.019363547038194540e+00,1.000000000000000000e+00
2.468000000000000000e+03,3.264789486903162441e+01,3.093870011321228475e+01,-3.730959519607338071e-02,9.754522858386749249e+02,7.988627878816267902e-03,0.000000000000000000e+00,1.011535110237353230e+01,1.000000000000000000e+00
2.468000000000000000e+03,1.278731662087441521e+02,3.588600955736677633e+01,-1.705374218206746201e-02,4.504649442057387319e+02,7.230029427083883853e-02,0.000000000000000000e+00,1.108058607700282217e+01,1.000000000000000000e+00
2.468000000000000000e+03,1.836760989682484890e+01,2.997529859564745891e+01,-4.778238554925233125e-03,1.323107784955697639e+02,4.360358320588330061e-01,0.000000000000000000e+00,6.614210286376929204e+00,1.000000000000000000e+00
2.469000000000000000e+03,1.705021362899327642e+01,5.323077756360396506e+01,-7.386496353585831828e-03,1.999111075000010658e+02,3.362125640915740732e-01,0.000000000000000000e+00,8.200525685290822153e+00,1.000000000000000000e+00
2.469000000000000000e+03,1.161304897087279500e+02,2.123444885610753019e+01,-7.134451198480750919e-03,1.933786491602518254e+02,4.924372900984047563e-01,0.000000000000000000e+00,6.019363547038194540e+00,1.000000000000000000e+00
2.470000000000000000e+03,1.334017939238022166e+02,7.554582068519767546e+00,4.803472114341503750e-03,-1.329647770839641794e+02,1.286201659579380152e-01,0.000000000000000000e+00,1.476978245159462944e+01,1.000000000000000000e+00
2.470000000000000000e+03,1.179977966293921696e+02,1.334666807196501459e+01,-1.931517574288372022e-02,5.090763486502479509e+02,1.249757255312429205e-01,0.000000000000000000e+00,8.105795509056987314e+00,1.000000000000000000e+00
2.470000000000000000e+03,2.174269705597997060e+01,3.972272257332464562e+01,-7.594788011045188088e-03,2.053095710185847906e+02,1.931938489662420322e-01,0.000000000000000000e+00,5.409177954392146326e+00,1.000000000000000000e+00
2.470000000000000000e+03,1.344490595522399872e+02,2.533207789526274567e+01,8.114657262846748653e-03,-2.187834433018844038e+02,7.661973207067507285e-02,0.000000000000000000e+00,9.034830539345032108e+00,1.000000000000000000e+00
2.471000000000000000e+03,5.469259258248690259e+01,1.489018546505643137e+01,7.942966740733570924e-03,-2.143336010402208842e+02,7.056740224511992565e-02,0.000000000000000000e+00,7.226522782010831314e+00,1.000000000000000000e+00
2.471000000000000000e+03,3.652404492216503940e+01,1.764264071097119313e+01,-4.150503513024034197e-02,1.084188899226223612e+03,7.000012485834261611e-03,0.000000000000000000e+00,1.079788591103485018e+01,1.000000000000000000e+00
2.472000000000000000e+03,1.040363988966847444e+02,4.564778292825798189e+01,3.015038231504495961e-03,-8.661248823255591844e+01,2.070287535375496812e-01,0.000000000000000000e+00,1.124581257689077241e+01,1.000000000000000000e+00
2.472000000000000000e+03,7.965996554418489950e+01,5.217565299698311776e+01,4.779584898253388253e-03,-1.323456727656004830e+02,1.285753738066760521e-01,0.000000000000000000e+00,1.867332373938500112e+01,1.000000000000000000e+00
2.473000000000000000e+03,8.306641799105953794e+01,1.583476704199470753e+01,-7.821822124597104312e-03,2.111937979455474306e+02,8.083460210830439863e-02,0.000000000000000000e+00,8.815524199833179253e+00,1.000000000000000000e+00
2.473000000000000000e+03,8.929421955415013201e+01,2.207399412622643808e+01,-2.216048200593988445e-03,6.590441674186682519e+01,4.619221119383272178e-01,0.000000000000000000e+00,8.815524199833179253e+00,1.000000000000000000e+00
2.474000000000000000e+03,1.215305638252441724e+02,2.960431876938692497e+01,-6.139262549473679942e-02,1.599631679627648282e+03,6.346605661384230324e-03,0.000000000000000000e+00,9.960698912681182904e+00,1.000000000000000000e+00
2.474000000000000000e+03,8.706969559460448593e+00,3.229146939893428225e+01,3.872168571138272578e-03,-1.088274291746199935e+02,2.260980562930866578e-01,0.000000000000000000e+00,9.176032777394663498e+00,1.000000000000000000e+00
2.474000000000000000e+03,8.291612945825905001e+01,3.257502207417297058e+01,-8.224497560808625984e-03,2.216302632304899021e+02,5.961393527155034455e-02,0.000000000000000000e+00,1.228623706571129404e+01,1.000000000000000000e+00
2.474000000000000000e+03,6.437527713854062483e+01,4.144852291395331889e+01,-8.431786961290388405e-02,2.193803791636988080e+03,7.667484757350351288e-03,0.000000000000000000e+00,1.372381571050320836e+01,1.000000000000000000e+00
2.474000000000000000e+03,3.306238572835553668e+01,3.958771393478249223e+01,-3.875897452961568537e-03,1.089240736237242686e+02,1.645550261640215117e-01,0.000000000000000000e+00,7.671327378086749249e+00,1.000000000000000000e+00
2.474000000000000000e+03,1.142652342816838598e+02,5.032102882176119607e+01,-6.159652948213480660e-03,1.681140137147637006e+02,1.042049768054366110e-01,0.000000000000000000e+00,1.124581257689077241e+01,1.000000000000000000e+00
2.475000000000000000e+03,1.406624430603955602e+02,4.216995470267482204e+01,-5.004658650890408261e-02,1.305567201517675358e+03,1.021675803082189304e-02,0.000000000000000000e+00,8.611103783612325202e+00,1.000000000000000000e+00
2.476000000000000000e+03,7.008456816379305110e+01,7.972717015855018019e+00,-7.134890226644818000e-03,1.933900278086156561e+02,1.250269444750281567e-01,0.000000000000000000e+00,1.438960867503168473e+01,1.000000000000000000e+00
2.476000000000000000e+03,1.380931016235849427e+02,2.730985820363189731e+01,-5.254362513395935408e-03,1.446508685955744511e+02,2.021193849861890879e-01,0.000000000000000000e+00,3.720444320891257650e+00,1.000000000000000000e+00
2.477000000000000000e+03,9.984987446421591528e+00,4.137806655146771107e+01,-5.437552647979432274e-03,1.493987556236779426e+02,1.988690878736721901e-01,0.000000000000000000e+00,5.639953826311139728e+00,1.000000000000000000e+00
2.477000000000000000e+03,1.523448935891184419e+01,4.344005802421507667e+01,-3.235668917960017165e-03,9.233075235526871438e+01,4.831844347452641797e-01,0.000000000000000000e+00,5.639953826311139728e+00,1.000000000000000000e+00
2.478000000000000000e+03,4.357802119636959048e+01,5.032804097416929778e+01,-8.303516163496392141e-03,2.236782523295377416e+02,8.740949327767544297e-02,0.000000000000000000e+00,1.094753551550061133e+01,1.000000000000000000e+00
2.478000000000000000e+03,6.513790159158007498e+01,2.774591288522226051e+01,-3.796721988782756057e-03,1.068720190184184560e+02,3.495807517856996949e-01,0.000000000000000000e+00,6.096593474611717411e+00,1.000000000000000000e+00
2.479000000000000000e+03,4.549424185640467755e+01,4.731328433078157758e+00,-7.365652112834618695e-03,1.993708704370262410e+02,9.492398498505261184e-02,0.000000000000000000e+00,7.300356135957654757e+00,1.000000000000000000e+00
2.479000000000000000e+03,1.344957842889983795e+02,2.825907574410143397e+01,8.159557846376966350e-03,-2.199471680765950907e+02,1.591671965657140975e-01,0.000000000000000000e+00,3.720444320891257650e+00,1.000000000000000000e+00
2.479000000000000000e+03,4.521089677851595923e+01,2.786772644539270516e+01,3.881289433425120887e-03,-1.090638219467269892e+02,2.213579119582776977e-01,0.000000000000000000e+00,1.031459364031487347e+01,1.000000000000000000e+00
2.479000000000000000e+03,1.040041652090924629e+02,3.698928423972255786e+01,6.590590608712800988e-03,-1.792829739475726285e+02,9.430157169091402114e-02,0.000000000000000000e+00,9.980180304245434897e+00,1.000000000000000000e+00
2.479000000000000000e+03,4.336438374934161999e+01,3.938259018836907899e+01,9.327020594431988110e-03,-2.502052452917632479e+02,1.856842468609137820e-01,0.000000000000000000e+00,1.030403993469279378e+01,1.000000000000000000e+00
2.479000000000000000e+03,8.018294446781188967e+00,4.817739040638853254e+01,-7.867425430138645995e-03,2.123757357355469253e+02,1.133295592628178472e-01,0.000000000000000000e+00,7.078042542887821753e+00,1.000000000000000000e+00
2.480000000000000000e+03,2.411652652582884215e+01,2.989554318790555598e+01,-9.136457739058819957e-03,2.452662734900244459e+02,1.660316858135888474e-01,0.000000000000000000e+00,3.286525171937570544e+00,1.000000000000000000e+00
2.480000000000000000e+03,2.898921373667977974e+01,2.408713708875208326e+01,-7.620129309323737422e-03,2.059663619622978956e+02,3.820845321234755954e-01,0.000000000000000000e+00,6.286891217805145260e+00,1.000000000000000000e+00
2.480000000000000000e+03,1.360269330629350293e+02,3.491301626862524188e+01,3.948246710034944776e-03,-1.107992078930046915e+02,3.236391969105710809e-01,0.000000000000000000e+00,5.801870851846326005e+00,1.000000000000000000e+00
2.480000000000000000e+03,1.138341598948547215e+02,3.526440645183895128e+01,-6.276457342622995123e-03,1.711413277691111432e+02,2.107567446729506910e-01,0.000000000000000000e+00,4.282750307164718606e+00,1.000000000000000000e+00
2.480000000000000000e+03,9.209036929338098787e+01,3.797973540936317249e+01,1.867883274069020386e-03,-5.688074446799197403e+01,4.579325021974146592e-01,0.000000000000000000e+00,6.996146291385095140e+00,1.000000000000000000e+00
2.481000000000000000e+03,8.577704439536613279e+01,4.099436501556144208e+01,3.451635207263478288e-03,-9.792812552071167431e+01,1.358979227808526646e-01,0.000000000000000000e+00,6.996146291385095140e+00,1.000000000000000000e+00
2.481000000000000000e+03,3.312857292575605328e+01,6.971000065451092631e+00,-8.960519535418272341e-03,2.407063406273077248e+02,8.794932718227999047e-02,0.000000000000000000e+00,3.870276034697568424e+00,1.000000000000000000e+00
2.481000000000000000e+03,6.751170887267646492e+01,2.213044398343926389e+01,-6.444630635224163871e-03,1.755000111459750087e+02,1.849858699021905695e-01,0.000000000000000000e+00,5.570167051482367349e+00,1.000000000000000000e+00
2.482000000000000000e+03,1.328309693499057857e+02,7.961454562743146113e+00,-3.198211705833109691e-03,9.135994346334553029e+01,2.289305866395587863e-01,0.000000000000000000e+00,1.740401781979584683e+01,1.000000000000000000e+00
2.482000000000000000e+03,1.220727778340936993e+02,2.164213991037395246e+01,7.181757913503303802e-03,-1.946047355928451452e+02,1.785610381184312700e-01,0.000000000000000000e+00,8.486005950081185745e+00,1.000000000000000000e+00
2.482000000000000000e+03,2.101295139308577120e+01,4.744817501859817099e+01,3.254753012793171023e-03,-9.282537029147711394e+01,2.143106175585905993e-01,0.000000000000000000e+00,3.601249043232982228e+00,1.000000000000000000e+00
2.483000000000000000e+03,1.303732928596993190e+02,3.621611175010804118e+01,-6.356095184070537432e-03,1.732053661804296496e+02,9.857403830459388061e-02,0.000000000000000000e+00,5.801870851846326005e+00,1.000000000000000000e+00
2.483000000000000000e+03,1.164479553504157963e+02,2.799616768902938091e+01,-8.742474239341534517e-03,2.350550841601650234e+02,2.083063771446637125e-01,0.000000000000000000e+00,7.723938205133396906e+00,1.000000000000000000e+00
2.484000000000000000e+03,5.813733581771031567e+01,1.145444728339847451e+01,8.323016970533435657e-03,-2.241836705333031148e+02,7.487543101293958614e-02,0.000000000000000000e+00,1.139430459538938578e+01,1.000000000000000000e+00
2.484000000000000000e+03,1.140347477005737602e+02,3.954245679349183007e+01,-8.191399139214117914e-03,2.207724246416567269e+02,1.246742741923861919e-01,0.000000000000000000e+00,4.282750307164718606e+00,1.000000000000000000e+00
2.484000000000000000e+03,2.148551544827207138e+01,3.269808568073693067e+01,3.259586987249916881e-03,-9.295065632104169140e+01,3.336067815979447682e-01,0.000000000000000000e+00,3.844016612132671096e+00,1.000000000000000000e+00
2.485000000000000000e+03,6.882841519950524400e+01,7.513508453034440926e+00,-6.578247246706715734e-02,1.713406897614547461e+03,7.433777772143490559e-03,0.000000000000000000e+00,1.139430459538938578e+01,1.000000000000000000e+00
2.485000000000000000e+03,1.121923924569212794e+01,2.809716365266341853e+01,-4.090905354460851184e-02,1.068742361966761109e+03,1.046991706264500666e-01,0.000000000000000000e+00,1.125010713620414116e+01,1.000000000000000000e+00
2.485000000000000000e+03,9.782346824872516322e+01,9.760212303059111250e+00,-5.112557491418690675e-03,1.409755930361320395e+02,1.421517752070641238e-01,0.000000000000000000e+00,6.249763562536830186e+00,1.000000000000000000e+00
2.485000000000000000e+03,7.123056053868087645e+01,2.627735889306497086e+01,2.980639602859833873e-03,-8.572095112496074876e+01,2.333068431156264388e-01,0.000000000000000000e+00,5.570167051482367349e+00,1.000000000000000000e+00
2.485000000000000000e+03,8.036289185401120960e+01,3.439106158356380405e+01,4.567553859659403796e-03,-1.268502926787604679e+02,1.738175815279245917e-01,0.000000000000000000e+00,8.539125479584647849e+00,1.000000000000000000e+00
2.485000000000000000e+03,6.780643753878715074e+01,4.890313520131940805e+01,3.083890406798627491e-03,-8.839698580213827483e+01,3.596814801790220173e-01,0.000000000000000000e+00,1.108613650505472137e+01,1.000000000000000000e+00
2.485000000000000000e+03,3.848567916050243554e+01,5.328216184990697002e+01,2.991591211777156617e-03,-8.600479283965592003e+01,2.273955511153360476e-01,0.000000000000000000e+00,5.383352997590907130e+00,1.000000000000000000e+00
2.486000000000000000e+03,1.763524092667249477e+01,4.619914872725411925e+01,-5.847297313727091612e-03,1.600184398537323887e+02,9.070784796926090188e-02,0.000000000000000000e+00,3.601249043232982228e+00,1.000000000000000000e+00
2.487000000000000000e+03,6.751224023240132510e+01,2.191013660127572393e+01,3.104681454530329801e-03,-8.893584421856155586e+01,2.946200506814390385e-01,0.000000000000000000e+00,5.735724578986666877e+00,1.000000000000000000e+00
2.487000000000000000e+03,4.108821836865810440e+01,2.477158712718231826e+01,-2.613009521432934495e-03,7.619278467257007037e+01,4.149181387402474108e-01,0.000000000000000000e+00,1.014641216833381776e+01,1.000000000000000000e+00
2.487000000000000000e+03,6.597254871949539279e+01,3.796973342478235480e+01,-3.418110390451879407e-03,9.705923570182906701e+01,2.699482070467118522e-01,0.000000000000000000e+00,1.108613650505472137e+01,1.000000000000000000e+00
2.488000000000000000e+03,3.851505945161864730e+01,7.112122858477331278e+00,5.021830034027845342e-03,-1.386241360702959753e+02,2.651660576624484955e-01,0.000000000000000000e+00,1.784594702082262074e+01,1.000000000000000000e+00
2.488000000000000000e+03,1.171296378452661457e+02,7.973589754923520623e+00,3.153524000388170830e-03,-9.020173602231639620e+01,3.302796593209545994e-01,0.000000000000000000e+00,4.007118163796924648e+00,1.000000000000000000e+00
2.489000000000000000e+03,1.277313157556252321e+02,3.967459080843210728e+01,-3.273460156453642748e-03,9.331021847896474242e+01,1.362551188330445306e-01,0.000000000000000000e+00,6.537825075724976287e+00,1.000000000000000000e+00
2.489000000000000000e+03,3.386804861833800828e+01,5.051485672167458318e+01,-7.520640809328347706e-03,2.033878379623699288e+02,8.022824833133257449e-02,0.000000000000000000e+00,5.383352997590907130e+00,1.000000000000000000e+00
2.490000000000000000e+03,9.195005913672395081e+01,7.624185620015525799e+00,5.249867373286159003e-03,-1.445343644100993856e+02,7.717132484954825067e-02,0.000000000000000000e+00,6.249763562536830186e+00,1.000000000000000000e+00
2.490000000000000000e+03,4.920204909993368148e+01,3.086383061820601625e+01,3.397574645711309935e-03,-9.652699417971940932e+01,1.534050495939422998e-01,0.000000000000000000e+00,7.835210036375089615e+00,1.000000000000000000e+00
2.491000000000000000e+03,7.547438402724513651e+01,4.586561944939160895e+01,-3.584721499242435935e-03,1.013774306961346667e+02,3.005546139421082508e-01,0.000000000000000000e+00,6.310198780393981188e+00,1.000000000000000000e+00
2.492000000000000000e+03,1.145175506755216048e+02,4.934840572070945619e+00,-7.626641096416995023e-03,2.061351332203143443e+02,5.331535971316692102e-02,0.000000000000000000e+00,4.007118163796924648e+00,1.000000000000000000e+00
2.492000000000000000e+03,8.417977066741080705e+01,4.574630013318872557e+01,1.877874578384203024e-03,-5.713969719085417864e+01,3.583579960656185781e-01,0.000000000000000000e+00,8.706204319563955352e+00,1.000000000000000000e+00
2.493000000000000000e+03,1.062743475863002800e+02,4.957413849750295753e+01,-8.008221987726186694e-03,2.160248741069520690e+02,6.537600618480665648e-02,0.000000000000000000e+00,1.281383989411218494e+01,1.000000000000000000e+00
2.493000000000000000e+03,9.249576257606394236e+00,8.852462778551934974e+00,-5.492926793742361480e-02,1.432115609102710323e+03,9.010558963680082023e-03,0.000000000000000000e+00,1.599216957794018334e+01,1.000000000000000000e+00
2.493000000000000000e+03,6.888495316622746145e+01,4.072192415653757536e+01,-8.343475937800303929e-03,2.247139221514680685e+02,9.806532077446827866e-02,0.000000000000000000e+00,8.359318174220961239e+00,1.000000000000000000e+00
2.494000000000000000e+03,6.951528235726121352e+01,2.386720278212320778e+01,-7.236927035303786573e-03,1.960345983872795443e+02,2.548767050702924752e-01,0.000000000000000000e+00,1.267250635765643807e+01,1.000000000000000000e+00
2.494000000000000000e+03,1.329284573016870183e+02,4.364105982646020720e+01,4.806069182989000307e-03,-1.330320874146791823e+02,1.604347350104303738e-01,0.000000000000000000e+00,6.537825075724976287e+00,1.000000000000000000e+00
2.494000000000000000e+03,4.201522592201815343e+01,1.966356728902685802e+01,-2.499621950872581676e-03,7.325402720817019997e+01,2.489895713426429902e-01,0.000000000000000000e+00,1.330775435727528233e+01,1.000000000000000000e+00
2.494000000000000000e+03,1.052439555277843368e+02,2.052197396135500185e+01,1.965733975993637361e-03,-5.941682032936406443e+01,3.544065563763403315e-01,0.000000000000000000e+00,9.485751649479222891e+00,1.000000000000000000e+00
2.494000000000000000e+03,4.350435657520002053e+01,3.624219618849845403e+01,-3.505036021163069997e-03,9.931215764766270127e+01,4.285065652427104688e-01,0.000000000000000000e+00,7.835210036375089615e+00,1.000000000000000000e+00
2.495000000000000000e+03,4.930897358253390905e+01,4.849780287627204700e+01,1.992320833079607237e-02,-5.248352214922646226e+02,5.169718489450814136e-02,0.000000000000000000e+00,4.214549158162289366e+00,1.000000000000000000e+00
2.496000000000000000e+03,1.139694499501365499e+02,3.188149401888961876e+01,-4.272197823270654053e-03,1.191953111644418470e+02,2.374205493268920497e-01,0.000000000000000000e+00,7.957590249476544919e+00,1.000000000000000000e+00
2.496000000000000000e+03,2.994990921177377885e+01,3.726142118705709549e+01,-6.053772508096615795e-02,1.577474533479519323e+03,6.050003786827629071e-03,0.000000000000000000e+00,1.278123727387343500e+01,1.000000000000000000e+00
2.496000000000000000e+03,7.733348945572721789e+01,3.983550040795684311e+01,-7.641750406871886982e-03,2.065267334518195241e+02,1.585332756558411882e-01,0.000000000000000000e+00,6.310198780393981188e+00,1.000000000000000000e+00
2.496000000000000000e+03,1.110319770045570635e+02,1.300676992287304756e+01,2.998481865659534829e-03,-8.618338349497520312e+01,2.548266433689118093e-01,0.000000000000000000e+00,8.072646826643165241e+00,1.000000000000000000e+00
2.497000000000000000e+03,5.944907747599505399e+01,1.442625165393442366e+01,-8.891202889234320686e-03,2.389098049896398663e+02,8.982203710625047410e-02,0.000000000000000000e+00,1.255202662576521533e+01,1.000000000000000000e+00
2.497000000000000000e+03,2.543457350356534619e+01,2.301156897493670783e+01,-7.298452780565210102e-03,1.976292109382516458e+02,1.072972444619522125e-01,0.000000000000000000e+00,1.334263094137646988e+01,1.000000000000000000e+00
2.497000000000000000e+03,1.221170342991998581e+02,3.802025475351097583e+01,-8.080131530545913571e-03,2.178886119459295116e+02,1.250524057645264753e-01,0.000000000000000000e+00,8.099510063607549881e+00,1.000000000000000000e+00
2.497000000000000000e+03,1.010769208921342681e+02,8.111863961541109447e+00,-2.554062374785244158e-02,6.704263246963191705e+02,3.080671650958821672e-02,0.000000000000000000e+00,1.030987397982661413e+01,1.000000000000000000e+00
2.497000000000000000e+03,9.429953012957598446e+01,1.588106443079761476e+01,-3.256053280626183821e-02,8.523669910573494235e+02,1.429814757363623290e-02,0.000000000000000000e+00,1.030987397982661413e+01,1.000000000000000000e+00
2.497000000000000000e+03,9.346088897566650644e+01,4.947528878573716327e+01,-2.042212016069310226e-03,6.139896361036353056e+01,4.326006919242240123e-01,0.000000000000000000e+00,1.000222542350821797e+01,1.000000000000000000e+00
2.498000000000000000e+03,5.217704039858980281e+01,4.540966146998808739e+01,-9.525396818645368718e-03,2.553467224994103901e+02,3.832840526608697340e-01,0.000000000000000000e+00,4.214549158162289366e+00,1.000000000000000000e+00
2.498000000000000000e+03,1.417967629055821988e+02,5.412027188400214683e+00,-1.298064102316914825e-01,3.372767126220166119e+03,1.089064360037439450e-02,0.000000000000000000e+00,1.904704098739361484e+01,1.000000000000000000e+00
2.498000000000000000e+03,2.826202393972490157e+01,8.541191203031161194e+00,4.089533831504596310e-03,-1.144610606057013342e+02,3.368261470037923200e-01,0.000000000000000000e+00,1.474402620828507082e+01,1.000000000000000000e+00
2.499000000000000000e+03,7.011500784949370768e+01,7.808751999110273623e+00,8.504792880020671519e-03,-2.288949039446350469e+02,5.806768139348539304e-02,0.000000000000000000e+00,1.255202662576521533e+01,1.000000000000000000e+00
2.499000000000000000e+03,1.253013576067819059e+02,4.546754609622543342e+01,-8.229614604189411722e-03,2.217628857865304326e+02,1.037028955388457074e-01,0.000000000000000000e+00,7.842748360725501300e+00,1.000000000000000000e+00
2.500000000000000000e+03,1.063826589689802802e+02,1.960612357241876680e+01,-8.154860199590918332e-03,2.198254153616423991e+02,9.291091642246407378e-02,0.000000000000000000e+00,6.790802011020640627e+00,1.000000000000000000e+00
2.500000000000000000e+03,1.085717952409644198e+02,2.603439506136238180e+01,-3.688501368677322891e-03,1.040671775921040592e+02,3.844283773846440821e-01,0.000000000000000000e+00,6.790802011020640627e+00,1.000000000000000000e+00
2.500000000000000000e+03,1.735655408004611999e+01,3.507797602464969344e+01,-9.105284491784108175e-03,2.444583312026519479e+02,5.088779794710529547e-02,0.000000000000000000e+00,8.095024403379921907e+00,1.000000000000000000e+00
2.501000000000000000e+03,7.513635146032268608e+01,5.130943308011261905e+01,-5.136127469523358441e-02,1.339641039609811742e+03,2.189101481783650716e-02,0.000000000000000000e+00,1.168240327740889306e+01,1.000000000000000000e+00
2.501000000000000000e+03,4.235723394806533548e+01,2.767282921696615361e+01,3.742652517681951518e-03,-1.054706567614410346e+02,2.552284682899645940e-01,0.000000000000000000e+00,1.017323705715916127e+01,1.000000000000000000e+00
2.501000000000000000e+03,4.522358762443396785e+01,3.861422516722333143e+01,-1.641838010065908154e-02,4.339977507549214693e+02,4.546602404158661681e-02,0.000000000000000000e+00,9.722574763268658771e+00,1.000000000000000000e+00
2.502000000000000000e+03,3.249432083441475072e+01,4.979368872861099504e+01,-1.085295155744442352e-01,2.821316621687541101e+03,4.509599933811170303e-03,0.000000000000000000e+00,1.091093285229524490e+01,1.000000000000000000e+00
2.502000000000000000e+03,1.170281730020086997e+02,1.222704131992536247e+01,4.866802823122039212e-03,-1.346061703357533474e+02,2.517268408875289465e-01,0.000000000000000000e+00,7.803687811809141728e+00,1.000000000000000000e+00
2.503000000000000000e+03,9.426357234326827950e+01,1.577730087887987942e+01,3.094911109565897864e-02,-8.106024699821794002e+02,1.556742225090668175e-02,0.000000000000000000e+00,4.149471182708414752e+00,1.000000000000000000e+00
2.503000000000000000e+03,4.121706355996482074e+01,1.756368663674427211e+01,-3.791684461597843309e-03,1.067414573480023705e+02,1.878332892408008936e-01,0.000000000000000000e+00,5.220213562599314905e+00,1.000000000000000000e+00
2.503000000000000000e+03,1.351822041851997369e+02,2.327364478900024025e+01,-8.182346927506559467e-03,2.205378111421924530e+02,5.498657507787874099e-02,0.000000000000000000e+00,1.527772901781802517e+01,1.000000000000000000e+00
2.504000000000000000e+03,1.144712740553682835e+02,4.854130684304740484e+00,7.376744066594120158e-03,-1.996583495826188539e+02,1.340534462609556110e-01,0.000000000000000000e+00,7.803687811809141728e+00,1.000000000000000000e+00
2.504000000000000000e+03,2.931912202065681683e+01,2.719318651693645705e+01,8.756243706898106383e-03,-2.354119585985422702e+02,4.411000659433372828e-02,0.000000000000000000e+00,8.702160469153657374e+00,1.000000000000000000e+00
2.504000000000000000e+03,5.688453202507201922e+01,4.160875662147170573e+01,-8.745345835811881366e-03,2.351295096507216158e+02,1.031610862857191835e-01,0.000000000000000000e+00,1.203930408891040571e+01,1.000000000000000000e+00
2.504000000000000000e+03,3.295963816872894370e+01,3.845509711189966140e+01,-8.771909229440365621e-03,2.358179746290231833e+02,7.656095159451692389e-02,0.000000000000000000e+00,1.134813553286044474e+01,1.000000000000000000e+00
2.505000000000000000e+03,1.115935890284171563e+02,3.359255604285511509e+01,-3.522982612142525755e-02,9.215492269571284396e+02,7.077698123768683125e-03,0.000000000000000000e+00,8.139842450320960765e+00,1.000000000000000000e+00
2.506000000000000000e+03,1.320684201367461128e+02,7.367020490777382413e+00,-2.660876264748422010e-02,6.981101453196559987e+02,3.223605049389199895e-02,0.000000000000000000e+00,1.441312050137765155e+01,1.000000000000000000e+00
2.506000000000000000e+03,1.005269323298411308e+02,3.743752008944804288e+01,-2.359761171326121149e-02,6.200677087399566290e+02,1.893704919114502783e-02,0.000000000000000000e+00,1.171557250004155293e+01,1.000000000000000000e+00
2.507000000000000000e+03,4.339171384109243235e+01,5.033708670919980932e+01,-7.491815496234627281e-02,1.950183777061828778e+03,5.700304606206851865e-03,0.000000000000000000e+00,1.091093285229524490e+01,1.000000000000000000e+00
2.507000000000000000e+03,9.958944076088454267e+01,2.035699453094554912e+01,-5.717519182452758530e-03,1.566548749575667046e+02,2.236460950188770003e-01,0.000000000000000000e+00,3.761311722546901493e+00,1.000000000000000000e+00
2.508000000000000000e+03,4.017944414572195910e+01,1.244763585608033019e+01,-8.580402976388325220e-03,2.308545520258695376e+02,5.838427274719093507e-02,0.000000000000000000e+00,5.220213562599314905e+00,1.000000000000000000e+00
2.508000000000000000e+03,7.340139503349240613e+01,4.278481295328190015e+01,4.988270404809110221e-03,-1.377543439900736075e+02,1.614828779795168812e-01,0.000000000000000000e+00,9.841019137237736913e+00,1.000000000000000000e+00
2.508000000000000000e+03,3.399021186357126822e+01,1.985094459022755586e+01,-4.348950082239189281e-03,1.211845615984942981e+02,2.825314256463393736e-01,0.000000000000000000e+00,7.580167174108952466e+00,1.000000000000000000e+00
2.508000000000000000e+03,9.590776101613460014e+01,1.958712432677686266e+01,4.317788623637947194e-03,-1.203769248477161824e+02,2.916473838903669291e-01,0.000000000000000000e+00,3.761311722546901493e+00,1.000000000000000000e+00
2.508000000000000000e+03,1.185010529373356576e+02,2.055376356128738635e+01,-4.013645447716610026e-03,1.124941999240935360e+02,1.344254094433069424e-01,0.000000000000000000e+00,9.755717024750925503e+00,1.000000000000000000e+00
2.508000000000000000e+03,6.758278301429206181e+01,5.095165103659522998e+01,-5.152172071861487249e-03,1.420023161892960957e+02,1.506519677350610653e-01,0.000000000000000000e+00,5.238503206643062349e+00,1.000000000000000000e+00
2.509000000000000000e+03,8.116893633780659911e+01,6.679717124384422888e+00,3.718646634112386662e-03,-1.048484768418878161e+02,1.909806693825177870e-01,0.000000000000000000e+00,7.024491205660069681e+00,1.000000000000000000e+00
2.509000000000000000e+03,1.234706909395507246e+01,1.691229601616366551e+01,8.223581174214098649e-03,-2.216065124972161016e+02,8.982978276237740811e-02,0.000000000000000000e+00,1.984306654818366056e+01,1.000000000000000000e+00
2.509000000000000000e+03,1.271947398668200861e+02,3.367924182406947864e+01,3.353762629303186100e-03,-9.539148268041223844e+01,2.218583697709987090e-01,0.000000000000000000e+00,1.356000696596910515e+01,1.000000000000000000e+00
2.509000000000000000e+03,1.365342141294308078e+02,4.351021377068607876e+01,-7.727512586978797782e-03,2.087495013064164482e+02,5.572515827083546203e-02,0.000000000000000000e+00,8.848388677350834897e+00,1.000000000000000000e+00
2.509000000000000000e+03,7.751631649173920380e+01,1.267987086895716153e+01,3.209099376870145747e-03,-9.164212804823341685e+01,2.218639457360362943e-01,0.000000000000000000e+00,7.024491205660069681e+00,1.000000000000000000e+00
2.510000000000000000e+03,5.878741419532840240e+01,1.871753997937502945e+01,3.329160760458664201e-03,-9.475385612798034174e+01,2.981306533530363456e-01,0.000000000000000000e+00,1.299815223643404316e+01,1.000000000000000000e+00
2.511000000000000000e+03,1.441145020972539896e+02,1.528092925876046237e+01,7.683354544541388421e-03,-2.076050215703667732e+02,7.430195498388192377e-02,0.000000000000000000e+00,1.114934170508506384e+01,1.000000000000000000e+00
2.511000000000000000e+03,5.301730711057088286e+01,5.298727950783148621e+00,3.280539089413257031e-03,-9.349368891555884886e+01,3.032709333591603329e-01,0.000000000000000000e+00,1.460680156736070145e+01,1.000000000000000000e+00
2.511000000000000000e+03,7.255860321629714349e+01,5.258967703252073989e+01,2.738120332817782152e-03,-7.943538286051384034e+01,4.474595507271130757e-01,0.000000000000000000e+00,5.238503206643062349e+00,1.000000000000000000e+00
2.512000000000000000e+03,2.122116712240814707e+01,4.791178270253554672e+01,-3.546807430645694537e-02,9.277240980535061681e+02,1.170754271357299370e-02,0.000000000000000000e+00,2.230280792479064189e+01,1.000000000000000000e+00
2.512000000000000000e+03,9.505391459444136615e+01,2.465757127694764606e+01,2.277144862458916393e-03,-6.748790839106750639e+01,2.031304163993613576e-01,0.000000000000000000e+00,5.141836829999036240e+00,1.000000000000000000e+00
2.512000000000000000e+03,1.161857069550093229e+02,5.130557824888824570e+01,2.375859278416939807e-02,-6.242399854844055653e+02,3.271467367453373409e-02,0.000000000000000000e+00,1.518446460398601694e+01,1.000000000000000000e+00
2.513000000000000000e+03,1.313575374780008360e+02,5.068628519117864784e+01,9.792101789804304526e-03,-2.622591311603640634e+02,4.340450562020070624e-02,0.000000000000000000e+00,8.848388677350834897e+00,1.000000000000000000e+00
2.514000000000000000e+03,7.398803981657133022e+01,3.090786457178669266e+01,-6.378232964543979755e-02,1.661567576797680658e+03,1.030733100385172740e-02,0.000000000000000000e+00,9.018036385573209301e+00,1.000000000000000000e+00
2.514000000000000000e+03,3.787029771912310139e+01,1.043500727554736685e+01,-8.787784513945405204e-03,2.362294272301160447e+02,7.545579139623637133e-02,0.000000000000000000e+00,6.308739774687666113e+00,1.000000000000000000e+00
2.514000000000000000e+03,3.704378514008374879e+01,1.668937171179633694e+01,-5.825133635986846220e-03,1.594440058741011796e+02,1.902220686250075676e-01,0.000000000000000000e+00,6.308739774687666113e+00,1.000000000000000000e+00
2.514000000000000000e+03,1.144903222722022775e+02,2.345525586128194462e+01,-4.137094473333038577e-03,1.156937282649011394e+02,3.787559121356218750e-01,0.000000000000000000e+00,4.763298117264922027e+00,1.000000000000000000e+00
2.514000000000000000e+03,5.411881511144444090e+01,4.208979608883070966e+01,-4.126376895563835939e-03,1.154159521249426064e+02,4.096496320718304718e-01,0.000000000000000000e+00,5.578492752972906032e+00,1.000000000000000000e+00
2.514000000000000000e+03,1.349035312311389703e+02,8.998745230866227018e+00,-3.686350553364149771e-03,1.040114331703398420e+02,2.663437314761561980e-01,0.000000000000000000e+00,1.114934170508506384e+01,1.000000000000000000e+00
2.514000000000000000e+03,1.184561833811062286e+02,2.081689375216525306e+01,4.763193469562754766e-03,-1.319208428377810378e+02,2.814466231286181230e-01,0.000000000000000000e+00,4.763298117264922027e+00,1.000000000000000000e+00
2.514000000000000000e+03,6.500334956473651005e+01,3.013306051261645635e+01,7.753785343558135951e-03,-2.094304336090165179e+02,3.048120809646794882e-01,0.000000000000000000e+00,9.018036385573209301e+00,1.000000000000000000e+00
2.515000000000000000e+03,1.444050423257031355e+02,3.757796103080364958e+01,-2.457362442017923393e-02,6.453638202416822196e+02,1.416211087687102577e-02,0.000000000000000000e+00,1.795264783656129026e+01,1.000000000000000000e+00
2.515000000000000000e+03,5.139348174146046233e+01,4.695725327070945809e+01,-5.586193929220556117e-03,1.532512120490742973e+02,1.778050520196867712e-01,0.000000000000000000e+00,5.578492752972906032e+00,1.000000000000000000e+00
2.516000000000000000e+03,1.136309603730651929e+02,3.530374939468319440e+01,8.766484780335261420e-03,-2.356773847899508496e+02,7.002165625723089093e-02,0.000000000000000000e+00,8.112550857562400353e+00,1.000000000000000000e+00
2.516000000000000000e+03,4.818684777818252485e+01,3.712823310786708220e+01,-7.847651674486550571e-03,2.118632433015469871e+02,6.806078473025012343e-02,0.000000000000000000e+00,7.733391471854710097e+00,1.000000000000000000e+00
2.517000000000000000e+03,2.962769588735828563e+01,1.231369030419463506e+01,-4.340380889040945482e-03,1.209624668807860672e+02,1.671864116202211870e-01,0.000000000000000000e+00,8.453989287853396206e+00,1.000000000000000000e+00
2.518000000000000000e+03,8.566349345517274116e+01,3.840645965113872506e+01,-7.817685118228484553e-02,2.034642045223230525e+03,6.074317807664875168e-03,0.000000000000000000e+00,1.387606377295857740e+01,1.000000000000000000e+00
2.519000000000000000e+03,1.439369886668444281e+02,1.963141567756037631e+01,3.857961435772083812e-03,-1.084592113452865334e+02,1.976825034113980362e-01,0.000000000000000000e+00,1.376005919276025224e+01,1.000000000000000000e+00
2.520000000000000000e+03,1.223495943759539557e+02,1.844142416909361870e+01,-5.032970885715069322e-03,1.389128825430689744e+02,3.098652119624137891e-01,0.000000000000000000e+00,7.382422407471519676e+00,1.000000000000000000e+00
2.520000000000000000e+03,1.205445475788212093e+02,3.954825093961672877e+01,-8.618519828051807510e-03,2.318424573297040183e+02,6.573957891933224218e-02,0.000000000000000000e+00,8.112550857562400353e+00,1.000000000000000000e+00
2.520000000000000000e+03,5.119585828606781774e+01,1.730593013000468616e+01,1.518048385559237455e-02,-4.019141915749844429e+02,3.092520913495341306e-01,0.000000000000000000e+00,6.603872254302226352e+00,1.000000000000000000e+00
2.520000000000000000e+03,1.467011739690561356e+01,3.928895162773603289e+01,4.100606926542485660e-03,-1.147480509745379749e+02,1.776369328146829574e-01,0.000000000000000000e+00,8.023142170336191370e+00,1.000000000000000000e+00
2.521000000000000000e+03,5.693385343551349109e+01,1.010023916034628044e+01,-3.494803972154186117e-02,9.142459406980500489e+02,1.723802552391839882e-02,0.000000000000000000e+00,9.211219826129369181e+00,1.000000000000000000e+00
2.521000000000000000e+03,1.326495836423369781e+02,1.176161791643653132e+01,-3.587704748713965719e-02,9.383237870805406828e+02,1.022103903322069129e-02,0.000000000000000000e+00,1.113759028617318769e+01,1.000000000000000000e+00
2.521000000000000000e+03,9.861432493899989993e+01,6.534714306661175698e+00,4.255555085636191989e-03,-1.187639678592663302e+02,3.052021383517330433e-01,0.000000000000000000e+00,8.128326586372306650e+00,1.000000000000000000e+00
2.522000000000000000e+03,4.656608789901171264e+01,4.799956071701470961e+01,-7.228620424524751127e-03,1.958193092307157599e+02,1.131082811165972091e-01,0.000000000000000000e+00,1.130771531128823959e+01,1.000000000000000000e+00
2.522000000000000000e+03,1.123622395900313364e+02,8.853830486654910459e+00,4.469486262903058643e-03,-1.243085953784371611e+02,1.305541905374852929e-01,0.000000000000000000e+00,3.768348884821007161e+00,1.000000000000000000e+00
2.522000000000000000e+03,1.008073250436766983e+02,1.436161941887599269e+01,-7.632254353594864968e-03,2.062806165510668848e+02,7.813324289864154171e-02,0.000000000000000000e+00,7.568236114231147837e+00,1.000000000000000000e+00
2.522000000000000000e+03,3.189646799379369924e+01,2.544251775373789926e+01,-3.087219558462185945e-02,8.086089884120971192e+02,7.660688823619477006e-03,0.000000000000000000e+00,6.051034129470560963e+00,1.000000000000000000e+00
2.522000000000000000e+03,1.578665288855560966e+01,2.081988298981714536e+01,3.032590993735740769e-03,-8.706741738195903224e+01,3.713929797792799858e-01,0.000000000000000000e+00,4.389265521250628410e+00,1.000000000000000000e+00
2.523000000000000000e+03,5.028612594457778862e+00,4.895956955986735437e+01,-3.866556745298234746e-03,1.086819829410088403e+02,3.003468847977102119e-01,0.000000000000000000e+00,1.365574846154118838e+01,1.000000000000000000e+00
2.523000000000000000e+03,3.973775153077126276e+01,9.203917319922265250e+00,2.975891820707461232e-03,-8.559789901112961275e+01,2.689413413828288801e-01,0.000000000000000000e+00,1.403320426668521748e+01,1.000000000000000000e+00
2.523000000000000000e+03,3.099339073715049864e+01,5.165120983517976327e+01,-7.703214167867835846e-03,2.081197395064010891e+02,7.883994401605154412e-02,0.000000000000000000e+00,1.599510669477499647e+01,1.000000000000000000e+00
2.523000000000000000e+03,6.211369724396571002e+01,5.064504485624861729e+01,-5.050099222424734614e-03,1.393568115126158773e+02,1.456426830595013433e-01,0.000000000000000000e+00,1.577107297155900589e+01,1.000000000000000000e+00
2.524000000000000000e+03,1.269196086131701264e+02,2.681033341621424881e+01,-8.169379929931266590e-03,2.202017349679969414e+02,4.582923628012858241e-02,0.000000000000000000e+00,9.535390506680871070e+00,1.000000000000000000e+00
2.524000000000000000e+03,5.014573739197363267e+01,2.382577482592571627e+01,-7.049181311252795089e-03,1.911686404587574373e+02,6.272239837698401210e-02,0.000000000000000000e+00,6.603872254302226352e+00,1.000000000000000000e+00
2.524000000000000000e+03,8.766303689460177395e+01,4.589138986800408304e+01,-6.278007240155865365e-02,1.635591264383994940e+03,6.061538506455965702e-03,0.000000000000000000e+00,1.507670377307774601e+01,1.000000000000000000e+00
2.525000000000000000e+03,1.198994584534477923e+02,9.486781753964287134e+00,-8.001757530319097630e-03,2.158573295307300555e+02,6.861322235478817255e-02,0.000000000000000000e+00,6.601804978188375195e+00,1.000000000000000000e+00
2.525000000000000000e+03,7.674901008518472167e+01,2.714741596157848491e+01,-3.615277497641355715e-03,1.021693752446706753e+02,2.074943057628094722e-01,0.000000000000000000e+00,1.058044150258237082e+01,1.000000000000000000e+00
2.525000000000000000e+03,2.242382979070948679e+01,3.722721585426768343e+01,6.985925990034671899e-03,-1.895292010874567836e+02,7.503811651669989313e-02,0.000000000000000000e+00,7.572528720413697734e+00,1.000000000000000000e+00
2.526000000000000000e+03,9.815174460287856562e+00,1.662836677661313800e+01,3.245906483693128310e-03,-9.259608763467177539e+01,2.659127455895786696e-01,0.000000000000000000e+00,7.295708518356470940e+00,1.000000000000000000e+00
2.526000000000000000e+03,8.703505802723907436e+01,2.466891639060274599e+01,-7.086888375061410617e-02,1.845235536791317827e+03,8.070398083811713974e-03,0.000000000000000000e+00,3.297562272790954374e+00,1.000000000000000000e+00
2.526000000000000000e+03,4.826831364605883579e+01,3.682070330369950284e+01,3.938804165804325741e-03,-1.105544778295283948e+02,1.178532468624557961e-01,0.000000000000000000e+00,1.130771531128823959e+01,1.000000000000000000e+00
2.526000000000000000e+03,1.064135697731870636e+02,1.944573368918796419e+01,3.738811935850107782e-03,-1.053711172927832678e+02,1.792600074056310833e-01,0.000000000000000000e+00,7.568236114231147837e+00,1.000000000000000000e+00
2.527000000000000000e+03,1.790237498161254948e+01,2.466557822488067231e+01,-8.642919993054925393e-03,2.324748561603795167e+02,1.040108887933968163e-01,0.000000000000000000e+00,4.389265521250628410e+00,1.000000000000000000e+00
2.527000000000000000e+03,3.612941981664479130e+01,3.430774439033284295e+01,-7.245462625874353468e-03,1.962558221984817237e+02,1.400950293839056116e-01,0.000000000000000000e+00,9.808071604702398361e+00,1.000000000000000000e+00
2.527000000000000000e+03,1.117994932558763992e+02,4.293547762817311764e+01,3.893691747956007799e-03,-1.093852627732951674e+02,2.263287401669419330e-01,0.000000000000000000e+00,7.103982879162251685e+00,1.000000000000000000e+00
2.528000000000000000e+03,1.327323548823776491e+02,1.387945806205434174e+01,-8.651627017166220110e-03,2.327005231534487280e+02,4.955370602345132713e-02,0.000000000000000000e+00,1.356387982486192278e+01,1.000000000000000000e+00
2.528000000000000000e+03,5.678422008454029424e+01,2.136620002584675504e+01,-4.580328598284053206e-03,1.271813859220799685e+02,1.405803394080157309e-01,0.000000000000000000e+00,7.079474603153158796e+00,1.000000000000000000e+00
2.528000000000000000e+03,5.933713710870466684e+01,3.094156320092738000e+01,3.333545749533533154e-03,-9.486750543990579843e+01,2.118634667919644388e-01,0.000000000000000000e+00,9.909841838644974032e+00,1.000000000000000000e+00
2.529000000000000000e+03,9.891136140297672341e+01,3.585235642770575026e+01,-3.513928055483600543e-02,9.192024842024555937e+02,6.536188380650620466e-03,0.000000000000000000e+00,1.075849204923071412e+01,1.000000000000000000e+00
2.529000000000000000e+03,4.669262133677527515e+01,4.807523949524692597e+01,7.862854497245398352e-03,-2.122572671671410660e+02,7.227691121376256245e-02,0.000000000000000000e+00,9.304711234375034223e+00,1.000000000000000000e+00
2.530000000000000000e+03,1.485284422916049429e+01,3.738008458327067984e+01,7.157054952064258527e-03,-1.939644889417967875e+02,3.648415016595190075e-01,0.000000000000000000e+00,4.310863434111423587e+00,1.000000000000000000e+00
2.530000000000000000e+03,1.330197181914768656e+01,3.335785406831756461e+01,-7.825742259738404510e-03,2.112953992617324559e+02,3.174721896486498718e-01,0.000000000000000000e+00,4.310863434111423587e+00,1.000000000000000000e+00
2.530000000000000000e+03,4.924587910997268558e+00,4.726996477861612789e+01,-3.904366312054604639e-03,1.096619240931289028e+02,3.527530544898398457e-01,0.000000000000000000e+00,1.142237851480334498e+01,1.000000000000000000e+00
2.531000000000000000e+03,9.310809246961343888e+01,1.476556224932995853e+01,3.718087838204889740e-03,-1.048339940759539672e+02,1.838472203945586969e-01,0.000000000000000000e+00,8.807757631160937351e+00,1.000000000000000000e+00
2.531000000000000000e+03,1.286305100581773075e+01,2.448974706440933957e+01,-3.921704459118186860e-03,1.101112908874799956e+02,2.460589564129425089e-01,0.000000000000000000e+00,5.042390576900324994e+00,1.000000000000000000e+00
2.531000000000000000e+03,1.150854705243765892e+02,3.341434029593992960e+01,-6.865347833520901548e-03,1.864040793854285312e+02,2.085280136553152586e-01,0.000000000000000000e+00,5.058486928976532404e+00,1.000000000000000000e+00
2.531000000000000000e+03,6.555239527239805852e+01,9.894984526314647866e+00,7.471451242107873293e-03,-2.021129521250124128e+02,7.527854400328515272e-02,0.000000000000000000e+00,1.443847918451490386e+01,1.000000000000000000e+00
2.532000000000000000e+03,1.220865298998361510e+02,2.576248105128383159e+01,-7.936092970107859121e-03,2.141554479619332483e+02,4.802784440883844930e-02,0.000000000000000000e+00,1.037139249468166824e+01,1.000000000000000000e+00
2.532000000000000000e+03,1.106903689547945930e+02,3.591861108874255848e+01,6.275248885845460985e-03,-1.711100072164453252e+02,2.898597379714374922e-01,0.000000000000000000e+00,5.058486928976532404e+00,1.000000000000000000e+00
2.532000000000000000e+03,4.378476333807959264e+01,1.397823477287268901e+01,-3.037525126787296928e-03,8.719529930291336939e+01,2.299535047588467940e-01,0.000000000000000000e+00,1.226860357975722948e+01,1.000000000000000000e+00
2.532000000000000000e+03,1.790029084314256380e+01,3.399226954137461831e+01,-7.681021836753656497e-03,2.075445628940799168e+02,2.524767498055474624e-01,0.000000000000000000e+00,4.556777548132890487e+00,1.000000000000000000e+00
2.532000000000000000e+03,5.885380585398784348e+01,4.137046519776011877e+01,-5.210939491279463660e-03,1.435254389762524454e+02,2.094613858883689339e-01,0.000000000000000000e+00,1.023517858621030996e+01,1.000000000000000000e+00
2.533000000000000000e+03,1.299322623319691843e+02,4.263260063160664970e+01,-2.886996524260921140e-02,7.567155636393556506e+02,7.220866008523119106e-03,0.000000000000000000e+00,8.229661059559592928e+00,1.000000000000000000e+00
2.533000000000000000e+03,1.213953732956875697e+01,5.602564640624368764e+00,-2.744661255636477240e-02,7.198253797285183282e+02,1.099298092097467094e-02,0.000000000000000000e+00,1.782371876424561918e+01,1.000000000000000000e+00
2.533000000000000000e+03,8.338293240244253468e+01,2.364438994185265486e+01,-1.174000656454812080e-01,3.051221849445440057e+03,5.524997771651940504e-03,0.000000000000000000e+00,1.316861114641948483e+01,1.000000000000000000e+00
2.533000000000000000e+03,8.896254702160970851e+01,3.994701680171301916e+01,-6.449286795386155631e-03,1.756206886185046017e+02,1.770457590257552560e-01,0.000000000000000000e+00,1.075849204923071412e+01,1.000000000000000000e+00
2.534000000000000000e+03,6.841069154097588978e+01,4.503445437043259147e+01,-2.706031315530934081e-02,7.098133454046979978e+02,3.495230949079186633e-02,0.000000000000000000e+00,7.719133134947091079e+00,1.000000000000000000e+00
2.534000000000000000e+03,2.633782734672990955e+01,1.637723452770227439e+01,-3.027215016066746225e-03,8.692808381633867043e+01,2.215862795646819094e-01,0.000000000000000000e+00,1.517024487364217578e+01,1.000000000000000000e+00
2.534000000000000000e+03,5.514510433422655922e+01,5.196537861009898052e+01,-3.446385045250970232e-03,9.779205282132039656e+01,3.592442322185500636e-01,0.000000000000000000e+00,8.654338060259002319e+00,1.000000000000000000e+00
2.535000000000000000e+03,1.221917960240166110e+02,3.983751521418510322e+01,-7.046588816780620032e-03,1.911014486806474508e+02,2.318774074323264323e-01,0.000000000000000000e+00,8.229661059559592928e+00,1.000000000000000000e+00
2.535000000000000000e+03,9.122869826298985174e+01,6.160652493534525043e+00,-4.840614968546006446e-03,1.339274385071093150e+02,1.422350437643913335e-01,0.000000000000000000e+00,8.807757631160937351e+00,1.000000000000000000e+00
2.535000000000000000e+03,3.245950605467366756e+01,4.891329155798133854e+01,2.493622118029932642e-03,-7.309852468294323558e+01,3.060766572577919842e-01,0.000000000000000000e+00,1.229998815224745101e+01,1.000000000000000000e+00
2.536000000000000000e+03,1.211868367871000345e+02,5.989162412783405109e+00,2.819094782505445710e-03,-8.153406322970502629e+01,2.545467345078036292e-01,0.000000000000000000e+00,1.406431365413392420e+01,1.000000000000000000e+00
2.536000000000000000e+03,4.075474712603627125e+01,3.983151397243088354e+01,-6.880927464956952504e-03,1.868078693065727123e+02,7.512277459270977342e-02,0.000000000000000000e+00,6.370905052661957946e+00,1.000000000000000000e+00
2.537000000000000000e+03,2.191964366623494698e+01,3.088984912644617964e+01,-7.575492765775721990e-03,2.048094805255718427e+02,1.232715382198832366e-01,0.000000000000000000e+00,5.077421545180728302e+00,1.000000000000000000e+00
2.537000000000000000e+03,1.364727627764206090e+02,7.289194740691382179e+00,4.058447520205486075e-03,-1.136553715083915677e+02,2.079769120271204308e-01,0.000000000000000000e+00,1.534110874104580446e+01,1.000000000000000000e+00
2.538000000000000000e+03,6.376548161560727124e+01,5.119943945592103773e+01,1.501417578906779661e-02,-3.976038507724282454e+02,5.215377154645373103e-02,0.000000000000000000e+00,7.719133134947091079e+00,1.000000000000000000e+00
2.539000000000000000e+03,1.064965401720004223e+02,4.883019756779802378e+01,-3.603904401756446302e-02,9.425223823113941535e+02,7.110609340574614023e-03,0.000000000000000000e+00,1.808893010029143866e+01,1.000000000000000000e+00
2.540000000000000000e+03,1.336601236953619889e+02,2.954870636796944083e+01,2.522137416319423196e-03,-7.383757875459939157e+01,2.446385515487019546e-01,0.000000000000000000e+00,7.699747374404312339e+00,1.000000000000000000e+00
2.541000000000000000e+03,1.071284050318099617e+02,5.582449806992025643e+00,-4.354033928640664575e-02,1.136939524816831636e+03,6.994420896212938388e-03,0.000000000000000000e+00,1.142367356979925574e+01,1.000000000000000000e+00
2.541000000000000000e+03,2.192382590978916923e+01,1.004197698480996692e+01,-3.655124860398024575e-03,1.032021316055231352e+02,2.756673856767255515e-01,0.000000000000000000e+00,1.287404571688162846e+01,1.000000000000000000e+00
2.541000000000000000e+03,3.438802426628839726e+01,4.006231955554688540e+01,-2.464293572740371401e-03,7.233839303038425328e+01,2.724306999911836336e-01,0.000000000000000000e+00,6.370905052661957946e+00,1.000000000000000000e+00
2.541000000000000000e+03,7.917228441750390289e+01,4.776200443525936379e+01,-1.680537743779906418e-02,4.440278740532917254e+02,1.717294940768088196e-02,0.000000000000000000e+00,1.578561155286044659e+01,1.000000000000000000e+00
2.541000000000000000e+03,8.495965420976443738e+01,2.228261565265017552e+01,-6.989617150806854903e-03,1.896248678895405249e+02,1.438563608159605378e-01,0.000000000000000000e+00,9.026611577123402341e+00,1.000000000000000000e+00
2.542000000000000000e+03,6.527382568782941519e+01,1.955235203964993929e+01,-3.838341705254178643e-02,1.003283396255248817e+03,5.924080855345015273e-03,0.000000000000000000e+00,1.272602964405034598e+01,1.000000000000000000e+00
2.542000000000000000e+03,9.274708518029999027e+01,2.684722247508317849e+01,4.105492550140072902e-03,-1.148746756367007009e+02,1.624715897534874109e-01,0.000000000000000000e+00,9.026611577123402341e+00,1.000000000000000000e+00
2.542000000000000000e+03,3.361051921163615930e+01,4.798891908185841260e+01,3.383753421597334061e-03,-9.616877832474197874e+01,2.179518923188759061e-01,0.000000000000000000e+00,7.964640240496233758e+00,1.000000000000000000e+00
2.543000000000000000e+03,3.478083606138513773e+01,1.070405181601592659e+01,-3.984114813548521317e-02,1.041064592905965810e+03,7.732965396467395003e-03,0.000000000000000000e+00,8.036404909823362530e+00,1.000000000000000000e+00
2.543000000000000000e+03,1.007508225965412691e+02,1.506014784558147568e+01,-6.609283531817992940e-03,1.797674535694161477e+02,6.643817226513326624e-02,0.000000000000000000e+00,6.966901164552517400e+00,1.000000000000000000e+00
2.543000000000000000e+03,1.029449026688199211e+02,2.623025979998098833e+01,3.405184468996881597e-03,-9.672422413069833169e+01,1.955083499562576543e-01,0.000000000000000000e+00,1.021646340333249547e+01,1.000000000000000000e+00
2.544000000000000000e+03,1.241654366677409982e+01,4.866322136899430717e+01,3.558012941396767118e-03,-1.006852033792918775e+02,1.941298344186732638e-01,0.000000000000000000e+00,1.495035869020427022e+01,1.000000000000000000e+00
2.544000000000000000e+03,1.338288889910707269e+02,1.346442042696613406e+01,-6.676420552190990600e-03,1.815074980803239555e+02,1.736246435780810504e-01,0.000000000000000000e+00,1.608517130642357529e+01,1.000000000000000000e+00
2.544000000000000000e+03,4.944918903337786986e+01,5.292776892282265777e+01,-4.113813515149677275e-03,1.150903368234792765e+02,1.185042269840889118e-01,0.000000000000000000e+00,1.058254730194865978e+01,1.000000000000000000e+00
2.545000000000000000e+03,5.025566538742129552e+01,4.635336252219256714e+00,-3.226567558015816517e-02,8.447249376130241671e+02,9.399057176412650705e-03,0.000000000000000000e+00,4.993988250991022504e+00,1.000000000000000000e+00
2.545000000000000000e+03,1.274446055562331850e+02,3.409331238959627797e+01,-3.190130359123952153e-02,8.352812137819104237e+02,1.807389644279362440e-01,0.000000000000000000e+00,5.143873380614602198e+00,1.000000000000000000e+00
2.545000000000000000e+03,6.176433301214609628e+01,3.533580174508553995e+01,-4.000959503017681440e-03,1.121654080248342069e+02,3.790025491468188568e-01,0.000000000000000000e+00,7.520947415109615619e+00,1.000000000000000000e+00
2.546000000000000000e+03,1.186092021362060791e+02,2.313744484719170202e+01,-7.850218126574666500e-03,2.119297601181054631e+02,2.013509231424154278e-01,0.000000000000000000e+00,6.147283116639138179e+00,1.000000000000000000e+00
2.546000000000000000e+03,5.718044606228605176e+01,2.937319908754187381e+01,-7.728711817590012273e-03,2.087805827370602572e+02,6.602927688690396479e-02,0.000000000000000000e+00,7.520947415109615619e+00,1.000000000000000000e+00
2.546000000000000000e+03,7.112310737573077191e+00,3.468544121624666587e+01,4.106485138403993991e-03,-1.149004013503327997e+02,2.236042063752810005e-01,0.000000000000000000e+00,7.810007694132367284e+00,1.000000000000000000e+00
2.546000000000000000e+03,9.509702005165601690e+01,1.098924762326058513e+01,-3.942800827747587264e-03,1.106580625527956698e+02,2.274121385253851102e-01,0.000000000000000000e+00,6.966901164552517400e+00,1.000000000000000000e+00
2.546000000000000000e+03,1.117142618027954803e+01,2.801312512622300588e+01,4.465554780380592663e-03,-1.242066999629876847e+02,2.638596600027450778e-01,0.000000000000000000e+00,7.810007694132367284e+00,1.000000000000000000e+00
2.547000000000000000e+03,1.279584246751768148e+02,2.897516592150810055e+01,-3.367711143206757185e-02,8.813062632805723524e+02,1.786450622501828400e-01,0.000000000000000000e+00,5.143873380614602198e+00,1.000000000000000000e+00
2.547000000000000000e+03,4.203881673214538495e+01,1.415448953571232416e+01,-2.893208428863730530e-03,8.345492660452593725e+01,3.665342247176113233e-01,0.000000000000000000e+00,7.369129071849865653e+00,1.000000000000000000e+00
2.548000000000000000e+03,3.718238899394003028e+01,2.258006350393174344e+01,4.643067600125406688e-03,-1.288074434260824717e+02,1.832205284306288595e-01,0.000000000000000000e+00,8.109410205189513832e+00,1.000000000000000000e+00
2.548000000000000000e+03,1.080709824686819616e+02,5.074607848494435558e+01,-3.853153479135790205e-02,1.007122283607758277e+03,1.435098703257031705e-02,0.000000000000000000e+00,8.572733127609252435e+00,1.000000000000000000e+00
2.548000000000000000e+03,7.776991036577879868e+01,2.613559505493808288e+01,-3.488923095438786325e-03,9.889454590669717504e+01,2.742270057222522261e-01,0.000000000000000000e+00,1.131731233660257629e+01,1.000000000000000000e+00
2.549000000000000000e+03,5.989491839806822782e+01,5.123158336763524545e+01,3.498666348602810349e-03,-9.914706968705344536e+01,2.169652105588414370e-01,0.000000000000000000e+00,1.058254730194865978e+01,1.000000000000000000e+00
2.550000000000000000e+03,1.411187577079678022e+02,3.264271705710302030e+01,-7.984809477550869339e-03,2.154180731260506434e+02,1.767395561160761686e-01,0.000000000000000000e+00,7.119522221595408595e+00,1.000000000000000000e+00
2.550000000000000000e+03,4.551107030888010030e+01,6.193776559616058996e+00,6.069632463576065708e-03,-1.657808799341410122e+02,2.562839284568476650e-01,0.000000000000000000e+00,4.993988250991022504e+00,1.000000000000000000e+00
2.550000000000000000e+03,1.342093601147287529e+02,1.142580913647974761e+01,-4.110734042664290072e-03,1.150105236419451700e+02,2.368246117507171178e-01,0.000000000000000000e+00,1.608426702631597394e+01,1.000000000000000000e+00
2.550000000000000000e+03,5.933931043262861493e+01,1.728178939755179400e+01,2.669789967313986392e-03,-7.766440945772302484e+01,2.484300953178024685e-01,0.000000000000000000e+00,1.139836274249243964e+01,1.000000000000000000e+00
2.550000000000000000e+03,1.138127484199257822e+02,1.751459330990561014e+01,2.428662411505714755e-03,-7.141491137780005261e+01,4.898280193389433768e-01,0.000000000000000000e+00,7.390698726289662623e+00,1.000000000000000000e+00
2.551000000000000000e+03,9.009508803778479091e+01,4.845544656704741016e+01,-5.676275669918250111e-02,1.479635621727411944e+03,1.138403935655074584e-02,0.000000000000000000e+00,8.721072110391803633e+00,1.000000000000000000e+00
2.551000000000000000e+03,1.057969643379927334e+02,3.072625897010798823e+01,-3.087389302699516946e-02,8.086529824003297335e+02,7.782726898807545979e-03,0.000000000000000000e+00,1.409155322589330872e+01,1.000000000000000000e+00
2.551000000000000000e+03,1.122430211550161232e+02,4.325703004893192372e+01,4.836005658748395233e-03,-1.338079752934032456e+02,3.983738805039130915e-01,0.000000000000000000e+00,8.572733127609252435e+00,1.000000000000000000e+00
2.551000000000000000e+03,4.892784892584464984e+01,2.192120126784263334e+01,-8.125243582261073433e-03,2.190578175127932639e+02,8.540551536480600614e-02,0.000000000000000000e+00,1.038174242099251288e+01,1.000000000000000000e+00
2.552000000000000000e+03,3.470342632771490798e+01,1.485884093393067751e+01,-3.860099582574263218e-03,1.085146274269949345e+02,2.037017328216336187e-01,0.000000000000000000e+00,7.369129071849865653e+00,1.000000000000000000e+00
2.552000000000000000e+03,1.249745888998546519e+02,2.459481237828844513e+01,2.595046347494103095e-03,-7.572721855067352692e+01,3.146279770686869481e-01,0.000000000000000000e+00,5.300072933242466533e+00,1.000000000000000000e+00
2.553000000000000000e+03,1.085049070954139125e+02,9.997353382512301323e+00,-9.687078003188258693e-03,2.595371446557394961e+02,1.172759740275908236e-01,0.000000000000000000e+00,6.968959045727056711e+00,1.000000000000000000e+00
2.553000000000000000e+03,1.341368241902415832e+02,3.124980607005394972e+01,-7.853857132198629326e-03,2.120240751729881481e+02,6.726765973850457048e-02,0.000000000000000000e+00,5.476192200462408621e+00,1.000000000000000000e+00
2.553000000000000000e+03,7.059025388819097202e+01,3.488397155506929437e+01,3.400847505114231069e-03,-9.661181952656062322e+01,1.862555466502727741e-01,0.000000000000000000e+00,1.131731233660257629e+01,1.000000000000000000e+00
2.553000000000000000e+03,9.397677358440621731e+01,4.064586168231735996e+01,-3.372656821738540672e-02,8.825880748256978450e+02,5.415419126822629270e-02,0.000000000000000000e+00,8.721072110391803633e+00,1.000000000000000000e+00
2.553000000000000000e+03,1.278505490185366114e+02,4.888216434581779879e+01,1.383751789618713722e-02,-3.671074555444563430e+02,4.938176374286340486e-02,0.000000000000000000e+00,1.659027009631157767e+01,1.000000000000000000e+00
2.553000000000000000e+03,1.828895680702925830e+01,3.791435739071902589e+01,1.911071091646609869e-03,-5.800007810085895699e+01,4.183990759125312264e-01,0.000000000000000000e+00,9.259325185314658313e+00,1.000000000000000000e+00
2.554000000000000000e+03,1.442302163251816438e+01,1.393147642988296475e+01,3.788975815536812109e-03,-1.066712551751280813e+02,2.460282715492201344e-01,0.000000000000000000e+00,1.382588916061355278e+01,1.000000000000000000e+00
2.554000000000000000e+03,1.037355520860841835e+02,1.507865665785440434e+01,-7.517967858821835228e-03,2.033185609400811131e+02,3.020139190033414023e-01,0.000000000000000000e+00,6.968959045727056711e+00,1.000000000000000000e+00
2.555000000000000000e+03,2.939972693100314416e+01,2.887656784395052156e+01,8.475060862639932982e-03,-2.281243151792394031e+02,1.842235537883355478e-01,0.000000000000000000e+00,3.355804732317128725e+00,1.000000000000000000e+00
2.555000000000000000e+03,4.096158686496281121e+01,3.984188414863182004e+01,7.431869001331280374e-03,-2.010870671451594376e+02,4.539840915351689432e-02,0.000000000000000000e+00,1.547596653186054283e+01,1.000000000000000000e+00
2.556000000000000000e+03,2.758260726342531655e+01,9.691132445676808871e+00,-2.477194445385964058e-03,7.267275539124221950e+01,2.480749304195019045e-01,0.000000000000000000e+00,8.798367755778407684e+00,1.000000000000000000e+00
2.556000000000000000e+03,3.222593095191250256e+01,2.706714908820661947e+01,-5.583919950406012259e-03,1.531922754991323359e+02,4.050984726773927402e-01,0.000000000000000000e+00,3.355804732317128725e+00,1.000000000000000000e+00
2.557000000000000000e+03,1.592614894988291852e+01,2.896157894391214427e+01,-4.197502672679889746e-03,1.172593764736439397e+02,1.342380959800333340e-01,0.000000000000000000e+00,7.273156094859955623e+00,1.000000000000000000e+00
2.557000000000000000e+03,1.292042983646157666e+02,1.651549290196199138e+01,-2.842581170799275171e-03,8.214277896961540648e+01,2.972182976157170531e-01,0.000000000000000000e+00,6.873763368898825554e+00,1.000000000000000000e+00
2.557000000000000000e+03,8.400717647244425734e+01,2.204248501140329708e+01,-1.670814718505357925e-03,5.177315916742362845e+01,3.313161129950936701e-01,0.000000000000000000e+00,1.151450542656006881e+01,1.000000000000000000e+00
2.557000000000000000e+03,9.566255189272565929e+01,2.388765244888694284e+01,-4.547123565468940039e-03,1.263207842039303017e+02,3.182344507853903659e-01,0.000000000000000000e+00,1.180052621962469317e+01,1.000000000000000000e+00
2.557000000000000000e+03,1.392633974837956714e+02,2.932446784464437073e+01,-3.668597890616169793e-03,1.035513230374057514e+02,1.667108237734772347e-01,0.000000000000000000e+00,5.476192200462408621e+00,1.000000000000000000e+00
2.558000000000000000e+03,1.664437584231751543e+01,4.943355596674445707e+01,-6.699769933991156501e-03,1.821126629120180667e+02,1.574599610791651561e-01,0.000000000000000000e+00,1.163600371190205962e+01,1.000000000000000000e+00
2.558000000000000000e+03,3.438105069145652948e+01,1.601693567849578059e+01,3.063270940684983783e-03,-8.786257440542210873e+01,2.460129972237773410e-01,0.000000000000000000e+00,9.286259719848661831e+00,1.000000000000000000e+00
2.560000000000000000e+03,9.653549542637624370e+01,9.508159811662226346e+00,-2.975263976129135374e-02,7.795925537502957923e+02,7.360073986585935479e-02,0.000000000000000000e+00,7.768185033823871599e+00,1.000000000000000000e+00
2.560000000000000000e+03,5.854501278451217416e+01,4.901385790401150189e+01,3.797239109269601610e-03,-1.068854216487349760e+02,1.376749078739064602e-01,0.000000000000000000e+00,1.417032437169213566e+01,1.000000000000000000e+00
2.561000000000000000e+03,7.827956403218104242e+01,3.328045048989432075e+01,-7.611726341193301125e-03,2.057485754342473285e+02,2.765207840951164897e-01,0.000000000000000000e+00,3.591501944784595945e+00,1.000000000000000000e+00
2.561000000000000000e+03,1.128106257600406082e+02,3.384651316670948518e+01,-3.691367677951176186e-03,1.041414660501086331e+02,1.505771464314612507e-01,0.000000000000000000e+00,1.614288368763633841e+01,1.000000000000000000e+00
2.561000000000000000e+03,1.982104102359901177e+01,2.281921658775778994e+01,-2.488392017786511274e-03,7.296297194066330860e+01,3.110975726154945331e-01,0.000000000000000000e+00,7.273156094859955623e+00,1.000000000000000000e+00
2.562000000000000000e+03,1.309520280055915862e+02,4.329109513021329292e+01,-7.691208121197479729e-03,2.078085690747913929e+02,9.267829525045157002e-02,0.000000000000000000e+00,3.333096422396565561e+00,1.000000000000000000e+00
2.562000000000000000e+03,1.042822280441476153e+02,8.931243467221973376e+00,-6.138811554284635819e-02,1.599514791553262285e+03,1.233317447263393429e-02,0.000000000000000000e+00,7.768185033823871599e+00,1.000000000000000000e+00
2.562000000000000000e+03,8.264534843264288000e+00,1.104666383350758530e+01,2.622187578974920306e-03,-7.643065982040954509e+01,2.971136663494047259e-01,0.000000000000000000e+00,7.068743948809451005e+00,1.000000000000000000e+00
2.562000000000000000e+03,1.137704271128904452e+02,1.285361755881288559e+01,-8.152981251770038962e-03,2.197767171497789604e+02,8.454608872567348499e-02,0.000000000000000000e+00,1.026698300780107154e+01,1.000000000000000000e+00
2.562000000000000000e+03,1.338788978023230811e+02,2.155501102858896090e+01,2.598248971488190725e-03,-7.581022354956166964e+01,2.501261013177157322e-01,0.000000000000000000e+00,6.828650636694293397e+00,1.000000000000000000e+00
2.563000000000000000e+03,1.313780459993025431e+02,1.520078331962587193e+01,1.873712162636645287e-03,-5.703181649204724124e+01,3.661112767610094076e-01,0.000000000000000000e+00,6.828650636694293397e+00,1.000000000000000000e+00
2.563000000000000000e+03,6.202736595299820266e+01,3.527809038963840038e+01,3.638726972306881389e-03,-1.027771342641911616e+02,2.129827453644637103e-01,0.000000000000000000e+00,1.417032437169213566e+01,1.000000000000000000e+00
2.565000000000000000e+03,1.318775745574316538e+01,5.974285681022610817e+00,3.209599622016690804e-03,-9.165509330669317478e+01,4.192765610495468032e-01,0.000000000000000000e+00,7.068743948809451005e+00,1.000000000000000000e+00
2.566000000000000000e+03,1.261865547031008461e+01,2.176780644813678478e+01,-2.677000039710999979e-02,7.022890746142350054e+02,1.603630063523586724e-02,0.000000000000000000e+00,5.367345621904650699e+00,1.000000000000000000e+00
2.566000000000000000e+03,7.889439055466019113e+01,1.634141929222032275e+01,-8.562269156332912717e-03,2.303845631304150459e+02,1.374701028442025796e-01,0.000000000000000000e+00,3.513535921775913007e+00,1.000000000000000000e+00
2.566000000000000000e+03,2.692617547993439686e+01,2.921971134592923391e+01,-2.674747672877998434e-03,7.779290232656690307e+01,3.849853010082117111e-01,0.000000000000000000e+00,9.562911104469415946e+00,1.000000000000000000e+00
2.567000000000000000e+03,1.286883584449241482e+02,4.573758892360424966e+01,-7.881600553540243914e-03,2.127431238848772921e+02,4.750534608891243682e-02,0.000000000000000000e+00,3.333096422396565561e+00,1.000000000000000000e+00
2.567000000000000000e+03,5.487279245877630274e+00,5.088053536721776027e+01,-3.118733299184074052e-03,8.930003725277775573e+01,3.044775720154854204e-01,0.000000000000000000e+00,2.070643219693543813e+01,1.000000000000000000e+00
2.568000000000000000e+03,5.024709029407758010e+01,2.670014373526790052e+01,2.456997007666092848e-03,-7.214928204608018802e+01,2.586648585115794985e-01,0.000000000000000000e+00,1.122220206578812807e+01,1.000000000000000000e+00
2.568000000000000000e+03,9.593368016229273110e+01,4.392339270052333688e+01,-4.661497994633684999e-03,1.292851188817375316e+02,4.344191618151831413e-01,0.000000000000000000e+00,5.459132352810679656e+00,1.000000000000000000e+00
2.568000000000000000e+03,2.057781338344315003e+01,5.988088809783438826e+00,4.816026881427530951e-03,-1.332901691468289869e+02,1.201995163588676085e-01,0.000000000000000000e+00,7.390068818414160745e+00,1.000000000000000000e+00
2.568000000000000000e+03,1.086805337976579438e+02,2.967814858545500201e+01,-2.172662243845882839e-03,6.477994777570478391e+01,3.255677897117479347e-01,0.000000000000000000e+00,1.641365090002324933e+01,1.000000000000000000e+00
2.568000000000000000e+03,8.389924570037055673e+01,3.127743048432026640e+01,-7.837705476019083892e-03,2.116054596234575627e+02,7.435201117171863494e-02,0.000000000000000000e+00,1.088353946222385282e+01,1.000000000000000000e+00
2.569000000000000000e+03,1.405785079569988341e+02,1.420236410275801298e+01,-7.884900967729882582e-03,2.128286633914341337e+02,5.100903479103247040e-02,0.000000000000000000e+00,1.542126828736686051e+01,1.000000000000000000e+00
2.569000000000000000e+03,9.488183045673345362e+01,3.856655237786865342e+01,-8.676533875012954616e-03,2.333460543527690163e+02,1.629351481801787349e-01,0.000000000000000000e+00,5.459132352810679656e+00,1.000000000000000000e+00
2.569000000000000000e+03,4.301868898449977507e+01,4.183075706549402639e+01,1.889027348757366673e-03,-5.742875256985999499e+01,3.283978046531209616e-01,0.000000000000000000e+00,1.027299377942014758e+01,1.000000000000000000e+00
2.569000000000000000e+03,4.088993011015237045e+01,5.188077133647355765e+01,-3.871105550001947750e-03,1.087998779952116166e+02,2.146670735476450265e-01,0.000000000000000000e+00,1.027299377942014758e+01,1.000000000000000000e+00
2.570000000000000000e+03,7.010883704070788269e+01,3.525985211426062449e+01,4.919637005837943118e-03,-1.359755166235740660e+02,2.086573317328690447e-01,0.000000000000000000e+00,1.435392117294490610e+01,1.000000000000000000e+00
2.571000000000000000e+03,1.349186907842840242e+02,2.854746727988397481e+01,-3.480107159922813526e-02,9.104368488871588170e+02,2.113277109917566232e-02,0.000000000000000000e+00,9.113276261059798600e+00,1.000000000000000000e+00
2.571000000000000000e+03,3.579307577131966411e+01,1.747871363553440460e+01,-3.150566069933841834e-02,8.250270166413846482e+02,2.978340767827791780e-02,0.000000000000000000e+00,8.465370144456343837e+00,1.000000000000000000e+00
2.571000000000000000e+03,2.315532621373849764e+01,4.008255172823464818e+01,-6.639018751370571667e-03,1.805381253280918372e+02,6.993083423621515582e-02,0.000000000000000000e+00,1.037381196563336516e+01,1.000000000000000000e+00
2.572000000000000000e+03,1.259878196077080190e+02,1.988962712059467464e+01,-4.246166193320235691e-03,1.185206283358987633e+02,2.730823952551914013e-01,0.000000000000000000e+00,1.243859542699249765e+01,1.000000000000000000e+00
2.572000000000000000e+03,1.275001203053131320e+02,3.384053975803290371e+01,3.583095051239584827e-02,-9.371290544661532067e+02,2.394698100708025912e-02,0.000000000000000000e+00,9.113276261059798600e+00,1.000000000000000000e+00
2.572000000000000000e+03,8.951993382582372760e+01,4.635529926851602056e+01,-3.106541601654217583e-02,8.136168387767730792e+02,2.068268641873394209e-02,0.000000000000000000e+00,6.859322971257113544e+00,1.000000000000000000e+00
2.572000000000000000e+03,5.370843409773057964e+00,2.940046671865951566e+01,4.080698621838186636e-03,-1.142320713238216285e+02,2.588013946168266077e-01,0.000000000000000000e+00,7.528212195500668003e+00,1.000000000000000000e+00
2.573000000000000000e+03,7.633344549934378165e+01,9.998707735863359147e+00,-3.502847985662660337e-03,9.925544856017256734e+01,2.299041890230094642e-01,0.000000000000000000e+00,7.079554939715702488e+00,1.000000000000000000e+00
2.573000000000000000e+03,1.009653074391727614e+02,1.518090713121743462e+01,7.629817307129455224e-03,-2.062174536447983826e+02,6.844062772290859797e-02,0.000000000000000000e+00,9.703209289492251699e+00,1.000000000000000000e+00
2.573000000000000000e+03,3.700298029231500863e+01,2.963895910042880288e+01,-7.680369521119325034e-03,2.075276563016724651e+02,8.111024237251696078e-02,0.000000000000000000e+00,8.182667149662178119e+00,1.000000000000000000e+00
2.573000000000000000e+03,1.355837813984852502e+01,3.614369880315893369e+01,-4.544292919318945745e-03,1.262474200559795037e+02,1.654006876176292717e-01,0.000000000000000000e+00,1.037381196563336516e+01,1.000000000000000000e+00
2.574000000000000000e+03,1.169552914589029591e+01,2.531729035707039799e+01,-8.287041570364061735e-03,2.232512669615531706e+02,1.038293370382927794e-01,0.000000000000000000e+00,5.608626889193878640e+00,1.000000000000000000e+00
2.574000000000000000e+03,1.021866653258022950e+02,2.887315344494743385e+01,-7.744227013193799580e-03,2.091827026225726343e+02,1.519606050514071827e-01,0.000000000000000000e+00,9.064108287439578859e+00,1.000000000000000000e+00
2.574000000000000000e+03,1.217591082614822966e+02,4.853245261740579686e+00,3.183650372418718802e-03,-9.098254559643929440e+01,2.055771369045641395e-01,0.000000000000000000e+00,1.410892273711537825e+01,1.000000000000000000e+00
2.575000000000000000e+03,7.882615260998497320e+01,1.662490645043658333e+01,6.789916949898093350e-03,-1.844490761059922193e+02,8.041464074332183021e-02,0.000000000000000000e+00,7.079554939715702488e+00,1.000000000000000000e+00
2.575000000000000000e+03,5.932017504908907313e+01,1.282345378884083331e+01,3.052031318207790601e-03,-8.757126801012098838e+01,3.448404892197874938e-01,0.000000000000000000e+00,3.933383531146106726e+00,1.000000000000000000e+00
2.575000000000000000e+03,7.846348362027039336e+00,4.560894989752276985e+01,2.833443798877152524e-03,-8.190595830392486221e+01,2.902838041351061271e-01,0.000000000000000000e+00,8.616881075776603893e+00,1.000000000000000000e+00
2.576000000000000000e+03,2.750001079360194822e+01,1.577942997528086266e+01,-2.776339218281612467e-02,7.280356137709543418e+02,2.516848589976450334e-02,0.000000000000000000e+00,7.037664415694460551e+00,1.000000000000000000e+00
2.576000000000000000e+03,1.000043720654020944e+02,4.219099151833284367e+01,3.983772884407399753e-03,-1.117199685160842080e+02,2.681998327427471684e-01,0.000000000000000000e+00,4.809160731769373420e+00,1.000000000000000000e+00
2.576000000000000000e+03,7.931125036973477904e+01,4.773733725349889312e+01,1.830802384861819621e-02,-4.829731776198581201e+02,2.568596742312397874e-01,0.000000000000000000e+00,3.262967062780583127e+00,1.000000000000000000e+00
2.577000000000000000e+03,2.903261260385550813e+01,2.264818911497556897e+01,-8.333258444204129714e-03,2.244491070978883442e+02,2.265597026938317438e-01,0.000000000000000000e+00,7.037664415694460551e+00,1.000000000000000000e+00
2.577000000000000000e+03,1.072605567624376732e+02,3.638405783361255885e+01,-3.836068416468452376e-03,1.078917922394811910e+02,3.644685662122293390e-01,0.000000000000000000e+00,7.253523411005851074e+00,1.000000000000000000e+00
2.577000000000000000e+03,1.019687298144989995e+02,5.529719947643417122e+00,-6.954033889622409682e-03,1.887026277013373772e+02,1.858385305874532545e-01,0.000000000000000000e+00,4.808068944109851195e+00,1.000000000000000000e+00
2.577000000000000000e+03,3.913422231223542980e+01,2.173871548806556930e+01,6.324660420822880193e-03,-1.723906459718639042e+02,7.504293749223389653e-02,0.000000000000000000e+00,8.182667149662178119e+00,1.000000000000000000e+00
2.577000000000000000e+03,4.669714217128539957e+01,5.335832909139702451e+01,-7.306262158852027885e-03,1.978316129177569280e+02,1.504545364788079098e-01,0.000000000000000000e+00,1.646451264032349115e+01,1.000000000000000000e+00
2.578000000000000000e+03,6.697729362654344243e+01,2.213639366046495738e+01,3.128508082760438590e-03,-8.955337823235755934e+01,1.763885423256135176e-01,0.000000000000000000e+00,5.050319153788292326e+00,1.000000000000000000e+00
2.578000000000000000e+03,1.188442267070696516e+02,2.395611767729765518e+01,4.944974732729115648e-03,-1.366322150047491562e+02,1.161913865132745416e-01,0.000000000000000000e+00,8.559088487222018315e+00,1.000000000000000000e+00
2.578000000000000000e+03,7.615728484398024989e+01,4.690100268220406576e+01,-3.015908807181912760e-02,7.901268036733986264e+02,9.166235432524094673e-02,0.000000000000000000e+00,3.262967062780583127e+00,1.000000000000000000e+00
2.578000000000000000e+03,7.947609699179947995e+01,2.922827442503290030e+01,6.555549884701583618e-03,-1.783747951345242484e+02,2.542532253438478662e-01,0.000000000000000000e+00,5.861242672998225878e+00,1.000000000000000000e+00
2.579000000000000000e+03,1.112147423220953470e+02,1.422757445044457292e+01,-1.976298299739681283e-02,5.206825318086771404e+02,2.032469000943881721e-02,0.000000000000000000e+00,1.236339699667189862e+01,1.000000000000000000e+00
2.579000000000000000e+03,8.117981127737783709e+01,2.362010865493554945e+01,7.103931090979365495e-03,-1.925876348251643435e+02,3.771138633217235858e-01,0.000000000000000000e+00,4.493480281223207307e+00,1.000000000000000000e+00
2.579000000000000000e+03,1.413128223020006544e+02,3.271396404766007038e+01,6.824080155986339893e-03,-1.853345115765954745e+02,1.196606062292484562e-01,0.000000000000000000e+00,1.269015107761151029e+01,1.000000000000000000e+00
2.579000000000000000e+03,1.397243028855555451e+02,2.012362884814367803e+01,-3.364115320812840256e-03,9.565980176777138411e+01,2.797036332985792795e-01,0.000000000000000000e+00,1.269015107761151029e+01,1.000000000000000000e+00
2.580000000000000000e+03,9.716150857285141740e+01,5.620002311180809507e+00,-7.179296090077407280e-03,1.945409305220323972e+02,1.698043588464273057e-01,0.000000000000000000e+00,4.808068944109851195e+00,1.000000000000000000e+00
2.580000000000000000e+03,5.762754181213824012e+01,9.272890632345688999e+00,7.702091646429016537e-03,-2.080906462094816902e+02,1.423709605308651760e-01,0.000000000000000000e+00,3.738907710580594568e+00,1.000000000000000000e+00
2.580000000000000000e+03,1.062627008424841932e+02,2.919949901368326906e+01,-3.836456715660386228e-03,1.079018561040042243e+02,2.484117364262486971e-01,0.000000000000000000e+00,6.112685830502671891e+00,1.000000000000000000e+00
2.580000000000000000e+03,6.795778297102178556e+01,3.653706930531466668e+01,-1.614858898221569611e-02,4.270053559162624879e+02,3.268008029702917927e-02,0.000000000000000000e+00,3.587621528532397353e+00,1.000000000000000000e+00
2.580000000000000000e+03,1.389218974767934611e+01,3.946904424567348713e+01,-4.184275511780726625e-03,1.169165574359563493e+02,1.565215310368224255e-01,0.000000000000000000e+00,8.314968668755177816e+00,1.000000000000000000e+00
2.580000000000000000e+03,1.228694559927359791e+02,5.191611387928594468e+01,-3.934408160606234217e-02,1.028181717239560157e+03,2.838244419892610448e-02,0.000000000000000000e+00,2.202004768813061020e+01,1.000000000000000000e+00
2.581000000000000000e+03,7.710463723613513309e+01,2.172687819581986091e+01,-9.381122057568230116e-03,2.516074367122237447e+02,1.499731290799712902e-01,0.000000000000000000e+00,4.493480281223207307e+00,1.000000000000000000e+00
2.581000000000000000e+03,4.915876939008157365e+00,3.882895883053891595e+01,-8.415696446043164497e-03,2.265857195330734157e+02,1.119992617566469839e-01,0.000000000000000000e+00,7.874152995550986134e+00,1.000000000000000000e+00
2.581000000000000000e+03,8.853782022354151593e+01,4.885347062048280264e+01,-7.779590463090649451e-03,2.100992457836767073e+02,6.089466110260755016e-02,0.000000000000000000e+00,9.253308053118637133e+00,1.000000000000000000e+00
2.581000000000000000e+03,1.213926009613454795e+02,5.235348976665212817e+00,5.388119421237565904e-03,-1.481175546652386004e+02,1.167721119155556986e-01,0.000000000000000000e+00,9.640734390792871977e+00,1.000000000000000000e+00
2.581000000000000000e+03,1.305662150970458981e+02,8.199900086545738986e+00,-5.171690690926267209e-03,1.425081960418048652e+02,1.084276899742995237e-01,0.000000000000000000e+00,9.640734390792871977e+00,1.000000000000000000e+00
2.582000000000000000e+03,8.556556052004218316e+01,2.062633802598959321e+01,-4.676460164695922170e-03,1.296729055565619717e+02,2.402405390324440226e-01,0.000000000000000000e+00,5.310127964396936129e+00,1.000000000000000000e+00
2.582000000000000000e+03,7.747954114347510135e+00,4.617617764246131884e+01,-7.369132820906666020e-03,1.994610827660987695e+02,8.028223159033598400e-02,0.000000000000000000e+00,7.874152995550986134e+00,1.000000000000000000e+00
2.583000000000000000e+03,8.996241630974714099e+01,1.109942728615380503e+01,3.729476575106648734e-03,-1.051291651905191031e+02,2.090751051685392214e-01,0.000000000000000000e+00,9.047155766816754152e+00,1.000000000000000000e+00
2.583000000000000000e+03,1.595494649457558189e+01,3.141399995246725396e+01,3.206652854403624613e-03,-9.157871954477241161e+01,1.704327793243473055e-01,0.000000000000000000e+00,8.314968668755177816e+00,1.000000000000000000e+00
2.583000000000000000e+03,9.720969219155610119e+01,3.402769398796445444e+01,2.962129398509362639e-03,-8.524120717301180150e+01,2.285798238459625376e-01,0.000000000000000000e+00,1.026004056246626028e+01,1.000000000000000000e+00
2.583000000000000000e+03,5.520777073659112943e+01,1.212317812840369236e+01,-5.932564749733855274e-03,1.622283850249426678e+02,2.270685462324537607e-01,0.000000000000000000e+00,3.738907710580594568e+00,1.000000000000000000e+00
2.583000000000000000e+03,1.273741825175388556e+02,2.466170226013599276e+01,3.750014500195989527e-03,-1.056614632224930830e+02,2.447775352589502962e-01,0.000000000000000000e+00,8.559088487222018315e+00,1.000000000000000000e+00
2.585000000000000000e+03,1.062187041784804222e+02,2.308697152041301948e+01,-3.850340242506342103e-02,1.006393154294637156e+03,8.857598809705602427e-03,0.000000000000000000e+00,4.100177962796145437e+00,1.000000000000000000e+00
2.585000000000000000e+03,1.407799422353778311e+02,2.774006184643662820e+01,-7.955258913558008529e-03,2.146521872350126898e+02,7.517077715240882974e-02,0.000000000000000000e+00,1.332667175174441176e+01,1.000000000000000000e+00
2.586000000000000000e+03,3.683444803853432603e+01,1.272719094100277992e+01,-7.450135762151061970e-03,2.015605015740324575e+02,6.777894422024355325e-02,0.000000000000000000e+00,6.661762645228270330e+00,1.000000000000000000e+00
2.586000000000000000e+03,1.406308096053416818e+02,1.441422455801827596e+01,8.108966341284305074e-03,-2.186359470804000296e+02,7.710326627267161115e-02,0.000000000000000000e+00,1.103848460182237901e+01,1.000000000000000000e+00
2.586000000000000000e+03,4.852501789155389389e+01,3.430299154542377948e+01,-6.229267896771533905e-03,1.699182806965657164e+02,1.496719091918865541e-01,0.000000000000000000e+00,6.664249198744665925e+00,1.000000000000000000e+00
2.587000000000000000e+03,1.183294145674257010e+02,3.306280016748269901e+01,3.825056644623962571e-03,-1.076063912334949180e+02,2.340709256130688587e-01,0.000000000000000000e+00,6.733374297659104002e+00,1.000000000000000000e+00
2.587000000000000000e+03,5.399244165199752388e+01,4.726961236465392346e+01,2.748611523981348958e-03,-7.970729155553229361e+01,3.391535681030185545e-01,0.000000000000000000e+00,6.522887000385773959e+00,1.000000000000000000e+00
2.587000000000000000e+03,1.345344041904317578e+02,5.211943138624130611e+00,4.873528742705730485e-03,-1.347804914388852353e+02,2.751824323300992026e-01,0.000000000000000000e+00,3.380295790290927194e+00,1.000000000000000000e+00
2.587000000000000000e+03,6.013499475818688467e+01,3.633995992720594614e+01,3.347426284212742017e-03,-9.522725849481999205e+01,2.570323244971634002e-01,0.000000000000000000e+00,6.151831895709857889e+00,1.000000000000000000e+00
2.588000000000000000e+03,1.181648316917851247e+02,1.375002875771078337e+01,2.670287171891714759e-03,-7.767729591129912592e+01,1.890976906421522052e-01,0.000000000000000000e+00,1.427854198632827476e+01,1.000000000000000000e+00
2.588000000000000000e+03,2.798024761850299313e+01,2.921367604421717346e+01,-7.591435784343128317e-03,2.052226886451963423e+02,9.705805158174385383e-02,0.000000000000000000e+00,6.452948838951743760e+00,1.000000000000000000e+00
2.589000000000000000e+03,1.312320426982893196e+02,4.490272711716296605e+00,-4.809414291175054257e-03,1.331187852917252314e+02,4.408275239250728506e-01,0.000000000000000000e+00,3.380295790290927194e+00,1.000000000000000000e+00
2.589000000000000000e+03,5.796606493683190564e+01,4.209676278149149198e+01,3.975729511413517332e-03,-1.115115019063146349e+02,2.657145438708379270e-01,0.000000000000000000e+00,6.151831895709857889e+00,1.000000000000000000e+00
2.589000000000000000e+03,6.538643167653307842e+01,4.688576664408598305e+01,2.272892292820094876e-03,-6.737769110087241131e+01,3.112354672840403902e-01,0.000000000000000000e+00,8.831557085112928362e+00,1.000000000000000000e+00
2.590000000000000000e+03,8.939703298085585459e+01,5.247259719298227765e+00,-7.710991731849411307e-03,2.083213169288006270e+02,6.763333890957556882e-02,0.000000000000000000e+00,5.814177855770254588e+00,1.000000000000000000e+00
2.590000000000000000e+03,1.023289984461061550e+02,2.438375548165479856e+01,5.331962157485801296e-03,-1.466620813958564895e+02,3.817591123779129347e-01,0.000000000000000000e+00,3.860766719938566460e+00,1.000000000000000000e+00
2.590000000000000000e+03,1.096010076352000482e+02,4.389125345007806089e+01,2.135582255677021674e-03,-6.381891570250149215e+01,3.934822860079045803e-01,0.000000000000000000e+00,1.172252487757368478e+01,1.000000000000000000e+00
2.592000000000000000e+03,8.457761578973044436e+01,1.571155631061861158e+01,-4.867060800452741726e-03,1.346128565430907429e+02,1.491713143906535644e-01,0.000000000000000000e+00,6.862076635700101512e+00,1.000000000000000000e+00
2.592000000000000000e+03,1.004433556797620355e+02,2.101479851791672004e+01,-8.194996233387329826e-03,2.208656534435389176e+02,8.120914842369619802e-02,0.000000000000000000e+00,3.860766719938566460e+00,1.000000000000000000e+00
2.592000000000000000e+03,4.520603604337784986e+01,2.878392290059689884e+01,-3.904325133956699622e-03,1.096608568470278584e+02,3.510229431317113402e-01,0.000000000000000000e+00,8.078021341883815154e+00,1.000000000000000000e+00
2.592000000000000000e+03,6.795785745424622348e+01,3.678467753495743864e+01,1.673671549376581219e-02,-4.422483068613082082e+02,1.343013017956236066e-01,0.000000000000000000e+00,5.092103717389664830e+00,1.000000000000000000e+00
2.592000000000000000e+03,2.896179453488527855e+01,2.283581477502441359e+01,7.886063218277608242e-03,-2.128587863798335889e+02,6.808631119046648639e-02,0.000000000000000000e+00,6.452948838951743760e+00,1.000000000000000000e+00
2.593000000000000000e+03,6.232075290519158983e+01,2.055781216107622100e+01,2.801898950586034429e-02,-7.346601365230051215e+02,3.700981538445013985e-02,0.000000000000000000e+00,1.110067430446272141e+01,1.000000000000000000e+00
2.593000000000000000e+03,2.834170020522464029e+01,5.616935028979514577e+00,-2.486166204873298952e-02,6.528291246551834774e+02,1.952381806484004834e-02,0.000000000000000000e+00,1.307227080686334730e+01,1.000000000000000000e+00
2.594000000000000000e+03,1.662689726994507922e+01,1.141759501173467584e+01,-2.242902270295080332e-03,6.660041540727250720e+01,3.054262903331190770e-01,0.000000000000000000e+00,1.307227080686334730e+01,1.000000000000000000e+00
2.595000000000000000e+03,8.205894550091105089e+01,9.328422618579907066e+00,-4.120485155336402715e-03,1.152632511235355963e+02,1.796249439078880794e-01,0.000000000000000000e+00,6.862076635700101512e+00,1.000000000000000000e+00
2.595000000000000000e+03,8.966932673519026764e+01,1.105505794667146091e+01,3.137999173206321504e-03,-8.979936650739770698e+01,2.455650512781144545e-01,0.000000000000000000e+00,5.814177855770254588e+00,1.000000000000000000e+00
2.595000000000000000e+03,5.296301748547163868e+01,2.652922387257942205e+01,-2.231625999679106437e-02,5.868578789262564896e+02,1.083438808538828013e-02,0.000000000000000000e+00,8.078021341883815154e+00,1.000000000000000000e+00
2.595000000000000000e+03,1.390051885243640584e+02,2.951211044152312368e+01,-8.042744613500260251e-03,2.169196249485378303e+02,4.503598769443806216e-02,0.000000000000000000e+00,1.036413756336549774e+01,1.000000000000000000e+00
2.595000000000000000e+03,7.255026229290145068e+01,3.898452709039292330e+01,-1.859436436259584435e-02,4.903944965409123142e+02,1.179959069914128245e-01,0.000000000000000000e+00,5.092103717389664830e+00,1.000000000000000000e+00
2.596000000000000000e+03,4.100277954444933926e+01,9.000558343883785284e+00,-7.471978616121833019e-03,2.021266205042924184e+02,6.409626794327571986e-02,0.000000000000000000e+00,1.310541249909007178e+01,1.000000000000000000e+00
2.596000000000000000e+03,1.267500049224487526e+02,2.677210441655931916e+01,4.478579885156770690e-03,-1.245442821485519289e+02,2.473407159505717212e-01,0.000000000000000000e+00,9.463032404224552607e+00,1.000000000000000000e+00
2.596000000000000000e+03,1.120980548345845165e+02,9.858866058808619215e+00,-5.876417508684735058e-03,1.607731715220593287e+02,1.172956852893816126e-01,0.000000000000000000e+00,9.353262803482252252e+00,1.000000000000000000e+00
2.597000000000000000e+03,3.104542790194360080e+01,3.963322145522366924e+01,-7.840507472576674006e-03,2.116780812367274223e+02,6.458083229984312723e-02,0.000000000000000000e+00,7.796465874668236928e+00,1.000000000000000000e+00
2.597000000000000000e+03,1.208871909280808836e+02,1.934402294481655105e+01,-5.768884778485189671e-03,1.579861586953491326e+02,2.517624948540073682e-01,0.000000000000000000e+00,9.463032404224552607e+00,1.000000000000000000e+00
2.598000000000000000e+03,2.863003991660447412e+01,2.071007624407564762e+01,-6.479448672964904787e-03,1.764024184186654054e+02,9.512425525307233176e-02,0.000000000000000000e+00,1.330963440641013307e+01,1.000000000000000000e+00
2.598000000000000000e+03,7.374859229230337121e+01,4.840631762805413985e+01,-2.433491900196635849e-03,7.154008114614009628e+01,3.333106193974285647e-01,0.000000000000000000e+00,9.497690862679677437e+00,1.000000000000000000e+00
2.599000000000000000e+03,4.046777184970496677e+01,4.507975884835396130e+01,3.219983120430805999e-03,-9.192421084153640720e+01,2.507258511525503053e-01,0.000000000000000000e+00,6.031836277078057584e+00,1.000000000000000000e+00
2.599000000000000000e+03,1.319509481927597960e+02,3.710507038981282335e+01,-7.339647542311251820e-03,1.986968889295612826e+02,6.461669252796653495e-02,0.000000000000000000e+00,5.118215074908636808e+00,1.000000000000000000e+00
2.600000000000000000e+03,2.826326129367801343e+01,5.632493823757772411e+00,2.349321125066477015e-02,-6.173618774285891959e+02,2.902907903999918382e-02,0.000000000000000000e+00,7.542144117979083795e+00,1.000000000000000000e+00
2.600000000000000000e+03,8.934683681547375045e+01,3.028846683881781132e+01,-3.235542932518994941e-02,8.470511580873362618e+02,1.769875818494515141e-02,0.000000000000000000e+00,3.632750552642103337e+00,1.000000000000000000e+00
2.600000000000000000e+03,4.701949325374587829e+01,3.837505331397358788e+01,3.668619202443780623e-03,-1.035518753932959015e+02,2.281020820836483498e-01,0.000000000000000000e+00,9.374333558121271892e+00,1.000000000000000000e+00
2.600000000000000000e+03,1.038588458957438689e+02,4.476113685411196030e+01,-4.774715926518019980e-03,1.322194796832321515e+02,1.219279307158597225e-01,0.000000000000000000e+00,8.838728431237665717e+00,1.000000000000000000e+00
2.601000000000000000e+03,2.340002828232899290e+01,4.116055402911292305e+01,-3.727817171198947836e-03,1.050861570759955157e+02,1.815071723517762692e-01,0.000000000000000000e+00,6.482845867879542645e+00,1.000000000000000000e+00
2.601000000000000000e+03,1.096430693130710523e+02,3.225614230026552320e+01,-7.907529018358555942e-03,2.134151328991694356e+02,5.750547009649109587e-02,0.000000000000000000e+00,8.167248721672050848e+00,1.000000000000000000e+00
2.602000000000000000e+03,7.669349596832462623e+01,1.470137824364557666e+01,-5.275718181517120332e-03,1.452043607357466612e+02,1.022422967482373712e-01,0.000000000000000000e+00,7.931387793151564836e+00,1.000000000000000000e+00
2.602000000000000000e+03,1.533104153577931505e+01,2.124206317916545217e+01,-9.283251844835657338e-03,2.490708551734459775e+02,4.956876878794025387e-02,0.000000000000000000e+00,1.330963440641013307e+01,1.000000000000000000e+00
2.602000000000000000e+03,4.188777146752304503e+01,5.094206641098417521e+01,5.202996041734622365e-03,-1.433195621634093584e+02,1.837191880283174372e-01,0.000000000000000000e+00,6.031836277078057584e+00,1.000000000000000000e+00
2.603000000000000000e+03,6.216949058913574078e+01,2.364842827741473741e+01,2.436856426735692187e-03,-7.162728230436192689e+01,2.824584116813764201e-01,0.000000000000000000e+00,7.013163726878593351e+00,1.000000000000000000e+00
2.603000000000000000e+03,1.179057216068452334e+02,1.480318663019625447e+01,2.508117603616476926e-03,-7.347421591838498500e+01,2.430519776319972625e-01,0.000000000000000000e+00,1.778663297214191630e+01,1.000000000000000000e+00
2.603000000000000000e+03,9.604800748426890777e+01,4.062423903195145414e+01,-7.396236731248713100e-03,2.001635567536662279e+02,1.967274577148284687e-01,0.000000000000000000e+00,8.838728431237665717e+00,1.000000000000000000e+00
2.604000000000000000e+03,3.589262849646474507e+01,2.446109994754622363e+01,-8.503127631898475466e-03,2.288517443608729138e+02,2.194595652264661467e-01,0.000000000000000000e+00,1.526563652593593368e+01,1.000000000000000000e+00
2.604000000000000000e+03,1.281267320850311080e+02,4.050676066295799416e+01,-3.033259752795884178e-03,8.708475015194581204e+01,3.103805340694183457e-01,0.000000000000000000e+00,5.118215074908636808e+00,1.000000000000000000e+00
2.605000000000000000e+03,1.022142781183659395e+02,2.886246979586479000e+01,3.758586361208509242e-03,-1.058836270841037361e+02,1.867630278628620299e-01,0.000000000000000000e+00,8.167248721672050848e+00,1.000000000000000000e+00
2.605000000000000000e+03,3.580487121583463050e+01,5.722258395807950926e+00,1.813452609208958790e-03,-5.547002085993465670e+01,3.495465925485753411e-01,0.000000000000000000e+00,7.542144117979083795e+00,1.000000000000000000e+00
2.605000000000000000e+03,6.233380877794304098e+01,3.065966675523252860e+01,-3.045509652676718724e-03,8.740224072463421123e+01,1.849550699314946867e-01,0.000000000000000000e+00,7.013163726878593351e+00,1.000000000000000000e+00
2.605000000000000000e+03,2.466286441834883192e+01,3.480189572407361709e+01,3.517711646254203985e-03,-9.964068208529209869e+01,2.289867311500844993e-01,0.000000000000000000e+00,6.482845867879542645e+00,1.000000000000000000e+00
2.606000000000000000e+03,9.225775097374523170e+01,2.897028194476746776e+01,-6.253828100584888847e-03,1.705548273826530021e+02,2.205864368338720238e-01,0.000000000000000000e+00,9.957110838040319933e+00,1.000000000000000000e+00
2.606000000000000000e+03,4.209411522446735887e+01,4.413527431811991164e+01,3.105369501765055038e-03,-8.895367689578461068e+01,2.865025624560131323e-01,0.000000000000000000e+00,6.809918967323278949e+00,1.000000000000000000e+00
2.606000000000000000e+03,9.397896526613546087e+01,4.949136740002889212e+01,-5.816735856479270800e-02,1.516039825439271681e+03,3.116419969079853303e-03,0.000000000000000000e+00,9.105322684912502851e+00,1.000000000000000000e+00
2.607000000000000000e+03,1.373651894296228875e+02,2.125160328005624422e+01,-8.019655013115986261e-03,2.163211930821175315e+02,1.653166086479986863e-01,0.000000000000000000e+00,6.252649922134843941e+00,1.000000000000000000e+00
2.607000000000000000e+03,1.104774816989294521e+02,5.067453421966507676e+01,4.215289483896847607e-03,-1.177203716600950401e+02,1.639246112272568778e-01,0.000000000000000000e+00,1.654088656046771177e+01,1.000000000000000000e+00
2.607000000000000000e+03,1.349606044005344927e+02,4.426821831550233810e+01,-1.822916962528931938e-03,5.571531616723630265e+01,4.542713480237831059e-01,0.000000000000000000e+00,7.800665003478100878e+00,1.000000000000000000e+00
2.608000000000000000e+03,1.249598474828952845e+02,3.113118775129271043e+01,-4.819655208923709876e-03,1.333842074480289170e+02,1.406934817334514198e-01,0.000000000000000000e+00,7.780207833549839691e+00,1.000000000000000000e+00
2.609000000000000000e+03,5.106794425090377132e+01,4.509912109680365688e+01,2.244703497404494565e-03,-6.664709926853446120e+01,3.337788583570326928e-01,0.000000000000000000e+00,9.025442261102318398e+00,1.000000000000000000e+00
2.610000000000000000e+03,1.124934355798699670e+02,3.320419917302639590e+01,-7.886156788964281128e-03,2.128612115270746017e+02,7.212061850550932629e-02,0.000000000000000000e+00,8.045129748133719616e+00,1.000000000000000000e+00
2.610000000000000000e+03,2.957839104043208778e+01,4.499782696718621366e+01,2.514626360030657037e-03,-7.364290862783809644e+01,2.952326058780310181e-01,0.000000000000000000e+00,1.131898475512220159e+01,1.000000000000000000e+00
2.611000000000000000e+03,1.321939191841361492e+02,1.773683513735943151e+01,-1.158589061831081027e-02,3.087502084740342525e+02,5.263871163585021051e-02,0.000000000000000000e+00,6.252649922134843941e+00,1.000000000000000000e+00
2.612000000000000000e+03,1.281658973350192525e+02,5.037073203240321106e+01,1.656814029752461939e-03,-5.141029198210535611e+01,4.684933753301468995e-01,0.000000000000000000e+00,9.132837334099740190e+00,1.000000000000000000e+00
2.612000000000000000e+03,2.383644966754080130e+01,2.168767987367301942e+01,3.988906894563460162e-03,-1.118530308137757885e+02,2.014365883256238332e-01,0.000000000000000000e+00,8.899842729733745017e+00,1.000000000000000000e+00
2.612000000000000000e+03,6.793172835028785528e+01,2.276902477814665815e+01,-2.239296301840652294e-03,6.650695660345942883e+01,3.750728040847125522e-01,0.000000000000000000e+00,1.086038268295524212e+01,1.000000000000000000e+00
2.613000000000000000e+03,1.181091919925908797e+02,2.744334918562956460e+01,-4.671618624404822763e-03,1.295474234371431805e+02,3.071455704027218347e-01,0.000000000000000000e+00,7.678272491209087391e+00,1.000000000000000000e+00
2.613000000000000000e+03,1.398328276863773851e+02,4.181474738694446103e+01,-3.301206437343010003e-02,8.640697002420532726e+02,1.839879032022251337e-02,0.000000000000000000e+00,1.225727434670790750e+01,1.000000000000000000e+00
2.613000000000000000e+03,1.460550512075309904e+01,9.711453107339158564e+00,-3.621309388530753216e-03,1.023257086442493318e+02,1.638006191958464308e-01,0.000000000000000000e+00,1.278280142591983548e+01,1.000000000000000000e+00
2.614000000000000000e+03,4.356380936070257093e+01,3.268174367220584742e+01,-4.559870904005581919e-03,1.266511672969858893e+02,2.959120323050842272e-01,0.000000000000000000e+00,1.368776959654505454e+01,1.000000000000000000e+00
2.614000000000000000e+03,7.652593694548684766e+01,1.612918361721201777e+01,2.293343002384800027e-03,-6.790772869748501250e+01,2.679332195119941140e-01,0.000000000000000000e+00,1.086038268295524212e+01,1.000000000000000000e+00
2.615000000000000000e+03,1.370616611341452256e+02,5.130979141541734734e+00,-4.103134944807516546e-03,1.148135716705876774e+02,1.867900765495664750e-01,0.000000000000000000e+00,4.106740993959254737e+00,1.000000000000000000e+00
2.615000000000000000e+03,9.666973936137794965e+01,4.998792470407556010e+01,-9.630750276707233937e-03,2.580772533657971053e+02,3.202340696221561700e-02,0.000000000000000000e+00,1.565485370172918067e+01,1.000000000000000000e+00
2.615000000000000000e+03,3.170440967913173935e+01,2.584729594610092107e+01,2.394173801030847863e-03,-7.052104213826248724e+01,2.799823310460948234e-01,0.000000000000000000e+00,8.899842729733745017e+00,1.000000000000000000e+00
2.615000000000000000e+03,8.861822538893302692e+01,2.874698142192412931e+01,-1.088610325699966574e-02,2.906132528854920452e+02,1.808156972187990874e-01,0.000000000000000000e+00,8.829410704676151411e+00,1.000000000000000000e+00
2.615000000000000000e+03,1.387738802085974328e+02,2.960330174567138428e+01,7.087034044548567828e-03,-1.921497003930266771e+02,9.305139401408268895e-02,0.000000000000000000e+00,1.225727434670790750e+01,1.000000000000000000e+00
2.616000000000000000e+03,1.257367449942938151e+02,2.656226822710716107e+01,-2.712151380761287575e-02,7.113995322582863992e+02,8.906695187377855483e-03,0.000000000000000000e+00,7.678272491209087391e+00,1.000000000000000000e+00
2.616000000000000000e+03,1.061873968192931414e+02,2.958269813005233217e+01,4.767496353659059043e-03,-1.320323641685051257e+02,1.148050258204602603e-01,0.000000000000000000e+00,9.715730870392647489e+00,1.000000000000000000e+00
2.616000000000000000e+03,9.669228073616336872e+01,3.232023255243692006e+01,6.067898613233663890e-03,-1.657359423310977036e+02,3.053946413845717300e-01,0.000000000000000000e+00,8.829410704676151411e+00,1.000000000000000000e+00
2.616000000000000000e+03,8.370404735188058964e+01,4.121493917249053851e+01,3.596308677692575118e-03,-1.016777449809667360e+02,2.617362170115773434e-01,0.000000000000000000e+00,9.253573113487940205e+00,1.000000000000000000e+00
2.619000000000000000e+03,1.329709380679831838e+02,5.493341373893934509e+00,3.437416332159510830e-03,-9.755960342308976863e+01,2.160026855515413402e-01,0.000000000000000000e+00,4.106740993959254737e+00,1.000000000000000000e+00
2.619000000000000000e+03,9.476772215570169067e+01,1.427006677825380621e+01,-3.574636586003283184e-02,9.349368055514170237e+02,9.264526347550927632e-03,0.000000000000000000e+00,1.049184365447223399e+01,1.000000000000000000e+00
2.619000000000000000e+03,5.258541462826354262e+01,1.763273973774260739e+01,-7.708849420507464176e-03,2.082657929113434818e+02,7.802741486648823166e-02,0.000000000000000000e+00,1.130083289418027448e+01,1.000000000000000000e+00
2.619000000000000000e+03,2.334807883069977663e+01,4.088819390761359074e+01,2.801230499178895741e-03,-8.107106013586849258e+01,2.271064679068445225e-01,0.000000000000000000e+00,1.375080639220430001e+01,1.000000000000000000e+00
2.619000000000000000e+03,1.382692380676016342e+02,4.205642209388744845e+01,-1.425859536018006350e-02,3.780208610816279133e+02,1.450890223278197277e-01,0.000000000000000000e+00,1.004429788799603784e+01,1.000000000000000000e+00
2.621000000000000000e+03,1.192763456434937730e+01,5.881578915477827962e+00,7.514881147310572759e-03,-2.032385601388526766e+02,5.750393791000063537e-02,0.000000000000000000e+00,1.744561883927341839e+01,1.000000000000000000e+00
2.621000000000000000e+03,1.400616299619887570e+02,3.217334305141606876e+01,-3.398631584167238762e-02,8.893201642951271424e+02,1.336071504413138822e-02,0.000000000000000000e+00,1.004429788799603784e+01,1.000000000000000000e+00
2.621000000000000000e+03,8.438170936627716401e+01,1.278362081293941266e+01,-8.374336201153222137e-03,2.255137525811487365e+02,5.944475767478973882e-02,0.000000000000000000e+00,1.049184365447223399e+01,1.000000000000000000e+00
2.621000000000000000e+03,1.181938088521691022e+01,2.332686188326501764e+01,-5.407804547335798642e-03,1.486277500153368862e+02,2.465602968486833024e-01,0.000000000000000000e+00,1.458045560246532091e+01,1.000000000000000000e+00
2.622000000000000000e+03,5.725619880769887260e+01,3.295189227236500074e+01,-7.855216178266804031e-03,2.120592986702160658e+02,7.256896261341294618e-02,0.000000000000000000e+00,6.924930124184181857e+00,1.000000000000000000e+00
2.622000000000000000e+03,9.073849378387380682e+01,3.972720347500200688e+01,-3.100222279155238556e-03,8.882027216023226401e+01,2.643713880472287059e-01,0.000000000000000000e+00,1.433880363919929302e+01,1.000000000000000000e+00
2.622000000000000000e+03,3.091420816045305386e+01,2.561818439813657022e+01,3.309072300690829582e-03,-9.423320725262942688e+01,2.478556955211228541e-01,0.000000000000000000e+00,3.665156497549224568e+00,1.000000000000000000e+00
2.624000000000000000e+03,3.071609566630741028e+01,2.927798269738622849e+01,-3.138976096501039283e-03,8.982468621934063435e+01,3.174602656404735823e-01,0.000000000000000000e+00,3.665156497549224568e+00,1.000000000000000000e+00
2.624000000000000000e+03,5.560940869223922078e+01,5.231854853341781819e+01,8.089533478859302351e-03,-2.181322898521526383e+02,2.333042042248342218e-01,0.000000000000000000e+00,9.349574505006952307e+00,1.000000000000000000e+00
2.624000000000000000e+03,2.593212371103298608e+01,1.966350611186644315e+01,3.202028030409672169e-03,-9.145885423707954942e+01,2.857791007145282780e-01,0.000000000000000000e+00,7.763978294285101889e+00,1.000000000000000000e+00
2.624000000000000000e+03,5.964942922040047080e+01,2.645365363281399596e+01,-7.775235325876823922e-03,2.099863701666018869e+02,1.499494450627294473e-01,0.000000000000000000e+00,6.118078099902434452e+00,1.000000000000000000e+00
2.624000000000000000e+03,1.119168526661208460e+02,2.784569591527970545e+01,3.517169420869084052e-03,-9.962662879100214752e+01,1.903422776764832625e-01,0.000000000000000000e+00,1.335682209539490373e+01,1.000000000000000000e+00
2.624000000000000000e+03,4.040172229029695217e+01,4.609018979929287951e+01,3.289714468273518492e-03,-9.373149463783541080e+01,1.915217424525977874e-01,0.000000000000000000e+00,1.643369034090548553e+01,1.000000000000000000e+00
2.625000000000000000e+03,3.428850243268971099e+01,5.306423847200601784e+00,-8.378440967393754532e-03,2.256201391310092674e+02,1.169283949198127726e-01,0.000000000000000000e+00,3.356621965716506395e+00,1.000000000000000000e+00
2.625000000000000000e+03,9.877870666424550450e+01,1.671965781004155005e+01,4.306754450879233566e-03,-1.200909432591002712e+02,3.637388200702582619e-01,0.000000000000000000e+00,3.513739929594972278e+00,1.000000000000000000e+00
2.625000000000000000e+03,1.017239512130377932e+02,1.480343683096857532e+01,-4.217122822579028561e-03,1.177678877829858095e+02,3.610598134976926721e-01,0.000000000000000000e+00,3.513739929594972278e+00,1.000000000000000000e+00
2.625000000000000000e+03,6.552083371538756751e+01,2.473391850996771879e+01,-6.651795151441423047e-03,1.808692616324576363e+02,1.270575450038600174e-01,0.000000000000000000e+00,6.118078099902434452e+00,1.000000000000000000e+00
2.625000000000000000e+03,7.236409233366065052e+01,3.398196665576212183e+01,-8.251538084934178716e-03,2.223310943861671944e+02,1.369782898027337437e-01,0.000000000000000000e+00,1.150463311120785548e+01,1.000000000000000000e+00
2.628000000000000000e+03,5.270346221918005369e+01,1.754377461333269039e+01,6.483154266957943251e-03,-1.764984592982191316e+02,8.049579660728078956e-02,0.000000000000000000e+00,1.122103996051850316e+01,1.000000000000000000e+00
2.628000000000000000e+03,9.464029383689040742e+01,1.869585803953226488e+01,-7.672444449429913910e-03,2.073222558025872218e+02,1.094648610965183178e-01,0.000000000000000000e+00,4.586047107984867033e+00,1.000000000000000000e+00
2.628000000000000000e+03,1.722567984019742937e+01,2.338593268732411090e+01,-3.194711499152073225e-03,9.126922577303781736e+01,2.199292952977371929e-01,0.000000000000000000e+00,3.549843132275193103e+00,1.000000000000000000e+00
2.628000000000000000e+03,5.077147244777356860e+01,6.490306681559703250e+00,3.154232665929616441e-03,-9.022010308088722752e+01,3.478635110489309845e-01,0.000000000000000000e+00,1.122103996051850316e+01,1.000000000000000000e+00
2.628000000000000000e+03,9.719583959329203537e+01,1.018306381250488002e+01,-7.190008961880030823e-03,1.948185846936451640e+02,1.397998543541798533e-01,0.000000000000000000e+00,6.469284479030418034e+00,1.000000000000000000e+00
2.629000000000000000e+03,1.313446077412177182e+01,9.656642369978888141e+00,3.803813432795271482e-03,-1.070558137140994859e+02,1.984992256874338334e-01,0.000000000000000000e+00,1.236391667442634201e+01,1.000000000000000000e+00
2.629000000000000000e+03,1.306719193105488728e+02,1.958163564138546775e+01,2.624895043163587207e-03,-7.650083136174092147e+01,4.229126285961238851e-01,0.000000000000000000e+00,9.904429060551894537e+00,1.000000000000000000e+00
2.629000000000000000e+03,1.790160321287836709e+01,4.489709073738083589e+01,-3.337244613656063959e-03,9.496337189595710981e+01,3.242561013232879708e-01,0.000000000000000000e+00,1.154403395131480359e+01,1.000000000000000000e+00
2.629000000000000000e+03,6.108332068048559194e+01,4.473891589260938417e+01,-6.594022539185838069e-03,1.793719220681214210e+02,8.811592573792070837e-02,0.000000000000000000e+00,9.349574505006952307e+00,1.000000000000000000e+00
2.630000000000000000e+03,1.153996675242226075e+02,2.270616232246895194e+01,-2.542604075250021189e-02,6.674565844397764067e+02,1.348722452185147080e-02,0.000000000000000000e+00,1.091544178256297748e+01,1.000000000000000000e+00
2.630000000000000000e+03,1.433245334853761221e+02,3.707540256404684698e+01,5.006664592751958708e-03,-1.382310810508597285e+02,3.179375365393736219e-01,0.000000000000000000e+00,1.200300449254617874e+01,1.000000000000000000e+00
2.630000000000000000e+03,8.484737956145927740e+01,4.690529057415023573e+01,-1.244137289843699756e-02,3.309224353235768490e+02,4.187791994675715834e-02,0.000000000000000000e+00,1.362767022669595640e+01,1.000000000000000000e+00
2.630000000000000000e+03,4.836189903739050067e+01,3.037731011917697543e+01,-5.174717397953253369e-03,1.425866416582348677e+02,1.318580400826271370e-01,0.000000000000000000e+00,9.079391873794271817e+00,1.000000000000000000e+00
2.630000000000000000e+03,2.753807634724019238e+01,5.125343445054107150e+01,2.188182852295060803e-03,-6.518220795031335513e+01,4.548068950759334150e-01,0.000000000000000000e+00,5.817135451220358355e+00,1.000000000000000000e+00
2.631000000000000000e+03,3.605140047650300517e+01,1.760224528095196561e+01,2.901109684880453371e-03,-8.365970985354103107e+01,1.273094906021631223e-01,0.000000000000000000e+00,6.245471565322846530e+00,1.000000000000000000e+00
2.631000000000000000e+03,1.124176263343260729e+02,1.024480907655624229e+01,4.604126807042386096e-03,-1.277981833654176569e+02,1.566540289438514977e-01,0.000000000000000000e+00,1.214100571012047780e+01,1.000000000000000000e+00
2.632000000000000000e+03,3.450249628905837085e+01,5.549986371562327214e+00,7.644338245105978570e-03,-2.065938045504373974e+02,9.301260636565644724e-02,0.000000000000000000e+00,1.215138053888715319e+01,1.000000000000000000e+00
2.632000000000000000e+03,6.555886342116293974e+01,2.507029177388272245e+01,5.362943722898283125e-03,-1.474650557092206213e+02,1.660626514667049580e-01,0.000000000000000000e+00,1.103395942823611442e+01,1.000000000000000000e+00
2.633000000000000000e+03,7.178575825029726332e+01,3.417930058114934155e+01,-1.210759703181622446e-02,3.222716959645724160e+02,3.209115155502229033e-02,0.000000000000000000e+00,7.699637684420459927e+00,1.000000000000000000e+00
2.633000000000000000e+03,8.093825117275503800e+00,2.094639115846340971e+01,-3.488231605898969162e-02,9.125425273260342465e+02,1.106398838386613015e-02,0.000000000000000000e+00,9.452096780693027611e+00,1.000000000000000000e+00
2.633000000000000000e+03,3.335099480428198859e+01,5.147489295597156200e+01,-3.791170901598224421e-03,1.067281469977158537e+02,2.428657451000492129e-01,0.000000000000000000e+00,5.817135451220358355e+00,1.000000000000000000e+00
2.634000000000000000e+03,1.348755313820918502e+02,2.854976591293499766e+01,3.595380254335971137e-02,-9.403131100132254687e+02,1.158096025728283518e-02,0.000000000000000000e+00,9.904429060551894537e+00,1.000000000000000000e+00
2.634000000000000000e+03,4.765773339387243013e+00,5.032402441148053640e+01,-5.605326970147894196e-03,1.537470985608322565e+02,1.306826531710949535e-01,0.000000000000000000e+00,1.421272794253021310e+01,1.000000000000000000e+00
2.634000000000000000e+03,1.089006735022738681e+01,3.116482490094306357e+01,-2.895000699295640495e-02,7.587900704846297231e+02,7.747624702887812020e-03,0.000000000000000000e+00,1.059411906553775218e+01,1.000000000000000000e+00
2.635000000000000000e+03,7.479319952060680521e+01,6.318687717794032821e+00,-3.027975549552195181e-02,7.932542389854360181e+02,1.771173049148011547e-02,0.000000000000000000e+00,2.090204817413388838e+01,1.000000000000000000e+00
2.635000000000000000e+03,2.298548972011548486e+01,1.149805898907076873e+01,-4.728652394831184963e-03,1.310256138396276242e+02,1.076531682225579933e-01,0.000000000000000000e+00,3.790078912596010152e+00,1.000000000000000000e+00
2.635000000000000000e+03,5.705626567246551417e+01,3.299328902062397617e+01,7.995637381057111095e-03,-2.156987086674553495e+02,6.247342051356030712e-02,0.000000000000000000e+00,3.353391808772254734e+00,1.000000000000000000e+00
2.635000000000000000e+03,1.125555979067245573e+02,3.324457478921868159e+01,8.306312698651199117e-03,-2.237507323952101217e+02,8.236670583969574189e-02,0.000000000000000000e+00,8.777631919896075274e+00,1.000000000000000000e+00
2.635000000000000000e+03,6.238718715457495989e+01,5.083697688791963287e+01,4.389728824678166760e-03,-1.222414572806149238e+02,3.786376823860042595e-01,0.000000000000000000e+00,1.250899037997574226e+01,1.000000000000000000e+00
2.635000000000000000e+03,8.737934258334195192e+01,3.351490002482740493e+01,-9.492602549225684361e-02,2.468743955888699475e+03,7.706089349541866973e-03,0.000000000000000000e+00,1.203239383522009831e+01,1.000000000000000000e+00
2.636000000000000000e+03,1.428948671178532663e+02,2.044218900190647759e+01,-7.995295741538331960e-03,2.156898541194569816e+02,1.457905499074085842e-01,0.000000000000000000e+00,1.140361999590931852e+01,1.000000000000000000e+00
2.636000000000000000e+03,5.254250967416594165e+01,2.244722357524818790e+01,-3.706729344671386844e-02,9.691723552338612535e+02,1.210377997182809917e-02,0.000000000000000000e+00,7.064173256868905071e+00,1.000000000000000000e+00
2.636000000000000000e+03,1.094043209730369028e+02,2.200593191635363866e+01,-3.418636426616696727e-02,8.945049812712694575e+02,9.152641788172322102e-03,0.000000000000000000e+00,1.167208807097479450e+01,1.000000000000000000e+00
2.636000000000000000e+03,1.244261982687709605e+02,3.296173405251468580e+01,-1.801128540866355973e-02,4.752823672331332432e+02,5.343004180280408466e-02,0.000000000000000000e+00,1.134257578232610619e+01,1.000000000000000000e+00
2.636000000000000000e+03,3.660909197960670269e+01,3.891132334900382972e+01,-8.830055914595362834e-03,2.373250093435415806e+02,3.096603820470311685e-02,0.000000000000000000e+00,9.516920492061082371e+00,1.000000000000000000e+00
2.636000000000000000e+03,4.038088134846124433e+01,2.210352403843899083e+01,-7.521477799832837485e-03,2.034095309228994211e+02,7.583292379906780845e-02,0.000000000000000000e+00,6.245471565322846530e+00,1.000000000000000000e+00
2.636000000000000000e+03,6.558481608341818969e+01,3.874358987022477407e+01,-3.762833927785423725e-03,1.059937147058929270e+02,3.493885203251809735e-01,0.000000000000000000e+00,7.699637684420459927e+00,1.000000000000000000e+00
2.636000000000000000e+03,8.290846529183015434e+01,4.468583363174167999e+01,-5.994976014071878162e-02,1.562235770108734414e+03,1.216229665891455092e-02,0.000000000000000000e+00,1.203239383522009831e+01,1.000000000000000000e+00
2.637000000000000000e+03,1.815064991289327878e+01,4.245413041721573677e+01,-7.713958506832284401e-03,2.083982092379225719e+02,5.089978787022630957e-02,0.000000000000000000e+00,1.342253620554001792e+01,1.000000000000000000e+00
2.637000000000000000e+03,1.307495647110915797e+02,5.348150290220146985e+01,-7.996426274778102236e-03,2.157191550647079339e+02,4.429691590058082440e-02,0.000000000000000000e+00,1.303107401427612189e+01,1.000000000000000000e+00
2.638000000000000000e+03,1.304111982314533691e+02,8.234527136878650566e+00,4.448121598792661481e-03,-1.237548700819294112e+02,2.093574687464409001e-01,0.000000000000000000e+00,6.429249525166217616e+00,1.000000000000000000e+00
2.638000000000000000e+03,5.941560928401694497e+01,2.081533952418088873e+01,-7.858650802718934736e-03,2.121483166128020912e+02,3.792718971938725536e-01,0.000000000000000000e+00,5.753969095372551301e+00,1.000000000000000000e+00
2.639000000000000000e+03,1.134112271779527248e+02,9.983760685123749923e+00,2.501700270661623687e-03,-7.330789270474335240e+01,3.348572534136727841e-01,0.000000000000000000e+00,1.267232805951631214e+01,1.000000000000000000e+00
2.639000000000000000e+03,4.750312962094096747e+01,3.755283098050752955e+01,-4.381177782859028459e-03,1.220198330068942596e+02,1.269591208787814729e-01,0.000000000000000000e+00,9.968561994339184551e+00,1.000000000000000000e+00
2.639000000000000000e+03,2.558062561986281125e+01,1.426029862848433538e+01,3.280926951210571228e-03,-9.350374144377141761e+01,2.520036461432134667e-01,0.000000000000000000e+00,3.790078912596010152e+00,1.000000000000000000e+00
2.639000000000000000e+03,3.422839090863620726e+01,2.969698462813557072e+01,3.146063010870025958e-03,-9.000836351658317369e+01,1.780904580747699750e-01,0.000000000000000000e+00,9.516920492061082371e+00,1.000000000000000000e+00
2.640000000000000000e+03,5.739633075589610200e+01,3.632939338982050970e+01,-7.746711655861214171e-03,2.092470991181421596e+02,6.213367420090776250e-02,0.000000000000000000e+00,3.353391808772254734e+00,1.000000000000000000e+00
2.640000000000000000e+03,1.027989685906820938e+02,4.711342938083266318e+01,3.012371067165404981e-03,-8.654336117505262393e+01,2.262423036627009276e-01,0.000000000000000000e+00,1.220242393149227844e+01,1.000000000000000000e+00
2.641000000000000000e+03,1.323015454585039095e+02,1.437959319169306305e+01,4.641894795630983547e-03,-1.287770469025020077e+02,2.063440365504846108e-01,0.000000000000000000e+00,6.429249525166217616e+00,1.000000000000000000e+00
2.642000000000000000e+03,1.693018592067803496e+01,1.306300919224917401e+01,-2.775596705582666912e-03,8.040668835420387950e+01,2.890120896612353718e-01,0.000000000000000000e+00,6.468202030963567495e+00,1.000000000000000000e+00
2.642000000000000000e+03,5.894817601234808535e+01,1.508038821775819471e+01,-3.246832584802610260e-03,9.262009014689448350e+01,2.189379065017781345e-01,0.000000000000000000e+00,5.753969095372551301e+00,1.000000000000000000e+00
2.642000000000000000e+03,1.280600965711339825e+02,4.073098718362383153e+01,-3.837590115445870670e-02,1.003088600639784431e+03,8.488551017551748679e-03,0.000000000000000000e+00,1.067956077590886999e+01,1.000000000000000000e+00
2.642000000000000000e+03,6.751194194517498204e+01,4.101155445168878089e+01,-9.349992976797722247e-03,2.508006391238977528e+02,9.109905607568524744e-02,0.000000000000000000e+00,1.008898682471642516e+01,1.000000000000000000e+00
2.643000000000000000e+03,7.092848070645686676e+01,1.063668601915630063e+01,-8.498908327996079412e-03,2.287423892457005934e+02,5.163221128494765999e-02,0.000000000000000000e+00,1.277787892388812097e+01,1.000000000000000000e+00
2.643000000000000000e+03,9.155841241262149310e+01,5.186201302353278209e+01,-6.066063826408178879e-03,1.656883886755045125e+02,3.369407967040155549e-01,0.000000000000000000e+00,5.789880445279099064e+00,1.000000000000000000e+00
2.644000000000000000e+03,3.727534912687570312e+01,1.892181751493904684e+01,3.975995520433041677e-03,-1.115183962774336379e+02,1.628441044918434999e-01,0.000000000000000000e+00,1.119768639947596967e+01,1.000000000000000000e+00
2.644000000000000000e+03,1.162804950174877661e+02,2.518301390146525875e+01,-7.699012706851146061e-03,2.080108468397431238e+02,2.705669652164777172e-01,0.000000000000000000e+00,6.527025201887877159e+00,1.000000000000000000e+00
2.644000000000000000e+03,1.417373341920034306e+02,7.716891635536883065e+00,4.709450462445433951e-03,-1.305279418121676827e+02,2.031390160521093780e-01,0.000000000000000000e+00,1.085791312013967591e+01,1.000000000000000000e+00
2.644000000000000000e+03,8.226374060250392972e+00,2.121799337119407980e+01,3.436280864629303461e-02,-8.990780331197602209e+02,1.366104118353617114e-02,0.000000000000000000e+00,5.827675463534550460e+00,1.000000000000000000e+00
2.644000000000000000e+03,8.770239641487343363e+01,4.754300200297074497e+01,-7.820596189938584797e-03,2.111620244044900971e+02,2.485266371987966405e-01,0.000000000000000000e+00,4.893057158108390148e+00,1.000000000000000000e+00
2.645000000000000000e+03,9.553392290569638234e+00,1.020324966681100420e+01,-1.007240112051922473e-02,2.695238758438769082e+02,2.422811401432409806e-01,0.000000000000000000e+00,7.911719712208096666e+00,1.000000000000000000e+00
2.645000000000000000e+03,9.496274874610674033e+01,1.898210590473274806e+01,6.987998452012715057e-03,-1.895829147623998381e+02,2.341808653733271628e-01,0.000000000000000000e+00,1.355177738959293343e+01,1.000000000000000000e+00
2.645000000000000000e+03,3.031395710898370766e+01,3.263628896746160279e+01,-5.197884397451937866e-02,1.355647082603026547e+03,1.188258073882142440e-02,0.000000000000000000e+00,1.459791544087737236e+01,1.000000000000000000e+00
2.645000000000000000e+03,1.397480309803978002e+02,4.057219781524661073e+01,-1.299230626806627611e-02,3.452014214980203519e+02,3.049191473805601404e-02,0.000000000000000000e+00,1.168901299591897924e+01,1.000000000000000000e+00
2.645000000000000000e+03,3.720971254665147399e+01,4.797021587815287091e+01,-5.204008745471773272e-03,1.433458092260465833e+02,2.036145562421842747e-01,0.000000000000000000e+00,1.681311266715793096e+01,1.000000000000000000e+00
2.646000000000000000e+03,1.342637779568694896e+02,2.080906252767658771e+01,3.141699189410919208e-03,-8.989526282289266135e+01,2.913564532056087675e-01,0.000000000000000000e+00,6.722234176224036517e+00,1.000000000000000000e+00
2.646000000000000000e+03,5.790137893471385411e+01,4.408152737848438107e+01,-5.281594917607260707e-03,1.453566728627801581e+02,1.146801394888481429e-01,0.000000000000000000e+00,1.008898682471642516e+01,1.000000000000000000e+00
2.647000000000000000e+03,2.132172870976638634e+01,1.781190268915635500e+01,-3.724415342943879041e-03,1.049979891390004383e+02,2.955141020722604761e-01,0.000000000000000000e+00,6.468202030963567495e+00,1.000000000000000000e+00
2.647000000000000000e+03,1.262046062317198221e+02,3.021385002721705604e+01,2.403374412825916902e-03,-7.075950184293895973e+01,3.494680551418657410e-01,0.000000000000000000e+00,1.067956077590886999e+01,1.000000000000000000e+00
2.648000000000000000e+03,1.215027660613131957e+02,1.420557952493447296e+01,-5.150218023132955431e-03,1.419516715264076083e+02,1.028983166546756367e-01,0.000000000000000000e+00,1.047971700892935409e+01,1.000000000000000000e+00
2.648000000000000000e+03,1.126256376224590667e+02,1.977523474472415543e+01,-8.414411933629005816e-03,2.265524277848988390e+02,7.311866320912441264e-02,0.000000000000000000e+00,6.527025201887877159e+00,1.000000000000000000e+00
2.648000000000000000e+03,1.131487620629864921e+02,3.105142625498059772e+01,-9.767221185468962646e-03,2.616142803945533046e+02,8.942318948433958248e-02,0.000000000000000000e+00,6.651767798803617460e+00,1.000000000000000000e+00
2.648000000000000000e+03,1.036649184401957626e+02,4.505520827213639024e+01,4.474688925370792249e-03,-1.244434369936710567e+02,1.729873857769945733e-01,0.000000000000000000e+00,1.388884729267784124e+01,1.000000000000000000e+00
2.649000000000000000e+03,1.309000321532529938e+02,8.385593247167163256e+00,-4.398363164031713311e-03,1.224652404439722346e+02,8.558568806791999606e-02,0.000000000000000000e+00,1.085791312013967591e+01,1.000000000000000000e+00
2.649000000000000000e+03,7.264316970032152199e+01,3.912811695601067186e+01,1.087905538345438142e-02,-2.904305874408847217e+02,2.847327516327213814e-02,0.000000000000000000e+00,9.078494942278778623e+00,1.000000000000000000e+00
2.649000000000000000e+03,8.844830759831334888e+01,4.270713342959790992e+01,-7.923738156900490479e-03,2.138352382656235875e+02,1.007216699819434291e-01,0.000000000000000000e+00,4.893057158108390148e+00,1.000000000000000000e+00
2.650000000000000000e+03,9.920101802677523040e+01,3.185408104150270958e+01,-4.887090448588558844e-03,1.351319811497609464e+02,2.829636239480237681e-01,0.000000000000000000e+00,4.446060318101388020e+00,1.000000000000000000e+00
2.650000000000000000e+03,9.489202357926700415e+01,3.294953492165426212e+01,4.782889379120694277e-03,-1.324313176715347993e+02,3.015329668262412000e-01,0.000000000000000000e+00,4.446060318101388020e+00,1.000000000000000000e+00
2.650000000000000000e+03,1.056777385310677317e+02,7.368534081584718010e+00,-4.851276632110532172e-03,1.342037654733572651e+02,3.177448875859478772e-01,0.000000000000000000e+00,1.213105345381382172e+01,1.000000000000000000e+00
2.650000000000000000e+03,6.752951875484400546e+01,1.972396696037579744e+01,-3.483930804661703688e-03,9.876515666488607792e+01,1.818391830979149137e-01,0.000000000000000000e+00,7.381792430027700469e+00,1.000000000000000000e+00
2.650000000000000000e+03,1.680856444194297339e+01,3.817736324309159102e+01,2.546744763891752028e-03,-7.447534730365541122e+01,2.424213683513960493e-01,0.000000000000000000e+00,1.073426104968689287e+01,1.000000000000000000e+00
2.650000000000000000e+03,1.282733556007538880e+02,4.614083742266522137e+01,-4.840630989255515458e-03,1.339278537288079747e+02,1.326623525461581021e-01,0.000000000000000000e+00,1.275452555548490174e+01,1.000000000000000000e+00
2.651000000000000000e+03,8.416727653891298644e+01,1.292924518852490401e+01,7.717003296528193550e-03,-2.084771235175227559e+02,7.132871646467886517e-02,0.000000000000000000e+00,1.198696135253645956e+01,1.000000000000000000e+00
2.651000000000000000e+03,4.353086341195980680e+01,2.580181035225079711e+01,-4.423259140171606658e-03,1.231104896132865321e+02,1.166064602319574206e-01,0.000000000000000000e+00,7.045318477851809646e+00,1.000000000000000000e+00
2.652000000000000000e+03,7.508240611442793977e+01,5.109246989195214361e+00,-4.948851299785794917e-03,1.367326871316124652e+02,6.921919679442189999e-02,0.000000000000000000e+00,1.198696135253645956e+01,1.000000000000000000e+00
2.652000000000000000e+03,1.264084287918247007e+01,1.142933367684046075e+01,-3.393496817831938295e-02,8.879893453331155797e+02,1.192813461712021184e-01,0.000000000000000000e+00,1.077473739822032606e+01,1.000000000000000000e+00
2.652000000000000000e+03,1.024280410813028794e+02,1.905621667413830167e+01,-5.532264088436482374e-03,1.518534687040597930e+02,7.921709665616327722e-02,0.000000000000000000e+00,1.022291358674373463e+01,1.000000000000000000e+00
2.653000000000000000e+03,7.904983491812012630e+01,4.556035693940921760e+01,-8.474666764425153875e-03,2.281141010167464174e+02,1.755941989704906669e-01,0.000000000000000000e+00,5.914615621637105747e+00,1.000000000000000000e+00
2.653000000000000000e+03,5.356654042013917660e+01,5.813199692305735411e+00,-1.547263815286257452e-03,4.857099038230781218e+01,4.937837581032274992e-01,0.000000000000000000e+00,1.970974910956113391e+01,1.000000000000000000e+00
2.653000000000000000e+03,1.867912454573945169e+01,2.308648908482203055e+01,2.170231608616639621e-03,-6.471695103463456178e+01,2.725546007415134975e-01,0.000000000000000000e+00,1.309016262571821088e+01,1.000000000000000000e+00
2.653000000000000000e+03,2.197011098001632234e+01,4.758920671916619938e+01,3.101260989515958102e-03,-8.884719325758736375e+01,2.844753745856269944e-01,0.000000000000000000e+00,4.495277857235012497e+00,1.000000000000000000e+00
2.654000000000000000e+03,7.250218889775072739e+01,2.517955227543212970e+01,-8.869427994552311206e-03,2.383454474152863725e+02,2.291546175048377876e-01,0.000000000000000000e+00,7.381792430027700469e+00,1.000000000000000000e+00
2.654000000000000000e+03,5.801104966695155696e+01,2.607576350954908051e+01,1.400913548465894170e-03,-4.477791203245170948e+01,4.402606157781291385e-01,0.000000000000000000e+00,4.969592468353511983e+00,1.000000000000000000e+00
2.654000000000000000e+03,7.567350418257392164e+01,5.041659712250557135e+01,5.186141056496473313e-03,-1.428827178652541647e+02,3.997068775043958189e-01,0.000000000000000000e+00,3.272989323879184287e+00,1.000000000000000000e+00
2.655000000000000000e+03,9.421631115347929608e+01,4.082878428495848055e+01,-1.220031151023292029e-02,3.246746521630208235e+02,3.732219517377444173e-02,0.000000000000000000e+00,3.117466183665125623e+00,1.000000000000000000e+00
2.655000000000000000e+03,5.231274748284394605e+01,4.876140732711321846e+01,-2.553363921349552715e-02,6.702453008647360093e+02,1.883470732504299860e-02,0.000000000000000000e+00,2.305341859226234646e+01,1.000000000000000000e+00
2.655000000000000000e+03,3.177884453711693880e+01,3.828195416363512749e+01,3.876582148254702730e-03,-1.089418194259633736e+02,1.549787672758761170e-01,0.000000000000000000e+00,6.972095970350433269e+00,1.000000000000000000e+00
2.655000000000000000e+03,9.164815778646462263e+01,5.186526098526878314e+01,7.948910528173364423e-03,-2.144876509913678717e+02,9.119221141056887969e-02,0.000000000000000000e+00,9.587620489833748039e+00,1.000000000000000000e+00
2.656000000000000000e+03,1.317025327028240156e+02,4.607110258183471529e+01,-2.315253888041690980e-02,6.085323958016958841e+02,1.757569862168217867e-02,0.000000000000000000e+00,1.734020170975846753e+01,1.000000000000000000e+00
2.656000000000000000e+03,3.679327626632854020e+01,2.374233665506880442e+01,6.505745705201636080e-03,-1.770839798931316409e+02,1.003249655988820432e-01,0.000000000000000000e+00,7.045318477851809646e+00,1.000000000000000000e+00
2.656000000000000000e+03,7.726134571990941424e+01,3.305291516827091414e+01,-3.331503596348392437e-02,8.719220602262356579e+02,1.606935428862910076e-02,0.000000000000000000e+00,9.199968309740544470e+00,1.000000000000000000e+00
2.658000000000000000e+03,1.026431058260458329e+01,3.496793070118776114e+01,-7.982045767045692700e-03,2.153464438033974488e+02,4.875959098475513009e-02,0.000000000000000000e+00,1.308040444688266390e+01,1.000000000000000000e+00
2.658000000000000000e+03,7.723601427888536364e+01,5.329253545862335528e+01,-8.284684408546297979e-03,2.231901744903721010e+02,9.360616726472281712e-02,0.000000000000000000e+00,3.272989323879184287e+00,1.000000000000000000e+00
2.658000000000000000e+03,7.520126287457607361e+01,5.228210963349129159e+00,5.746936169443797766e-03,-1.574172988253049823e+02,1.826715436858826758e-01,0.000000000000000000e+00,1.441944444314807150e+01,1.000000000000000000e+00
2.658000000000000000e+03,2.644932456933353393e+01,4.720951126880706283e+01,3.201262594203097174e-03,-9.143901580721922073e+01,1.622543290764022483e-01,0.000000000000000000e+00,4.495277857235012497e+00,1.000000000000000000e+00
2.659000000000000000e+03,6.288297451916080405e+01,2.705617033120112325e+01,-6.592637494446144768e-03,1.793360247422753559e+02,7.550412040049692131e-02,0.000000000000000000e+00,4.969592468353511983e+00,1.000000000000000000e+00
2.659000000000000000e+03,1.097340340671124324e+02,2.047536511795715697e+01,-2.710389699297304639e-03,7.871666558093808419e+01,2.898492764523458165e-01,0.000000000000000000e+00,1.007354211997361659e+01,1.000000000000000000e+00
2.659000000000000000e+03,8.288862877452721989e+01,4.796742592640509883e+01,3.754743130443054851e-03,-1.057840189608890569e+02,2.979105457784458899e-01,0.000000000000000000e+00,7.619479143958428402e+00,1.000000000000000000e+00
2.660000000000000000e+03,9.436987645988864415e+01,3.771510268547483946e+01,-2.137002284072387487e-02,5.623334844821155230e+02,2.813508180408930137e-02,0.000000000000000000e+00,3.117466183665125623e+00,1.000000000000000000e+00
2.660000000000000000e+03,1.188202139372624515e+02,2.482480027785586785e+01,2.601953801129216082e-03,-7.590624461878546470e+01,2.337133460373392868e-01,0.000000000000000000e+00,1.007354211997361659e+01,1.000000000000000000e+00
2.660000000000000000e+03,2.998871508767433625e+01,3.154358946780461181e+01,2.600289256865755648e-03,-7.586310327750004490e+01,2.939313662318269182e-01,0.000000000000000000e+00,6.972095970350433269e+00,1.000000000000000000e+00
2.661000000000000000e+03,9.450133453239109826e+01,2.465067479239530357e+01,-1.145808274195409676e-02,3.054377082696801153e+02,1.562813829623750372e-01,0.000000000000000000e+00,3.975933886997985667e+00,1.000000000000000000e+00
2.661000000000000000e+03,1.287318928308737043e+02,2.709501513690850416e+01,-4.387014540813478046e-03,1.221711089882189043e+02,1.421854247032621199e-01,0.000000000000000000e+00,4.435045598653758248e+00,1.000000000000000000e+00
2.662000000000000000e+03,4.731286154304128644e+01,3.719061412788930454e+01,3.386218845615698858e-03,-9.623267671502473775e+01,1.991757440608025176e-01,0.000000000000000000e+00,1.083516893475707299e+01,1.000000000000000000e+00
2.662000000000000000e+03,9.480285527060384254e+01,5.194607903743947475e+01,-9.827468001151461532e-03,2.631757458922114097e+02,1.043467895782494992e-01,0.000000000000000000e+00,1.256099015116872586e+01,1.000000000000000000e+00
2.662000000000000000e+03,1.056545700253583533e+02,4.131438286566813645e+01,-7.964066395071155158e-03,2.148804578638956571e+02,4.719927668234880080e-02,0.000000000000000000e+00,1.184479323087092872e+01,1.000000000000000000e+00
2.663000000000000000e+03,7.229743140920956535e+01,2.530034530493335154e+01,7.442067869856325117e-03,-2.013513994776919276e+02,1.719689763874658883e-01,0.000000000000000000e+00,6.197392220969919485e+00,1.000000000000000000e+00
2.663000000000000000e+03,1.412496361164629661e+02,4.828503115540983970e+01,3.360192087341655302e-03,-9.555812014966235779e+01,2.342688299786170880e-01,0.000000000000000000e+00,8.958788765334526616e+00,1.000000000000000000e+00
2.663000000000000000e+03,1.183369486827294566e+02,8.733528797227233298e+00,1.897614942292316382e-03,-5.765132418399148406e+01,3.566770121774806013e-01,0.000000000000000000e+00,9.548621447065757550e+00,1.000000000000000000e+00
2.663000000000000000e+03,7.147474682578068439e+01,1.915780019588230587e+01,-7.139211440594039025e-03,1.935020242089775593e+02,1.368398275207975967e-01,0.000000000000000000e+00,6.197392220969919485e+00,1.000000000000000000e+00
2.663000000000000000e+03,4.344202138604300956e+01,2.339251744808380451e+01,3.814559292001438139e-03,-1.073343228469563684e+02,1.695320732374003825e-01,0.000000000000000000e+00,8.619971238983159978e+00,1.000000000000000000e+00
2.663000000000000000e+03,2.334207254822737454e+01,3.470501918653372542e+01,2.952695315537387424e-03,-8.499669640682598981e+01,1.980543977747687423e-01,0.000000000000000000e+00,7.360196662701995685e+00,1.000000000000000000e+00
2.664000000000000000e+03,5.306377065664191406e+01,1.242546299886273609e+01,-7.383069955824307640e-03,1.998223027752158032e+02,1.039780357445702075e-01,0.000000000000000000e+00,1.458952851597508449e+01,1.000000000000000000e+00
2.664000000000000000e+03,3.665032114131621199e+01,3.911704035962132053e+01,7.730698206747937604e-03,-2.088320655930400562e+02,7.901920756282165836e-02,0.000000000000000000e+00,9.889959626465588016e+00,1.000000000000000000e+00
2.665000000000000000e+03,7.403338864808313247e+01,5.339384085357540499e+00,-8.451294134652254444e-03,2.275083336485215000e+02,1.264802639312609944e-01,0.000000000000000000e+00,1.405330109897477442e+01,1.000000000000000000e+00
2.665000000000000000e+03,1.320172917857866253e+02,3.871590339303473627e+01,-2.630931610214179515e-03,7.665728595717504845e+01,4.652651612696981909e-01,0.000000000000000000e+00,7.005638603826496613e+00,1.000000000000000000e+00
2.666000000000000000e+03,1.368052712566889966e+02,1.124959929078777776e+01,3.932508638889332421e-03,-1.103913115616355753e+02,2.171404958866386403e-01,0.000000000000000000e+00,8.035162033209992671e+00,1.000000000000000000e+00
2.666000000000000000e+03,1.323241252730237250e+02,4.751356999272395143e+01,7.738286975770374693e-03,-2.090287498636358521e+02,2.049846736178195794e-01,0.000000000000000000e+00,8.803015641709224681e+00,1.000000000000000000e+00
2.667000000000000000e+03,1.196679157654508145e+02,4.630372838598049157e+01,-8.507502850215151874e-03,2.289651404361479194e+02,5.882189747434374283e-02,0.000000000000000000e+00,1.271390403507068001e+01,1.000000000000000000e+00
2.667000000000000000e+03,1.160134932924773068e+02,2.582664026948205560e+01,1.595441860103081165e-03,-4.981965977460484396e+01,4.642501846062123683e-01,0.000000000000000000e+00,1.357304793499002393e+01,1.000000000000000000e+00
2.667000000000000000e+03,3.710649997351781337e+01,2.923760706179646363e+01,-2.132654419086214403e-03,6.374303259121110443e+01,3.397088255317790573e-01,0.000000000000000000e+00,6.102659377355264425e+00,1.000000000000000000e+00
2.667000000000000000e+03,1.409482446388542201e+02,3.061129250426597537e+01,-2.275909406497794631e-03,6.745588807870221615e+01,2.968388363898966098e-01,0.000000000000000000e+00,1.206012589163418980e+01,1.000000000000000000e+00
2.668000000000000000e+03,1.441144183599137030e+01,5.103167978781627312e+01,-7.517855328129761580e-03,2.033156443910301618e+02,4.183058944728113016e-02,0.000000000000000000e+00,7.391948001338301211e+00,1.000000000000000000e+00
2.668000000000000000e+03,1.256654725652401225e+02,1.485471407810502598e+01,3.701194307409094372e-03,-1.043961507613749120e+02,2.557084895060878216e-01,0.000000000000000000e+00,7.433461836062781103e+00,1.000000000000000000e+00
2.669000000000000000e+03,1.009375334615323396e+02,1.935339310587921702e+01,-3.619385551640760812e-02,9.465347572617693004e+02,9.892264331120559362e-03,0.000000000000000000e+00,5.145563769637106155e+00,1.000000000000000000e+00
2.669000000000000000e+03,2.131505327254608417e+01,2.519740647019433055e+01,-4.017439704713887672e-02,1.049701674746466551e+03,8.330397603181105559e-03,0.000000000000000000e+00,8.165828483986462771e+00,1.000000000000000000e+00
2.670000000000000000e+03,7.415335676135106269e+01,3.348272009516546177e+01,-8.167104097737165266e-03,2.201427503825165104e+02,6.266375246101951735e-02,0.000000000000000000e+00,1.470183075774496473e+01,1.000000000000000000e+00
2.670000000000000000e+03,1.058463858083761266e+02,4.819689686846166410e+01,5.869357761782471698e-03,-1.605901983460465487e+02,7.868752370776876948e-02,0.000000000000000000e+00,1.274956970660216982e+01,1.000000000000000000e+00
2.670000000000000000e+03,6.843127006768823151e+01,1.994013719899744075e+01,-7.499330630947997206e-03,2.028355248166392357e+02,2.683786162805645858e-02,0.000000000000000000e+00,1.227035506888302585e+01,1.000000000000000000e+00
2.670000000000000000e+03,9.722361252669047715e+00,2.925413983559891307e+01,7.656103741709210583e-03,-2.068987404512089654e+02,1.411721232695407613e-01,0.000000000000000000e+00,9.701672472499360822e+00,1.000000000000000000e+00
2.670000000000000000e+03,1.269057871387036300e+02,3.392513179648862121e+01,1.854638570700158171e-03,-5.653747076791486847e+01,4.261183344302118536e-01,0.000000000000000000e+00,7.005638603826496613e+00,1.000000000000000000e+00
2.671000000000000000e+03,8.958422487674997114e+01,2.107770216300910704e+01,-3.430544228151671815e-02,8.975912226002409398e+02,4.666818049918375344e-02,0.000000000000000000e+00,6.413305904420910863e+00,1.000000000000000000e+00
2.672000000000000000e+03,6.901579405702865699e+01,7.683712548131719444e+00,1.159117426754720757e-02,-3.088871490889182496e+02,2.636558856377368976e-02,0.000000000000000000e+00,1.194324854023464866e+01,1.000000000000000000e+00
2.672000000000000000e+03,3.108810565805333326e+01,2.822697293432650412e+01,-8.355927266058958691e-03,2.250366333065001641e+02,6.897043982267903051e-02,0.000000000000000000e+00,6.102659377355264425e+00,1.000000000000000000e+00
2.672000000000000000e+03,1.869946613965411331e+01,3.293300333017447201e+01,7.566630308266085805e-03,-2.045797850392794714e+02,1.627760369934452278e-01,0.000000000000000000e+00,8.165828483986462771e+00,1.000000000000000000e+00
2.672000000000000000e+03,9.738285796476719725e+01,3.866168716211728196e+01,-2.815187413293088539e-02,7.381042149857294135e+02,8.842065581129876506e-03,0.000000000000000000e+00,1.274956970660216982e+01,1.000000000000000000e+00
2.673000000000000000e+03,8.094383676866148392e+01,7.081232039500889641e+00,-3.518695298840201352e-02,9.204380492586238915e+02,9.969710612460325194e-03,0.000000000000000000e+00,1.194324854023464866e+01,1.000000000000000000e+00
2.673000000000000000e+03,5.769716524863817142e+01,2.621485456539260639e+01,-6.845276942988476332e-03,1.858838858661757172e+02,7.094178360112968207e-02,0.000000000000000000e+00,4.639876739582378562e+00,1.000000000000000000e+00
2.673000000000000000e+03,1.326849190710748871e+01,3.965246000389662129e+01,-4.025900072856527893e-03,1.128118129651471691e+02,2.853265674870544277e-01,0.000000000000000000e+00,4.189861678738919792e+00,1.000000000000000000e+00
2.673000000000000000e+03,6.899538329425358540e+01,5.063830842339643112e+01,-3.345678032111122635e-02,8.755957634986069706e+02,1.127477026728385123e-02,0.000000000000000000e+00,1.791420947669799446e+01,1.000000000000000000e+00
2.673000000000000000e+03,1.280438650351222662e+01,4.381653818055452376e+01,3.379617388708022491e-03,-9.606158141183168198e+01,3.553490926517488546e-01,0.000000000000000000e+00,4.189861678738919792e+00,1.000000000000000000e+00
2.674000000000000000e+03,9.579334361104166362e+01,1.947229344023847020e+01,-3.194625267650406247e-02,8.364461956153362507e+02,4.103191937960093405e-02,0.000000000000000000e+00,5.145563769637106155e+00,1.000000000000000000e+00
2.675000000000000000e+03,2.981337475002445814e+01,5.493897669389079752e+00,-7.331222225385982533e-03,1.984785231697014467e+02,3.765093318077348261e-01,0.000000000000000000e+00,1.270886857965209593e+01,1.000000000000000000e+00
2.675000000000000000e+03,1.203876006401712999e+02,5.045058677046554862e+01,-3.688739674640846566e-03,1.040733539606923728e+02,2.591193773702837877e-01,0.000000000000000000e+00,6.184011112141357458e+00,1.000000000000000000e+00
2.676000000000000000e+03,1.313064256004680033e+02,1.327994446411149987e+01,-6.904935003301001899e-03,1.874300921142559275e+02,9.640313303137737488e-02,0.000000000000000000e+00,9.765100528782173939e+00,1.000000000000000000e+00
2.676000000000000000e+03,1.295917535183223777e+02,2.941705041280961197e+01,-6.475348256279708087e-03,1.762961445997519263e+02,1.097531007153196292e-01,0.000000000000000000e+00,7.624541237762962886e+00,1.000000000000000000e+00
2.676000000000000000e+03,2.222673525759676139e+01,5.227631503738800234e+01,-6.969890356387217767e-03,1.891135925878218700e+02,4.149455674822521978e-02,0.000000000000000000e+00,1.266287805007272915e+01,1.000000000000000000e+00
2.676000000000000000e+03,4.572278133739699513e+01,6.158530836657774898e+00,-1.739225808939159857e-03,5.354622478358003690e+01,4.171155795610023143e-01,0.000000000000000000e+00,9.834314546349064656e+00,1.000000000000000000e+00
2.676000000000000000e+03,7.871449329411183271e+01,3.252103608400302193e+01,3.020602940057787959e-03,-8.675671328930049242e+01,3.477029460334201127e-01,0.000000000000000000e+00,1.367162830519639627e+01,1.000000000000000000e+00
2.676000000000000000e+03,1.244504078881261790e+02,4.578844233887046045e+01,-2.698863592735753405e-03,7.841793414568613230e+01,4.325781373001221786e-01,0.000000000000000000e+00,6.184011112141357458e+00,1.000000000000000000e+00
2.677000000000000000e+03,4.014241975619499669e+01,3.813849793605916716e+01,-6.770622027917977404e-03,1.839489939919310757e+02,3.242347677298180741e-01,0.000000000000000000e+00,8.707741277098996591e+00,1.000000000000000000e+00
2.678000000000000000e+03,1.362730962327760267e+02,2.168764160229332916e+01,-8.677179848787550803e-03,2.333627965780633531e+02,4.708599353652875852e-02,0.000000000000000000e+00,8.240849757759699301e+00,1.000000000000000000e+00
2.678000000000000000e+03,8.880764428986945802e+01,2.329922913025018616e+01,-3.793227295993576581e-03,1.067814442361100191e+02,2.156574575347200984e-01,0.000000000000000000e+00,7.965264074800738392e+00,1.000000000000000000e+00
2.679000000000000000e+03,5.335818026869270625e+01,1.235646805451510843e+01,9.854991194168525454e-03,-2.638890867683170427e+02,3.376395179659241741e-02,0.000000000000000000e+00,9.834314546349064656e+00,1.000000000000000000e+00
2.679000000000000000e+03,1.257902884202981397e+02,3.799541945976901047e+01,-7.665863779264779632e-03,2.071516992462294979e+02,8.671900444243585415e-02,0.000000000000000000e+00,3.877645079795072114e+00,1.000000000000000000e+00
2.679000000000000000e+03,1.225332281939145140e+01,5.152744751280157409e+00,-7.998422607367593543e-03,2.157708956326537759e+02,6.028562621503896768e-02,0.000000000000000000e+00,1.531037203884151410e+01,1.000000000000000000e+00
2.680000000000000000e+03,3.401795119303032777e+01,1.748709897303559302e+01,2.308471572686044294e-03,-6.829982810202085375e+01,3.396318375847173776e-01,0.000000000000000000e+00,4.149755131517729012e+00,1.000000000000000000e+00
2.681000000000000000e+03,2.977096547965429352e+01,5.586265417422881185e+00,7.975175578194411766e-03,-2.151683835568575489e+02,5.695584014042964771e-02,0.000000000000000000e+00,1.210145583299682492e+01,1.000000000000000000e+00
2.681000000000000000e+03,2.326493677408614502e+01,1.579003059309681589e+01,-3.165009273855349300e-03,9.049940915320316037e+01,2.503551606985090494e-01,0.000000000000000000e+00,7.690153989510360333e+00,1.000000000000000000e+00
2.681000000000000000e+03,3.509867659589762923e+01,4.523676625177161270e+01,-6.443663539717159501e-03,1.754749461487627684e+02,3.820752424759684684e-01,0.000000000000000000e+00,4.480000898117848962e+00,1.000000000000000000e+00
2.681000000000000000e+03,1.018135233002525695e+02,4.695702465457432595e+01,2.632754409565023559e-03,-7.670452892368295750e+01,2.710058581662069255e-01,0.000000000000000000e+00,1.810895164961407033e+01,1.000000000000000000e+00
2.681000000000000000e+03,1.315547818643622975e+02,4.758749618940689174e+01,-8.012314804965033413e-03,2.161309509648620235e+02,1.485796769760434621e-01,0.000000000000000000e+00,7.328623632807933497e+00,1.000000000000000000e+00
2.682000000000000000e+03,5.473491953433288160e+01,5.263178144363496358e+01,-5.620806570462259788e-03,1.541482958944108361e+02,1.081993593407004628e-01,0.000000000000000000e+00,1.411069219679863274e+01,1.000000000000000000e+00
2.682000000000000000e+03,1.369937943157818552e+02,1.347836642094389248e+01,-1.992640065320583527e-03,6.011416722952792213e+01,3.611415299177742622e-01,0.000000000000000000e+00,8.215622093860099895e+00,1.000000000000000000e+00
2.683000000000000000e+03,1.007536191255366020e+02,1.909601683002361128e+01,3.576034731215391171e-02,-9.352991741653747795e+02,1.042492916884707466e-02,0.000000000000000000e+00,1.266385835419713679e+01,1.000000000000000000e+00
2.683000000000000000e+03,8.900470580838789658e+01,1.167975090981832054e+01,-4.320827978636538474e-02,1.128333269920032762e+03,1.013871173575642270e-02,0.000000000000000000e+00,1.162114914099166185e+01,1.000000000000000000e+00
2.683000000000000000e+03,1.738110174682530484e+01,3.840413700664217345e+01,2.027359722914884917e-03,-6.101402470431482783e+01,3.348267771744585231e-01,0.000000000000000000e+00,1.814470860406016683e+01,1.000000000000000000e+00
2.684000000000000000e+03,1.361113830395265722e+02,2.164646269416813240e+01,8.133871602515978932e-03,-2.192814368989551781e+02,9.948479092961626247e-02,0.000000000000000000e+00,6.707763812334984976e+00,1.000000000000000000e+00
2.684000000000000000e+03,1.413368380433928735e+02,4.324430711960036433e+01,-5.787313976567780294e-03,1.584638031422710185e+02,1.919742687414496274e-01,0.000000000000000000e+00,9.865996969816860585e+00,1.000000000000000000e+00
2.685000000000000000e+03,3.020003084844301355e+01,1.911312231048927401e+01,-4.323993515337033397e-03,1.205377420493403804e+02,1.395051684224667410e-01,0.000000000000000000e+00,4.149755131517729012e+00,1.000000000000000000e+00
2.685000000000000000e+03,1.427228413543374757e+02,2.051389291106929846e+01,8.558749140063937055e-03,-2.302933320189789299e+02,4.700258717585104051e-02,0.000000000000000000e+00,6.707763812334984976e+00,1.000000000000000000e+00
2.685000000000000000e+03,7.706538341677160986e+01,2.201581942516906309e+01,-4.414278708416968094e-03,1.228777364929748899e+02,1.347474158402229838e-01,0.000000000000000000e+00,1.159727141369755898e+01,1.000000000000000000e+00
2.685000000000000000e+03,1.390087869769616873e+02,5.283169855004295812e+01,-3.626178120963713305e-03,1.024518955244234064e+02,1.290702839440968086e-01,0.000000000000000000e+00,9.113937163375592121e+00,1.000000000000000000e+00
2.685000000000000000e+03,3.537155425801436337e+01,4.076508358988085234e+01,-4.110538761539592884e-02,1.073830911030747075e+03,1.573384979698244646e-02,0.000000000000000000e+00,4.480000898117848962e+00,1.000000000000000000e+00
2.686000000000000000e+03,1.180628161010364749e+02,3.896361403566749715e+01,3.462578935859156673e-03,-9.821176299473091831e+01,1.805089442304516067e-01,0.000000000000000000e+00,9.264947637564926453e+00,1.000000000000000000e+00
2.687000000000000000e+03,6.825638930689339645e+01,4.859674867269912824e+01,-3.740394371299537307e-02,9.778975927359769003e+02,9.661546511593255282e-02,0.000000000000000000e+00,1.299595018026330706e+01,1.000000000000000000e+00
2.687000000000000000e+03,1.175729518106846712e+02,5.066662402241110641e+00,-3.186962292354826327e-03,9.106838330674239046e+01,2.494708494745586647e-01,0.000000000000000000e+00,2.116425968717190997e+01,1.000000000000000000e+00
2.687000000000000000e+03,5.290850145734552257e+01,2.318955808980094702e+01,-8.052120262802307110e-03,2.171626212419924116e+02,7.383466846553932150e-02,0.000000000000000000e+00,8.841510092967659773e+00,1.000000000000000000e+00
2.687000000000000000e+03,6.983400799529322001e+01,3.569690989998969854e+01,4.586998744839016970e-03,-1.273542615104726821e+02,2.802228545031598683e-01,0.000000000000000000e+00,9.068905112281843373e+00,1.000000000000000000e+00
2.687000000000000000e+03,1.259535558805074800e+02,4.381907286666316281e+01,2.822277416695351607e-03,-8.161655013665452429e+01,3.528692649323347252e-01,0.000000000000000000e+00,7.482333370750215984e+00,1.000000000000000000e+00
2.688000000000000000e+03,1.387443655139457199e+01,5.934618163700387861e+00,-2.830994875891376661e-03,8.184248758426288362e+01,3.293592117800765440e-01,0.000000000000000000e+00,4.639334299282725560e+00,1.000000000000000000e+00
2.688000000000000000e+03,5.127088411082780794e+01,1.450103058794925026e+01,-7.066663072693614954e-03,1.916217294231931021e+02,1.132550894098812710e-01,0.000000000000000000e+00,8.841510092967659773e+00,1.000000000000000000e+00
2.688000000000000000e+03,4.092737713736315186e+01,2.221257291132235778e+01,2.120038065262230820e-03,-6.341604433499825433e+01,3.614562928431672706e-01,0.000000000000000000e+00,1.004880201614523294e+01,1.000000000000000000e+00
2.688000000000000000e+03,8.711808300669365224e+01,5.235998865523815482e+01,5.557994554644263806e-03,-1.525203460280638410e+02,1.288174847929386413e-01,0.000000000000000000e+00,1.360532366652459579e+01,1.000000000000000000e+00
2.689000000000000000e+03,4.094196730625316150e+01,8.660501155295524001e+00,3.745883115362740393e-03,-1.055543867770147983e+02,2.459800392250526269e-01,0.000000000000000000e+00,7.826755171425135771e+00,1.000000000000000000e+00
2.689000000000000000e+03,9.467060275623482823e+01,4.104343982161910276e+01,7.091377406298659050e-03,-1.922622708158745297e+02,8.006254812606583560e-02,0.000000000000000000e+00,6.843957196233596996e+00,1.000000000000000000e+00
2.690000000000000000e+03,3.518682354951386060e+01,1.396487829617594478e+01,-3.071141289931388248e-03,8.806655661864886042e+01,2.306280179183126666e-01,0.000000000000000000e+00,7.167462443177954334e+00,1.000000000000000000e+00
2.690000000000000000e+03,6.398151692967194748e+01,2.413538362742135845e+01,3.063143856786328025e-03,-8.785928066913396606e+01,2.720475704790822347e-01,0.000000000000000000e+00,1.111333692452430455e+01,1.000000000000000000e+00
2.690000000000000000e+03,1.295524102083266769e+02,2.939941799429638181e+01,6.205858006840591322e-03,-1.693115476266590917e+02,2.140213033833917589e-01,0.000000000000000000e+00,7.343220923410451739e+00,1.000000000000000000e+00
2.691000000000000000e+03,2.595924927229734891e+01,3.456958287113420880e+01,3.276817289088103293e-03,-9.339722800337509057e+01,2.445095440117642793e-01,0.000000000000000000e+00,1.940980543261185431e+01,1.000000000000000000e+00
2.692000000000000000e+03,1.199653407600818333e+01,1.017689408983235211e+01,8.138252887042856168e-03,-2.193949901971111274e+02,8.312169317604556351e-02,0.000000000000000000e+00,4.639334299282725560e+00,1.000000000000000000e+00
2.692000000000000000e+03,5.479989946896951736e+00,2.972260203345864227e+01,-1.672575489785908592e-03,5.181879450221603634e+01,4.860709342375859610e-01,0.000000000000000000e+00,1.609016371777541465e+01,1.000000000000000000e+00
2.693000000000000000e+03,1.222583325550626085e+02,3.024754812474027688e+01,-3.426999162089126166e-02,8.966724191280778768e+02,1.212655837908738210e-02,0.000000000000000000e+00,7.343220923410451739e+00,1.000000000000000000e+00
2.693000000000000000e+03,8.955644457536611469e+01,3.649534833123203725e+01,-4.352456547109892319e-03,1.212754414873702018e+02,2.264712363528557093e-01,0.000000000000000000e+00,6.843957196233596996e+00,1.000000000000000000e+00
2.694000000000000000e+03,1.051285698119801566e+02,4.253808118110197256e+01,-5.042455279404724558e-03,1.391586972528562853e+02,9.069649526376821758e-02,0.000000000000000000e+00,1.056423341906697111e+01,1.000000000000000000e+00
2.694000000000000000e+03,9.819401816824377249e+01,6.214512440506517521e+00,3.241656198241835152e-03,-9.248592954561412682e+01,2.464208414745679976e-01,0.000000000000000000e+00,1.361081210939601682e+01,1.000000000000000000e+00
2.694000000000000000e+03,1.886380745765339739e+01,1.586836036146566542e+01,2.992001103196210467e-03,-8.601541632741022170e+01,2.892848429794597775e-01,0.000000000000000000e+00,8.919205795326874409e+00,1.000000000000000000e+00
2.696000000000000000e+03,6.236585279549110794e+01,1.599367720315816221e+01,-3.040700834648770584e-02,7.965523541473859268e+02,8.195189868332786176e-03,0.000000000000000000e+00,5.445568118037803274e+00,1.000000000000000000e+00
2.697000000000000000e+03,1.603368443362190732e+01,4.186809095509895684e+01,-8.322007280848855645e-03,2.241575015883065589e+02,7.305155997916779054e-02,0.000000000000000000e+00,4.428636035610173494e+00,1.000000000000000000e+00
2.698000000000000000e+03,1.117948439605986266e+02,5.693221693134001171e+00,-7.163879653604241643e-03,1.941413702568634108e+02,3.063334283509089317e-02,0.000000000000000000e+00,5.949310392163358330e+00,1.000000000000000000e+00
2.698000000000000000e+03,1.030430447083399770e+02,2.464344347008553626e+01,-4.578892687406453145e-03,1.271441702573566914e+02,2.214986859868980362e-01,0.000000000000000000e+00,9.890965197035995971e+00,1.000000000000000000e+00
2.699000000000000000e+03,1.222871777635634345e+02,3.960091429933257245e+01,-3.219216434786658938e-03,9.190434002899098687e+01,1.841630795806659115e-01,0.000000000000000000e+00,7.961523578547017976e+00,1.000000000000000000e+00
2.699000000000000000e+03,1.401835122509766904e+02,4.497809376242688728e+01,-7.778191928356373817e-03,2.100629988267195927e+02,5.755987469334700180e-02,0.000000000000000000e+00,8.506774036332627631e+00,1.000000000000000000e+00
2.699000000000000000e+03,1.366854374304255373e+02,1.005421716674351984e+01,-4.388388294857438823e-03,1.222067136839627892e+02,2.752653127157178581e-01,0.000000000000000000e+00,1.945976845547627221e+01,1.000000000000000000e+00
2.699000000000000000e+03,4.235756997405168534e+01,3.036992772734447499e+01,1.988289820278280485e-03,-6.000141840682312733e+01,2.367947696064934826e-01,0.000000000000000000e+00,9.977867835193515944e+00,1.000000000000000000e+00
2.700000000000000000e+03,3.012307114045556133e+01,1.882668544569112612e+01,4.442503918853762598e-03,-1.236092721228986022e+02,2.448722856578118279e-01,0.000000000000000000e+00,1.094774791961492255e+01,1.000000000000000000e+00
2.700000000000000000e+03,3.933122266481254314e+01,4.425838234835919849e+01,4.346267439040604232e-03,-1.211150333628578579e+02,3.622178951127442703e-01,0.000000000000000000e+00,3.889420366368448789e+00,1.000000000000000000e+00
2.701000000000000000e+03,8.605472201897183027e+01,3.712450078254438068e+01,-5.268917651809504506e-03,1.450281059016289191e+02,1.978571028820241828e-01,0.000000000000000000e+00,8.501895876359901294e+00,1.000000000000000000e+00
2.701000000000000000e+03,5.840391138647331815e+01,2.725602030645244866e+01,-3.871904289749279488e-03,1.088205795799001407e+02,2.083262441539661669e-01,0.000000000000000000e+00,8.515742503339888358e+00,1.000000000000000000e+00
2.701000000000000000e+03,9.595300752627449015e+01,4.412779616218510625e+01,-3.925858881395158199e-03,1.102189644130382504e+02,1.629116475786963614e-01,0.000000000000000000e+00,1.212527122000060587e+01,1.000000000000000000e+00
2.702000000000000000e+03,8.255885251007876491e+01,1.832981533140151242e+01,4.226857979930061238e-03,-1.180202017376024486e+02,4.574572025716285850e-01,0.000000000000000000e+00,4.255825929041829880e+00,1.000000000000000000e+00
2.702000000000000000e+03,5.069245367402199065e+01,1.515537559935800971e+01,8.228742010065666010e-03,-2.217402700581761223e+02,4.692740641054848894e-02,0.000000000000000000e+00,1.111459297578076466e+01,1.000000000000000000e+00
2.702000000000000000e+03,1.064406734169022570e+02,1.265434225729044826e+01,2.441303006352466866e-03,-7.174252790822545478e+01,2.765365798480826642e-01,0.000000000000000000e+00,8.782046556452980823e+00,1.000000000000000000e+00
2.702000000000000000e+03,6.266734233038250323e+01,3.488678322956437228e+01,7.345443601755065159e-03,-1.988471100946363777e+02,2.580199800778493202e-01,0.000000000000000000e+00,6.431174022434967164e+00,1.000000000000000000e+00
2.702000000000000000e+03,1.398577707253616609e+01,3.794140118172548171e+01,2.733122187837221627e-03,-7.930584189057167066e+01,3.827026101444580553e-01,0.000000000000000000e+00,4.428636035610173494e+00,1.000000000000000000e+00
2.703000000000000000e+03,9.570793097749921685e+01,3.127875047764808514e+01,4.329012901349989575e-03,-1.206678335403158258e+02,2.140417321749040758e-01,0.000000000000000000e+00,9.890965197035995971e+00,1.000000000000000000e+00
2.703000000000000000e+03,1.186692528196285110e+02,3.250891339748451969e+01,-5.449859633956929961e-03,1.497177257429502788e+02,8.248709009287868987e-02,0.000000000000000000e+00,7.961523578547017976e+00,1.000000000000000000e+00
2.703000000000000000e+03,1.161183356401574116e+02,9.779994728071088161e+00,1.993826979766110882e-03,-6.014492945213450525e+01,4.107585685173998913e-01,0.000000000000000000e+00,5.949310392163358330e+00,1.000000000000000000e+00
2.703000000000000000e+03,4.094329527987686390e+01,2.049279891245064178e+01,-6.950170798906682434e-03,1.886025048517129221e+02,7.036533343032569388e-02,0.000000000000000000e+00,6.355071288154216624e+00,1.000000000000000000e+00
2.704000000000000000e+03,8.089878324964992373e+01,1.412694685594775201e+01,-7.587922827411803552e-03,2.051316404963293110e+02,1.416616953631365527e-01,0.000000000000000000e+00,4.518842038773183134e+00,1.000000000000000000e+00
2.704000000000000000e+03,1.220704412428904391e+02,2.519021199305092651e+01,-2.267925906818773346e-03,6.724897325410714188e+01,3.285948489529328942e-01,0.000000000000000000e+00,8.070407234941072261e+00,1.000000000000000000e+00
2.704000000000000000e+03,7.792898362170146243e+01,3.962542241098288542e+01,-8.466488311700236247e-03,2.279021334362275297e+02,4.057736397902633740e-02,0.000000000000000000e+00,8.501895876359901294e+00,1.000000000000000000e+00
2.705000000000000000e+03,3.506224307157900455e+01,5.777331252194414901e+00,-8.373280949603467346e-03,2.254864027724057394e+02,9.786573293980893595e-02,0.000000000000000000e+00,1.395281563816163484e+01,1.000000000000000000e+00
2.705000000000000000e+03,4.275011012423813384e+01,4.240398235749851352e+01,-8.347012636853813616e-03,2.248055856441372953e+02,4.840041896987290482e-02,0.000000000000000000e+00,3.889420366368448789e+00,1.000000000000000000e+00
2.705000000000000000e+03,8.558775697324185217e+01,1.534020129421619671e+01,-3.693785498171231908e-03,1.042041306542107435e+02,4.457628661601514830e-01,0.000000000000000000e+00,4.255825929041829880e+00,1.000000000000000000e+00
2.705000000000000000e+03,3.973065195187385967e+01,2.673110214622919045e+01,-1.641866924125920607e-03,5.102289574445695308e+01,3.685197866012178691e-01,0.000000000000000000e+00,6.355071288154216624e+00,1.000000000000000000e+00
2.706000000000000000e+03,9.264926398417697939e+00,3.768047434629757930e+01,-7.515136248578318037e-03,2.032451718049379679e+02,3.693920607264888911e-02,0.000000000000000000e+00,4.728056038243542147e+00,1.000000000000000000e+00
2.706000000000000000e+03,6.587805950771587504e+01,1.078277870361404034e+01,3.952219288794986060e-03,-1.109021684329147774e+02,1.706602385228979113e-01,0.000000000000000000e+00,5.772341223755012685e+00,1.000000000000000000e+00
2.706000000000000000e+03,1.441980551696657926e+02,1.164815745367161881e+01,-7.703163717973487978e-02,2.004960606757824735e+03,6.027392897303140984e-03,0.000000000000000000e+00,2.594260085727617238e+01,1.000000000000000000e+00
2.706000000000000000e+03,5.847995742167732658e+01,4.183226616182992785e+01,-3.604715170810790514e-02,9.427325158911671679e+02,8.690864348966265140e-03,0.000000000000000000e+00,5.237927428409600239e+00,1.000000000000000000e+00
2.707000000000000000e+03,1.804239601933801751e+01,2.378114564729061442e+01,-4.560059317166801490e-03,1.266560505534238672e+02,1.811925063076320619e-01,0.000000000000000000e+00,1.167136819419565619e+01,1.000000000000000000e+00
2.707000000000000000e+03,8.538681698437046919e+01,6.636983453817726364e+00,-4.002235267963182713e-03,1.121984730577816691e+02,3.388877641837783061e-01,0.000000000000000000e+00,5.690074266547076043e+00,1.000000000000000000e+00
2.707000000000000000e+03,3.656291178667453323e+01,4.734752668896445726e+01,7.857701726106941856e-03,-2.121237186258798886e+02,1.473893314194512083e-01,0.000000000000000000e+00,3.754980993866023020e+00,1.000000000000000000e+00
2.708000000000000000e+03,1.065064130550587151e+02,3.253714287399402139e+01,-4.828685850617950304e-03,1.336182618999950193e+02,1.049167636658626668e-01,0.000000000000000000e+00,3.881677067394235792e+00,1.000000000000000000e+00
2.708000000000000000e+03,1.587496104253815510e+01,1.231279523645006790e+01,-2.500938984024757804e-03,7.328816182264066015e+01,3.137358263940523972e-01,0.000000000000000000e+00,1.167136819419565619e+01,1.000000000000000000e+00
2.708000000000000000e+03,1.320254702284510984e+02,5.107675815362136262e+01,1.917940219081973622e-03,-5.817811083782323323e+01,3.152047745857682326e-01,0.000000000000000000e+00,1.648794290232123672e+01,1.000000000000000000e+00
2.709000000000000000e+03,8.066274938811645256e+01,2.439505834783121330e+01,-7.747715244063405407e-03,2.092731099260799112e+02,6.832559153091011250e-02,0.000000000000000000e+00,1.027082399778808508e+01,1.000000000000000000e+00
2.709000000000000000e+03,1.173749506138717322e+02,1.626676502555969961e+01,-7.470114945809069873e-03,2.020783182519754462e+02,6.073479751173727070e-02,0.000000000000000000e+00,1.008342888251961966e+01,1.000000000000000000e+00
2.709000000000000000e+03,4.083427706304716054e+01,2.042184240492597525e+01,6.342144127261947588e-03,-1.728437853463938154e+02,5.885301927579733583e-02,0.000000000000000000e+00,6.405056351761613698e+00,1.000000000000000000e+00
2.709000000000000000e+03,3.533713245860297292e+01,3.410093222475354224e+01,-4.585913155056306825e-03,1.273261254011844272e+02,1.699578586689939330e-01,0.000000000000000000e+00,7.461602323479135102e+00,1.000000000000000000e+00
2.709000000000000000e+03,1.955463974768813884e+01,5.149902679738897149e+01,-2.308998095605592840e-02,6.069110314293519650e+02,1.882610391078121115e-02,0.000000000000000000e+00,9.726725572224436789e+00,1.000000000000000000e+00
2.710000000000000000e+03,5.884016336936632285e+01,2.244199111828586268e+01,-4.885288200766987887e-03,1.350852708338756543e+02,1.254612610669603168e-01,0.000000000000000000e+00,1.171097410603006495e+01,1.000000000000000000e+00
2.710000000000000000e+03,9.085706647531951319e+01,5.070677077149047030e+00,-7.768430535623296364e-03,2.098100049084663965e+02,1.797185258703520860e-01,0.000000000000000000e+00,5.280003900000078687e+00,1.000000000000000000e+00
2.710000000000000000e+03,1.155544148480231854e+02,5.033070466687802735e+01,-7.066274930325550964e-03,1.916116696232012657e+02,5.665903398765814725e-02,0.000000000000000000e+00,1.249036668957546148e+01,1.000000000000000000e+00
2.710000000000000000e+03,3.281873833564323917e+01,4.763221499727281838e+01,-4.299715932784038339e-03,1.199085202872670521e+02,2.808741131010322745e-01,0.000000000000000000e+00,3.754980993866023020e+00,1.000000000000000000e+00
2.711000000000000000e+03,1.299057315713178014e+02,3.351982153779199791e+01,-4.293317460319714257e-03,1.197426858962278686e+02,1.463170581468781206e-01,0.000000000000000000e+00,1.361595554154635401e+01,1.000000000000000000e+00
2.711000000000000000e+03,8.732823464964143056e+01,3.387833503319514961e+01,3.448218609607547024e-03,-9.783957479319720107e+01,2.495546267087797032e-01,0.000000000000000000e+00,7.532649522382723006e+00,1.000000000000000000e+00
2.711000000000000000e+03,6.606519311910393810e+01,4.518219471364008477e+00,3.051016862099316992e-03,-8.754497552985750985e+01,2.912953947973264679e-01,0.000000000000000000e+00,6.267353617188059722e+00,1.000000000000000000e+00
2.711000000000000000e+03,6.041597502856667035e+01,8.915814229903070043e+00,3.304538186270866013e-03,-9.411569293840378236e+01,2.125391035281249952e-01,0.000000000000000000e+00,5.772341223755012685e+00,1.000000000000000000e+00
2.711000000000000000e+03,2.557752963314250394e+01,4.386135779532713030e+01,-4.888835496326836630e-03,1.351772089647785435e+02,2.921321030175786371e-01,0.000000000000000000e+00,4.254441013735784871e+00,1.000000000000000000e+00
2.712000000000000000e+03,3.101697543955864589e+01,2.801720371630156947e+01,7.572129893573467316e-03,-2.047223222441362509e+02,1.191602426001449055e-01,0.000000000000000000e+00,7.461602323479135102e+00,1.000000000000000000e+00
2.713000000000000000e+03,1.442190633156465935e+02,2.092099305295538514e+01,2.434580472393583876e-03,-7.156829455307270393e+01,3.031402649190256815e-01,0.000000000000000000e+00,7.495278541123086669e+00,1.000000000000000000e+00
2.713000000000000000e+03,1.077253353938111076e+02,2.885181450495759137e+01,-5.324779956973221123e-03,1.464759344904871341e+02,1.830456983183843533e-01,0.000000000000000000e+00,3.881677067394235792e+00,1.000000000000000000e+00
2.713000000000000000e+03,1.170227381388639287e+02,3.792694367459706228e+01,-5.037821095938007157e-03,1.390385893681303742e+02,6.098496555744514769e-02,0.000000000000000000e+00,1.088784056136221778e+01,1.000000000000000000e+00
2.714000000000000000e+03,8.573270923384689013e+01,6.343235148823234582e+00,-5.643338501033587362e-03,1.547322741808014541e+02,1.900468111173835295e-01,0.000000000000000000e+00,5.280003900000078687e+00,1.000000000000000000e+00
2.714000000000000000e+03,2.798835309429142271e+01,3.580632198579532144e+01,-7.098879001893172030e-03,1.924566957421635323e+02,8.399248712027040931e-02,0.000000000000000000e+00,7.544064712235534209e+00,1.000000000000000000e+00
2.715000000000000000e+03,8.190932578302476941e+01,3.911056548706049796e+01,-4.907319589913422195e-03,1.356562761829206920e+02,1.646095543772371217e-01,0.000000000000000000e+00,5.311148687598912232e+00,1.000000000000000000e+00
2.715000000000000000e+03,6.717448000195551572e+01,1.421483603406301910e+01,2.703123992743325897e-03,-7.852835438188758133e+01,2.514539391108071564e-01,0.000000000000000000e+00,7.853278630132505711e+00,1.000000000000000000e+00
2.716000000000000000e+03,2.966565596050271836e+01,4.503927607385983833e+01,3.986752566441809781e-03,-1.117971953477103426e+02,1.787952378794863684e-01,0.000000000000000000e+00,4.254441013735784871e+00,1.000000000000000000e+00
2.716000000000000000e+03,1.297496023326660008e+02,4.782623383953978902e+01,-4.890736327356015253e-03,1.352264743414680481e+02,1.057671837449141172e-01,0.000000000000000000e+00,6.440499278627775936e+00,1.000000000000000000e+00
2.716000000000000000e+03,1.377962142983647809e+01,1.838489014968746105e+01,-1.675695116597209367e-03,5.189964839592364854e+01,3.818328075072117134e-01,0.000000000000000000e+00,3.605909042618260063e+00,1.000000000000000000e+00
2.717000000000000000e+03,1.233992939627596996e+02,4.675216933258367646e+01,-1.880440400608359569e-03,5.720619768271848926e+01,3.812310136868992672e-01,0.000000000000000000e+00,6.440499278627775936e+00,1.000000000000000000e+00
2.718000000000000000e+03,1.430713688768669272e+02,2.832788159567117603e+01,2.262671099419147347e-03,-6.711278015645703476e+01,2.116839553453278011e-01,0.000000000000000000e+00,7.319517505124596646e+00,1.000000000000000000e+00
2.718000000000000000e+03,6.801376410339653944e+01,6.406533565564234145e+00,-3.734931420955320443e-03,1.052705428466035613e+02,2.688296180374359912e-01,0.000000000000000000e+00,7.853278630132505711e+00,1.000000000000000000e+00
2.718000000000000000e+03,8.424811125356090713e+01,2.576691853180435388e+01,3.778234206728986033e-03,-1.063928562032861151e+02,2.911921462932884896e-01,0.000000000000000000e+00,8.003730970618368801e+00,1.000000000000000000e+00
2.718000000000000000e+03,3.231469786037434488e+01,2.923772082628421387e+01,-8.700753025641359134e-03,2.339737616873464390e+02,6.038230533509625353e-02,0.000000000000000000e+00,5.530336034382068000e+00,1.000000000000000000e+00
2.720000000000000000e+03,5.400821886285705631e+01,2.202980341615088733e+01,-8.505376084984748661e-03,2.289100193398497538e+02,1.285156185840582443e-01,0.000000000000000000e+00,3.372719806805066778e+00,1.000000000000000000e+00
2.720000000000000000e+03,1.096549452220809115e+02,2.709733218738994864e+01,-7.298797182503316376e-03,1.976381370821081873e+02,5.769671478451454671e-02,0.000000000000000000e+00,8.208915134833929983e+00,1.000000000000000000e+00
2.720000000000000000e+03,4.794042871579074472e+01,5.313267338472790158e+01,3.636863392416782390e-03,-1.027288343554315873e+02,2.554036575265453690e-01,0.000000000000000000e+00,1.832570607098569937e+01,1.000000000000000000e+00
2.720000000000000000e+03,5.805874676982381999e+01,4.817460527284432636e+00,3.639020550758557005e-03,-1.027847431746033351e+02,1.966192886346679325e-01,0.000000000000000000e+00,1.008104772495007495e+01,1.000000000000000000e+00
2.720000000000000000e+03,9.474355895916045256e+01,1.875417707507268972e+01,-7.365078331631831100e-03,1.993559992850622962e+02,1.532641103996071896e-01,0.000000000000000000e+00,9.949444896927198911e+00,1.000000000000000000e+00
2.721000000000000000e+03,6.341343248487061146e+01,3.503373896410458599e+01,-1.402198783532615685e-02,3.718885123033506943e+02,3.141078587576862091e-02,0.000000000000000000e+00,1.053271281473141840e+01,1.000000000000000000e+00
2.721000000000000000e+03,1.534851475392722442e+01,2.163160445206450078e+01,3.580623428843862990e-03,-1.012712176878311396e+02,2.443752076586640509e-01,0.000000000000000000e+00,3.605909042618260063e+00,1.000000000000000000e+00
2.721000000000000000e+03,9.406338529229893197e+01,4.294556144099246353e+01,-2.270620552548756419e-03,6.731881256906702049e+01,3.215210303056484920e-01,0.000000000000000000e+00,1.222612336989205595e+01,1.000000000000000000e+00
2.722000000000000000e+03,1.331236680086109914e+02,2.309509568849192362e+01,-4.305743428107678544e-03,1.200647397634093210e+02,1.106806435377757358e-01,0.000000000000000000e+00,8.763430897987479540e+00,1.000000000000000000e+00
2.722000000000000000e+03,1.310397978555262739e+02,3.380450092850554711e+01,3.900288485074060365e-03,-1.095562357498794483e+02,3.387556712620024557e-01,0.000000000000000000e+00,3.734355566418135375e+00,1.000000000000000000e+00
2.722000000000000000e+03,1.275021059755210615e+02,3.500038874037725378e+01,-4.935147776504196851e-03,1.363775218243979737e+02,2.379854239312156894e-01,0.000000000000000000e+00,3.734355566418135375e+00,1.000000000000000000e+00
2.722000000000000000e+03,1.051907030647698207e+02,1.815529766544173640e+01,2.778039789145015769e-03,-8.047000772880132047e+01,3.498213758700425835e-01,0.000000000000000000e+00,8.704421062688519228e+00,1.000000000000000000e+00
2.722000000000000000e+03,1.015137635415636908e+02,2.604497838010061272e+01,-7.036556103599233593e-03,1.908414227306753901e+02,1.139899270847820612e-01,0.000000000000000000e+00,8.174670753699331271e+00,1.000000000000000000e+00
2.723000000000000000e+03,8.195777225504437524e+01,9.123712475461342564e+00,4.191740700545395354e-03,-1.171100387769614315e+02,1.176682570734971511e-01,0.000000000000000000e+00,1.299193166225209062e+01,1.000000000000000000e+00
2.723000000000000000e+03,1.416672130108535441e+02,2.114431125692139801e+01,-4.606774132269506224e-03,1.278667962365943254e+02,1.001178300422097545e-01,0.000000000000000000e+00,7.319517505124596646e+00,1.000000000000000000e+00
2.723000000000000000e+03,5.601953888560704797e+01,2.473716941676849501e+01,8.525094661206714802e-03,-2.294210816438859410e+02,1.117981721608641843e-01,0.000000000000000000e+00,3.372719806805066778e+00,1.000000000000000000e+00
2.723000000000000000e+03,2.884455888380442801e+01,4.123113988352135806e+01,-4.075967294054028134e-02,1.064870743913101478e+03,8.117948241320172009e-03,0.000000000000000000e+00,1.056645510976471947e+01,1.000000000000000000e+00
2.723000000000000000e+03,2.684786967408837555e+01,3.007342785318660461e+01,2.288070556496796248e-03,-6.777107844885156851e+01,3.976730457251543838e-01,0.000000000000000000e+00,5.530336034382068000e+00,1.000000000000000000e+00
2.723000000000000000e+03,1.034555486325316025e+02,5.141621529504629962e+01,3.904059318233248869e-03,-1.096539674857196758e+02,1.672025839917248291e-01,0.000000000000000000e+00,1.224869738488869508e+01,1.000000000000000000e+00
2.724000000000000000e+03,1.158003924254601884e+02,3.828823165640716297e+01,-8.212163262683442461e-03,2.213105852401741629e+02,3.871345306499174299e-02,0.000000000000000000e+00,1.057587725343106122e+01,1.000000000000000000e+00
2.725000000000000000e+03,7.719605386617934073e+01,3.132320328024331957e+01,-1.704201351997149116e-02,4.501609629747129020e+02,1.651813992240847018e-01,0.000000000000000000e+00,3.759087204896723211e+00,1.000000000000000000e+00
2.725000000000000000e+03,1.172659735718920757e+02,1.509977360325798124e+01,-3.344093711733369962e-03,9.514088551583289188e+01,2.017585794020256840e-01,0.000000000000000000e+00,1.245585746204413269e+01,1.000000000000000000e+00
2.725000000000000000e+03,7.366238189477066101e+01,3.260534953262600055e+01,1.381875700203695490e-02,-3.666212142620107102e+02,3.097905217799339361e-01,0.000000000000000000e+00,3.759087204896723211e+00,1.000000000000000000e+00
2.725000000000000000e+03,1.033209045775074202e+02,3.401739854010192943e+01,2.398179648606371586e-03,-7.062486493299775248e+01,2.438917908989717276e-01,0.000000000000000000e+00,8.174670753699331271e+00,1.000000000000000000e+00
2.725000000000000000e+03,8.038070211739795923e+01,4.787440571672286893e+01,-8.853090723640300030e-02,2.302996498585986956e+03,7.784694282774062835e-03,0.000000000000000000e+00,3.783038730830185603e+00,1.000000000000000000e+00
2.726000000000000000e+03,1.328117166180375364e+02,7.405795745116588336e+00,-9.481030314454048924e-02,2.465744686114519936e+03,8.893868877103749959e-03,0.000000000000000000e+00,1.569240091201081988e+01,1.000000000000000000e+00
2.726000000000000000e+03,9.481430245295160830e+01,1.873442679954869305e+01,9.939001066046566912e-03,-2.660664386318836705e+02,9.048606175822471176e-02,0.000000000000000000e+00,8.899788078938023261e+00,1.000000000000000000e+00
2.726000000000000000e+03,1.262952190366007876e+01,2.553867980266603155e+01,-3.103981550598701455e-02,8.129533296186299367e+02,1.495034719332433149e-02,0.000000000000000000e+00,4.760058814246094450e+00,1.000000000000000000e+00
2.727000000000000000e+03,1.933503442857914578e+01,1.402534324808257971e+01,-1.655787641350942724e-02,4.376131896307990701e+02,2.254888562439283373e-02,0.000000000000000000e+00,7.329481029126722724e+00,1.000000000000000000e+00
2.727000000000000000e+03,9.324685463459599077e+01,3.765410029272668169e+01,-6.846939238845333939e-03,1.859269689336869078e+02,7.533301778812306893e-02,0.000000000000000000e+00,1.071037263076396151e+01,1.000000000000000000e+00
2.727000000000000000e+03,5.647775390704437370e+01,4.559604214636859609e+00,-4.578613020905379465e-03,1.271369219142313369e+02,2.048943638753181196e-01,0.000000000000000000e+00,8.545940444590424789e+00,1.000000000000000000e+00
2.728000000000000000e+03,1.154340672268657073e+02,4.885776265491959691e+01,3.555031520321775412e-03,-1.006079314755430687e+02,1.972722243163302913e-01,0.000000000000000000e+00,1.057587725343106122e+01,1.000000000000000000e+00
2.728000000000000000e+03,3.218003664023434141e+01,1.800532204901763222e+01,-4.011808041523871535e-03,1.124465783802386056e+02,1.320913808790443733e-01,0.000000000000000000e+00,1.319360383881049792e+01,1.000000000000000000e+00
2.728000000000000000e+03,8.014733433759310799e+01,2.198888262061228360e+01,-2.645799699802669352e-02,6.942026299233140207e+02,1.204281229844017531e-02,0.000000000000000000e+00,7.148208233085129315e+00,1.000000000000000000e+00
2.728000000000000000e+03,3.333695967744991151e+01,5.079504644391425927e+01,-5.053185476627859544e-03,1.394368004614190397e+02,1.231828723111180190e-01,0.000000000000000000e+00,7.675554150540575549e+00,1.000000000000000000e+00
2.728000000000000000e+03,1.298288347505703086e+02,3.333026890738410941e+01,3.690854292936569022e-03,-1.041281602350503306e+02,2.180987009511369257e-01,0.000000000000000000e+00,1.466904629359996370e+01,1.000000000000000000e+00
2.729000000000000000e+03,8.051945455095912507e+01,9.996579048451707195e+00,4.117834475680008308e-03,-1.151945513128996907e+02,1.665178049305914287e-01,0.000000000000000000e+00,7.305882160287734628e+00,1.000000000000000000e+00
2.729000000000000000e+03,1.013329898231725821e+02,1.267530616868740445e+01,2.250168451079646598e-03,-6.678873889734109071e+01,4.317012736085990010e-01,0.000000000000000000e+00,8.899788078938023261e+00,1.000000000000000000e+00
2.730000000000000000e+03,4.183185839729226529e+01,4.140521584391323984e+01,2.881451050713234544e-03,-8.315020111626660082e+01,2.423351634652497477e-01,0.000000000000000000e+00,1.173437088610060997e+01,1.000000000000000000e+00
2.730000000000000000e+03,1.323570420789328139e+01,4.974339251614061652e+01,-7.824875387953893202e-03,2.112729318438768473e+02,6.307800322718815078e-02,0.000000000000000000e+00,2.012874679249014065e+01,1.000000000000000000e+00
2.730000000000000000e+03,2.323485880225684497e+01,5.962769134342193134e+00,2.336827121082369913e-03,-6.903474180636290214e+01,4.359628490528220102e-01,0.000000000000000000e+00,8.956211893713057037e+00,1.000000000000000000e+00
2.730000000000000000e+03,1.287999338580913218e+02,4.796318666554959265e+01,-2.139383590820471449e-03,6.391743798296214152e+01,2.817890224170299662e-01,0.000000000000000000e+00,1.339577011613993385e+01,1.000000000000000000e+00
2.731000000000000000e+03,6.326749804601495697e+01,3.503638227421252793e+01,1.494736724290291266e-02,-3.958723195935036756e+02,1.644914421794052561e-02,0.000000000000000000e+00,1.523081958322878293e+01,1.000000000000000000e+00
2.731000000000000000e+03,1.043126895289667004e+02,4.206030937597694219e+01,-4.136232203797675019e-03,1.156713801272626796e+02,2.563807362364003417e-01,0.000000000000000000e+00,1.166883468005888957e+01,1.000000000000000000e+00
2.731000000000000000e+03,9.497928579618384504e+01,4.906382831658245181e+01,-3.165542718663193200e-02,8.289086359430039010e+02,9.665072345542924381e-03,0.000000000000000000e+00,1.154050307863571234e+01,1.000000000000000000e+00
2.732000000000000000e+03,1.207625897658306791e+01,1.300972959426157161e+01,9.918173252601221804e-03,-2.655266273286944738e+02,1.811532799234782942e-01,0.000000000000000000e+00,7.329481029126722724e+00,1.000000000000000000e+00
2.732000000000000000e+03,1.177315557645560773e+02,1.555837767064398491e+01,-4.766942731072132226e-03,1.320180154837087798e+02,1.100243863849733605e-01,0.000000000000000000e+00,5.819283129874468052e+00,1.000000000000000000e+00
2.732000000000000000e+03,8.409077793197108974e+01,2.795094045004544725e+01,-9.131606734695865354e-03,2.451405460825933176e+02,1.845971442268168339e-01,0.000000000000000000e+00,7.148208233085129315e+00,1.000000000000000000e+00
2.732000000000000000e+03,7.951125331375369854e+01,4.930284949849403375e+01,-1.224352163944314280e-02,3.257945640645341996e+02,1.793691807677371131e-01,0.000000000000000000e+00,1.373431430305928913e+01,1.000000000000000000e+00
2.732000000000000000e+03,5.965657961941183629e+01,1.249233168839252173e+01,2.450891588288966333e-03,-7.199104294915666458e+01,3.435621186809648675e-01,0.000000000000000000e+00,8.545940444590424789e+00,1.000000000000000000e+00
2.732000000000000000e+03,4.066410149892409009e+01,5.308133694292892102e+01,3.359422409382208183e-03,-9.553817178285873979e+01,2.186783241683480927e-01,0.000000000000000000e+00,6.249492578228695194e+00,1.000000000000000000e+00
2.733000000000000000e+03,3.269227173832057076e+01,3.237649652609812279e+01,-2.644278731305046981e-02,6.938084282040765629e+02,1.551360725115258354e-02,0.000000000000000000e+00,1.095342299042680168e+01,1.000000000000000000e+00
2.734000000000000000e+03,8.155229827305312540e+01,1.722908539035985598e+01,-1.527541222577922207e-02,4.043745269987990696e+02,5.245160922358405031e-02,0.000000000000000000e+00,5.330562096900915314e+00,1.000000000000000000e+00
2.734000000000000000e+03,1.215113596377954508e+02,3.348246497801828525e+01,-7.407168875899397716e-03,2.004468939972047394e+02,6.593631521058140876e-02,0.000000000000000000e+00,8.365923558440494290e+00,1.000000000000000000e+00
2.734000000000000000e+03,7.848763486228398278e+01,3.560673345630785036e+01,4.847332995872963290e-03,-1.341015550602338635e+02,1.521100581122435402e-01,0.000000000000000000e+00,7.037309016194299716e+00,1.000000000000000000e+00
2.735000000000000000e+03,1.161700560588527082e+02,3.992134322374114674e+01,3.567878241799569104e-03,-1.009408903567445748e+02,2.708281560626029094e-01,0.000000000000000000e+00,8.365923558440494290e+00,1.000000000000000000e+00
2.736000000000000000e+03,4.318411544549633874e+01,3.588918924342881667e+01,4.012119279783277030e-03,-1.124546449941850312e+02,1.741408162538534699e-01,0.000000000000000000e+00,8.771777771823964898e+00,1.000000000000000000e+00
2.736000000000000000e+03,8.547801581206293520e+01,3.641808564024346850e+01,3.563993212271714638e-03,-1.008401989011646265e+02,3.217179213410191752e-01,0.000000000000000000e+00,7.037309016194299716e+00,1.000000000000000000e+00
2.737000000000000000e+03,1.131832496209139975e+02,1.192836839113114955e+01,-7.372946621343960671e-03,1.995599281196718664e+02,1.238509633998279291e-01,0.000000000000000000e+00,3.626075975252765815e+00,1.000000000000000000e+00
2.737000000000000000e+03,1.573262601971360830e+01,2.401645158818922354e+01,-4.952805820845521990e-03,1.368351796554840689e+02,1.729245904560292590e-01,0.000000000000000000e+00,6.160045576356554697e+00,1.000000000000000000e+00
2.737000000000000000e+03,1.046488054531726135e+02,2.900477907595922744e+01,-2.537770365535091388e-02,6.662037927594104758e+02,1.430151211136232448e-02,0.000000000000000000e+00,8.259974225244393509e+00,1.000000000000000000e+00
2.737000000000000000e+03,1.331989746588829746e+02,3.662226039266151645e+01,-3.600655848537176462e-02,9.416804284733810846e+02,9.003727394003790963e-03,0.000000000000000000e+00,1.210201058200518176e+01,1.000000000000000000e+00
2.737000000000000000e+03,6.494273937418641651e+01,3.573757607808682479e+01,-7.768397272522313546e-03,2.098091428017485498e+02,7.902343170139081163e-02,0.000000000000000000e+00,9.676833706380449485e+00,1.000000000000000000e+00
2.737000000000000000e+03,3.975328613076996476e+01,4.689857276737848935e+01,-3.841995995571992339e-02,1.004230508261925479e+03,6.519275586062911465e-03,0.000000000000000000e+00,6.249492578228695194e+00,1.000000000000000000e+00
2.737000000000000000e+03,1.368756341541579218e+02,9.809726112620211325e+00,6.008688951346538749e-03,-1.642013575880304188e+02,2.162483965267126829e-01,0.000000000000000000e+00,1.082938920806439143e+01,1.000000000000000000e+00
2.737000000000000000e+03,1.430714060464911199e+02,1.869162237850371966e+01,-1.000882004480455403e-02,2.678759936295595026e+02,1.437022969687373752e-01,0.000000000000000000e+00,1.082938920806439143e+01,1.000000000000000000e+00
2.737000000000000000e+03,5.393594615001325820e+01,2.205671815107124090e+01,3.848183432832366115e-03,-1.082057869268603270e+02,2.078369116788177928e-01,0.000000000000000000e+00,9.827281629517690575e+00,1.000000000000000000e+00
2.737000000000000000e+03,5.716654995396902450e+01,5.152776998551025400e+01,-4.360976703532190753e-03,1.214962652792562636e+02,3.836420155592491499e-01,0.000000000000000000e+00,1.657541478523533129e+01,1.000000000000000000e+00
2.738000000000000000e+03,1.735870888552670621e+01,1.807490162068924278e+01,-4.486416285129283046e-03,1.247473844709620039e+02,2.355432004387596479e-01,0.000000000000000000e+00,6.160045576356554697e+00,1.000000000000000000e+00
2.738000000000000000e+03,7.640252682447354005e+01,1.860558322773963269e+01,-6.745477294659804959e-03,1.832972975829894438e+02,1.282364979618872969e-01,0.000000000000000000e+00,5.330562096900915314e+00,1.000000000000000000e+00
2.738000000000000000e+03,9.525206755841128370e+01,1.180697796863398885e+01,-7.872162981931777465e-03,2.124985227008751565e+02,4.778576983009041879e-02,0.000000000000000000e+00,1.473373433196002402e+01,1.000000000000000000e+00
2.738000000000000000e+03,4.168950407532658176e+01,2.612931432280488409e+01,4.139819232677543343e-03,-1.157643480587884710e+02,3.166213323137121449e-01,0.000000000000000000e+00,3.830716965747391622e+00,1.000000000000000000e+00
2.738000000000000000e+03,6.311154536451878982e+01,2.623558475626916220e+01,1.754559027626689284e-03,-5.394362822602585084e+01,4.036689909177921809e-01,0.000000000000000000e+00,9.676833706380449485e+00,1.000000000000000000e+00
2.739000000000000000e+03,4.637714943421988778e+01,1.577658627067515873e+01,-9.585227367246644536e-03,2.568973992661160537e+02,4.209885116918055115e-02,0.000000000000000000e+00,7.531666493734932466e+00,1.000000000000000000e+00
2.739000000000000000e+03,1.821563893442631965e+01,2.984964064063218459e+01,-4.316897909153724622e-03,1.203538394793092010e+02,1.801883694207506714e-01,0.000000000000000000e+00,6.339672519631477599e+00,1.000000000000000000e+00
2.739000000000000000e+03,2.143704879336118552e+01,4.028990364956237613e+01,-6.720573604033447043e-03,1.826518484710838379e+02,1.627177124525603924e-01,0.000000000000000000e+00,1.092595868447610563e+01,1.000000000000000000e+00
2.739000000000000000e+03,9.123781444676131969e+01,4.851259348259178950e+01,4.162480708266805968e-03,-1.163516838682880916e+02,1.993697566169000401e-01,0.000000000000000000e+00,7.541903330446106501e+00,1.000000000000000000e+00
2.740000000000000000e+03,8.821612954543475382e+01,2.511370610448400598e+01,3.460896405636283875e-03,-9.816815549677403396e+01,1.483955473689729798e-01,0.000000000000000000e+00,1.163126233499084350e+01,1.000000000000000000e+00
2.741000000000000000e+03,4.531062165305849732e+01,2.737907428371971719e+01,-7.205307876446020131e-03,1.952150990484005320e+02,7.951361107139875983e-02,0.000000000000000000e+00,3.830716965747391622e+00,1.000000000000000000e+00
2.741000000000000000e+03,7.910885489298830464e+01,4.195746864528928199e+01,3.626642789882171189e-03,-1.024639387249774245e+02,1.868437510250545719e-01,0.000000000000000000e+00,8.441029255349016935e+00,1.000000000000000000e+00
2.741000000000000000e+03,1.225167216220419704e+02,5.419967432128115270e+00,2.084148706749490605e-03,-6.248587077452232563e+01,3.934303474245564036e-01,0.000000000000000000e+00,9.740027544629704437e+00,1.000000000000000000e+00
2.742000000000000000e+03,1.063891778124537240e+02,3.707932415619452371e+01,-4.915911954033731594e-03,1.358789714401752065e+02,1.610483892360833336e-01,0.000000000000000000e+00,8.259974225244393509e+00,1.000000000000000000e+00
2.743000000000000000e+03,1.391849384836701802e+02,2.684911822409620896e+01,-4.074679180355466994e-03,1.140760605855948597e+02,1.816856819733774220e-01,0.000000000000000000e+00,6.743221745913748677e+00,1.000000000000000000e+00
2.743000000000000000e+03,5.769393505014625134e+01,4.008242418272566709e+01,-1.157622582867694205e-02,3.084997182965128673e+02,3.389133919508191539e-02,0.000000000000000000e+00,7.512949034217053956e+00,1.000000000000000000e+00
2.743000000000000000e+03,1.310188378804681122e+02,1.962515028528688887e+01,3.540899292977670466e-03,-1.002416550980632337e+02,2.327020949685525419e-01,0.000000000000000000e+00,7.374388637269445823e+00,1.000000000000000000e+00
2.743000000000000000e+03,1.312731545607287842e+02,2.833936781078018186e+01,-2.861460523761747213e-03,8.263209044500302980e+01,2.090813572024842193e-01,0.000000000000000000e+00,8.050911046206241650e+00,1.000000000000000000e+00
2.744000000000000000e+03,7.504398781360089288e+01,7.119396516209715919e+00,-7.166519061048557369e-03,1.942097779164529356e+02,6.100092469134632545e-02,0.000000000000000000e+00,7.805905851115753080e+00,1.000000000000000000e+00
2.744000000000000000e+03,1.383741804470126340e+02,2.015481385989530594e+01,-8.423326072453690694e-03,2.267834627376743413e+02,7.258608014820777665e-02,0.000000000000000000e+00,6.743221745913748677e+00,1.000000000000000000e+00
2.744000000000000000e+03,3.514797555900990744e+01,3.910362715937942824e+01,3.235805173745010584e-03,-9.233428380676060954e+01,3.973905719211849874e-01,0.000000000000000000e+00,5.372047463107723964e+00,1.000000000000000000e+00
2.744000000000000000e+03,9.529066035318938077e+01,4.215218894321354526e+01,-4.998438059919749731e-03,1.380178673392746589e+02,7.956876901566301008e-02,0.000000000000000000e+00,7.541903330446106501e+00,1.000000000000000000e+00
2.744000000000000000e+03,4.324393888753535009e+01,8.927572338509870420e+00,-2.425393915235316000e-03,7.133019911379679456e+01,3.120285195657753752e-01,0.000000000000000000e+00,7.531666493734932466e+00,1.000000000000000000e+00
2.744000000000000000e+03,1.157522725602306046e+01,1.044894341701220597e+01,-6.282412081843826226e-03,1.712956615664338074e+02,1.398714992986831440e-01,0.000000000000000000e+00,2.050566068238842021e+01,1.000000000000000000e+00
2.745000000000000000e+03,3.344677051586840832e+01,3.010810813807969311e+01,3.135199851367532001e-03,-8.972681421698045767e+01,2.634433717355084692e-01,0.000000000000000000e+00,8.953165825316879989e+00,1.000000000000000000e+00
2.746000000000000000e+03,3.979978556414559421e+01,3.641670371015322161e+01,-6.889408687453078481e-03,1.870276840163733709e+02,8.329137199594927043e-02,0.000000000000000000e+00,5.372047463107723964e+00,1.000000000000000000e+00
2.746000000000000000e+03,1.207566298597090366e+02,4.223177587125105248e+01,-3.259047104096452537e-03,9.293666373226581356e+01,1.653139695502980899e-01,0.000000000000000000e+00,1.219972308510408965e+01,1.000000000000000000e+00
2.747000000000000000e+03,1.174876622971382432e+02,1.529861507492354633e+01,7.429727908351441493e-03,-2.010315747049794481e+02,5.899936295285401755e-02,0.000000000000000000e+00,1.259704883939757991e+01,1.000000000000000000e+00
2.747000000000000000e+03,1.516684578950629181e+01,3.379975144367382001e+01,-1.953498004279130128e-03,5.909969074423855773e+01,3.444197950201870473e-01,0.000000000000000000e+00,1.492708037036584123e+01,1.000000000000000000e+00
2.748000000000000000e+03,1.889127763620811962e+01,4.825472760424338503e+01,-7.822977718570958000e-03,2.112237484101327141e+02,3.445468993452294182e-02,0.000000000000000000e+00,1.492708037036584123e+01,1.000000000000000000e+00
2.748000000000000000e+03,8.254563378291054221e+01,9.277514656540184035e+00,-8.287497346142872617e-03,2.232630796714071266e+02,1.044349062478531209e-01,0.000000000000000000e+00,6.980043347674805609e+00,1.000000000000000000e+00
2.748000000000000000e+03,6.499373091790864976e+01,3.830552140549164619e+01,3.753570143872321952e-03,-1.057536177182894619e+02,2.522704331527765298e-01,0.000000000000000000e+00,3.152208223720752045e+00,1.000000000000000000e+00
2.750000000000000000e+03,1.068250383308230624e+02,7.732878627633526847e+00,-7.223491950071872156e-03,1.956863904063252164e+02,3.268253495505746287e-02,0.000000000000000000e+00,1.033039730702848402e+01,1.000000000000000000e+00
2.750000000000000000e+03,4.813665535941991180e+01,1.799219292966639827e+01,3.925244364002119721e-03,-1.102030374682517078e+02,1.801141485090121952e-01,0.000000000000000000e+00,1.566519827198107961e+01,1.000000000000000000e+00
2.750000000000000000e+03,1.028991111822596451e+02,4.761028517605397781e+01,8.947781974640401509e-03,-2.403762109523422339e+02,1.851276411498437025e-01,0.000000000000000000e+00,3.910306642013504863e+00,1.000000000000000000e+00
2.750000000000000000e+03,1.353866427358727087e+01,1.853093685128512291e+01,-3.410540741238626567e-03,9.686304697480721870e+01,3.196700546939220677e-01,0.000000000000000000e+00,1.259611333868744865e+01,1.000000000000000000e+00
2.751000000000000000e+03,1.126934375584621222e+02,3.307654931663569897e+01,-7.739784899758394079e-03,2.090675727723474608e+02,5.375189047263828623e-02,0.000000000000000000e+00,5.309560503797257525e+00,1.000000000000000000e+00
2.751000000000000000e+03,8.619640302628457107e+01,4.925266421766226443e+01,-2.749255230973491476e-02,7.210160375092787035e+02,1.029760559158798827e-02,0.000000000000000000e+00,1.148889283210367829e+01,1.000000000000000000e+00
2.751000000000000000e+03,1.316610008521622603e+02,6.236716484889497814e+00,2.950004973885848262e-03,-8.492696864415169955e+01,3.243258255449176231e-01,0.000000000000000000e+00,1.209589828829606972e+01,1.000000000000000000e+00
2.751000000000000000e+03,1.260937806003686035e+02,2.449754801374701074e+01,3.181834996106834741e-03,-9.093549501884177744e+01,2.885934534365898196e-01,0.000000000000000000e+00,8.154385618616737830e+00,1.000000000000000000e+00
2.751000000000000000e+03,3.891607610988398136e+01,4.557172009431577919e+01,-3.491334067814933807e-03,9.895703302968473736e+01,3.551874924297633296e-01,0.000000000000000000e+00,8.611258479052539272e+00,1.000000000000000000e+00
2.752000000000000000e+03,1.308262042093800517e+02,3.856807400795974416e+01,-3.668136970828743144e-03,1.035393770061159131e+02,2.077893951206541967e-01,0.000000000000000000e+00,9.937883233390426341e+00,1.000000000000000000e+00
2.752000000000000000e+03,1.871271988282098064e+01,6.268124810795426605e+00,-7.873622080159266637e-03,2.125363393309178832e+02,9.385583079378589932e-02,0.000000000000000000e+00,1.134254887590724259e+01,1.000000000000000000e+00
2.752000000000000000e+03,1.437498769517512471e+02,5.824612069006856352e+00,-7.729303797010650921e-03,2.087959255469694710e+02,1.630469865590578049e-01,0.000000000000000000e+00,1.186154023041733829e+01,1.000000000000000000e+00
2.752000000000000000e+03,3.277760547401966562e+01,7.391193803095463366e+00,-4.386234112144673895e-03,1.221508819865771471e+02,9.706101797386978980e-02,0.000000000000000000e+00,1.055436560155154346e+01,1.000000000000000000e+00
2.752000000000000000e+03,7.624182263102980528e+01,2.032910307941233796e+01,2.623587076102147295e-03,-7.646693172048395581e+01,3.002031923566824689e-01,0.000000000000000000e+00,1.272303586834281397e+01,1.000000000000000000e+00
2.752000000000000000e+03,2.946636659097029920e+01,2.675933905209834762e+01,2.102030155125695233e-03,-6.294931874884753853e+01,3.798638022911016154e-01,0.000000000000000000e+00,9.050562750597064721e+00,1.000000000000000000e+00
2.752000000000000000e+03,9.526229034308286714e+01,4.219544481717037598e+01,4.058587747595578978e-03,-1.136590058951882156e+02,1.928587925051479246e-01,0.000000000000000000e+00,9.361705434475034338e+00,1.000000000000000000e+00
2.752000000000000000e+03,1.245229549490041876e+02,4.739985957180799403e+01,-3.956655083342162059e-03,1.110171345113979555e+02,1.769700637514723951e-01,0.000000000000000000e+00,8.212946693301162782e+00,1.000000000000000000e+00
2.753000000000000000e+03,2.568944478490931260e+01,1.521120731309435037e+01,3.649173131125059942e-03,-1.030478758194561664e+02,1.898266319218477882e-01,0.000000000000000000e+00,6.933796281404116080e+00,1.000000000000000000e+00
2.753000000000000000e+03,3.200545824599505806e+01,1.807223944003686711e+01,1.949604510622483062e-03,-5.899877991698016189e+01,3.521842003881200389e-01,0.000000000000000000e+00,6.933796281404116080e+00,1.000000000000000000e+00
2.753000000000000000e+03,6.409203986126750863e+01,3.528502973623213279e+01,-7.521113003418442890e-03,2.034000761988896215e+02,1.344958075474151915e-01,0.000000000000000000e+00,3.152208223720752045e+00,1.000000000000000000e+00
2.754000000000000000e+03,1.808970809327251317e+01,4.438029039211561155e+01,-1.052664844848590943e-02,2.812969715998641504e+02,7.905664662718936420e-02,0.000000000000000000e+00,1.427250069884869355e+01,1.000000000000000000e+00
2.754000000000000000e+03,9.682135130174096105e+01,2.675295696770864495e+01,-4.935401288843556562e-03,1.363840923089398700e+02,1.136562995496599449e-01,0.000000000000000000e+00,6.919397721302806836e+00,1.000000000000000000e+00
2.755000000000000000e+03,9.104073093175281883e+01,5.101297910136922020e+00,7.826893438117710211e-03,-2.113252352837789658e+02,1.431342436744279523e-01,0.000000000000000000e+00,1.564053403960255650e+01,1.000000000000000000e+00
2.755000000000000000e+03,1.342215964600281097e+02,2.515528213067489105e+01,-7.891044279643393347e-03,2.129878845799007934e+02,1.907540354490512291e-01,0.000000000000000000e+00,8.154385618616737830e+00,1.000000000000000000e+00
2.755000000000000000e+03,1.396736868935105917e+02,3.404219582637853847e+01,-7.842661909798624362e-03,2.117339195304336670e+02,5.229195639732631129e-02,0.000000000000000000e+00,9.937883233390426341e+00,1.000000000000000000e+00
2.755000000000000000e+03,3.134441686294723084e+01,4.967339643958382567e+01,-3.460011836956812525e-02,9.052285813430167991e+02,7.329767932901409822e-03,0.000000000000000000e+00,6.845441634964095634e+00,1.000000000000000000e+00
2.755000000000000000e+03,1.015966472984002422e+02,1.664248219530936268e+01,3.693939699294990654e-03,-1.042081272095758919e+02,2.400346709894317643e-01,0.000000000000000000e+00,4.262900127181930898e+00,1.000000000000000000e+00
2.756000000000000000e+03,1.340829823176402336e+01,2.412743949728547577e+01,-1.065105375082099626e-02,2.845212845385875653e+02,1.175637638270772278e-01,0.000000000000000000e+00,1.124598290464386174e+01,1.000000000000000000e+00
2.756000000000000000e+03,5.132253841540526906e+01,1.907743928469070127e+01,-1.982528550731432141e-03,5.985209891967344475e+01,3.802179443864291963e-01,0.000000000000000000e+00,3.672221536086826443e+00,1.000000000000000000e+00
2.756000000000000000e+03,1.149003524517822825e+02,3.790572723809660260e+01,-6.843891865777357308e-03,1.858479876987414059e+02,3.047684296530194237e-01,0.000000000000000000e+00,5.309560503797257525e+00,1.000000000000000000e+00
2.758000000000000000e+03,3.578417414050694845e+01,3.473619700417676626e+01,-8.400000923722582280e-03,2.261789259740500029e+02,4.527242667780295715e-02,0.000000000000000000e+00,1.214354045714792107e+01,1.000000000000000000e+00
2.758000000000000000e+03,7.506425570093546185e+01,5.789722342411661060e+00,3.441963441397557968e-03,-9.767745453453623838e+01,3.411995335196060797e-01,0.000000000000000000e+00,1.356846128357343417e+01,1.000000000000000000e+00
2.758000000000000000e+03,6.829931206794232423e+01,4.862914161892633302e+01,7.002926795644946224e-03,-1.899698247302520429e+02,8.258306499162038072e-02,0.000000000000000000e+00,3.784621051009624537e+00,1.000000000000000000e+00
2.758000000000000000e+03,1.295002871014364132e+02,3.668838194661520191e+01,-3.511684365774251325e-03,9.948446817742761539e+01,2.013462957129283915e-01,0.000000000000000000e+00,1.051191534936940464e+01,1.000000000000000000e+00
2.759000000000000000e+03,3.753554538825500231e+01,4.675278027842530548e+01,-5.275805220237072234e-03,1.452066165887179068e+02,1.577523034411992819e-01,0.000000000000000000e+00,6.845441634964095634e+00,1.000000000000000000e+00
2.759000000000000000e+03,8.475976870196106461e+01,4.825230067145789548e+01,-7.692290252158025428e-03,2.078366155389853134e+02,2.018812565111328672e-01,0.000000000000000000e+00,6.016172223141509789e+00,1.000000000000000000e+00
2.759000000000000000e+03,9.983624747889804496e+01,2.052491828233312177e+01,-2.630659960357374823e-03,7.665024538790945030e+01,4.167152783898315782e-01,0.000000000000000000e+00,4.262900127181930898e+00,1.000000000000000000e+00
2.759000000000000000e+03,4.867119002714554199e+01,4.212846046030741576e+01,-3.318667987887637984e-03,9.448190644634446755e+01,2.111706465391686161e-01,0.000000000000000000e+00,4.318171770105171170e+00,1.000000000000000000e+00
2.760000000000000000e+03,1.122790167685289191e+02,4.875902504058578835e+00,-3.597291426622024457e-03,1.017032156806014456e+02,2.317661431299472552e-01,0.000000000000000000e+00,1.248750563374008138e+01,1.000000000000000000e+00
2.760000000000000000e+03,3.246149083516021250e+01,7.920678262782929302e+00,3.231964078934055837e-03,-9.223473104280793677e+01,2.615966031036249806e-01,0.000000000000000000e+00,2.020426258725366253e+01,1.000000000000000000e+00
2.760000000000000000e+03,5.841795157795680637e+01,1.052590541481673903e+01,3.213815174723856551e-03,-9.176435119910176752e+01,1.921815708902970821e-01,0.000000000000000000e+00,8.690075375272822811e+00,1.000000000000000000e+00
2.760000000000000000e+03,1.247857219974821241e+01,1.291995356167377373e+01,-8.360388946083775405e-03,2.251522702798641546e+02,1.448793367739084070e-01,0.000000000000000000e+00,1.124598290464386174e+01,1.000000000000000000e+00
2.760000000000000000e+03,9.065475000355762347e+01,4.945376797119035217e+01,4.465571109159198818e-03,-1.242071231691625428e+02,3.388818556864567899e-01,0.000000000000000000e+00,6.016172223141509789e+00,1.000000000000000000e+00
2.761000000000000000e+03,5.122783332825621727e+01,1.540643915440359102e+01,2.527025748805805574e-03,-7.396427362522614146e+01,3.338513834341618747e-01,0.000000000000000000e+00,3.672221536086826443e+00,1.000000000000000000e+00
2.761000000000000000e+03,1.141783573254029989e+02,2.465837285940678214e+01,-4.257032071946959678e-03,1.188022481092455394e+02,3.261443324198035620e-01,0.000000000000000000e+00,6.797916568583937114e+00,1.000000000000000000e+00
2.762000000000000000e+03,1.102421038471153310e+02,5.037027843075046718e+01,8.311275134230544995e-03,-2.238793478556908099e+02,1.888179732372456954e-01,0.000000000000000000e+00,3.141052454502876845e+00,1.000000000000000000e+00
2.763000000000000000e+03,6.964729910469378638e+01,1.893324350983763438e+01,-4.655900772684185007e-03,1.291400511489806888e+02,1.471438376947870053e-01,0.000000000000000000e+00,1.095841037939518081e+01,1.000000000000000000e+00
2.763000000000000000e+03,1.149181961495707043e+02,3.791596809467930740e+01,6.297039069563833795e-03,-1.716747610491322007e+02,8.761952844259235373e-02,0.000000000000000000e+00,5.335575918582847521e+00,1.000000000000000000e+00
2.763000000000000000e+03,1.845086606426618658e+01,4.447206961452013019e+01,8.624475060088839656e-03,-2.319968038997431847e+02,6.521487337232367842e-02,0.000000000000000000e+00,6.745058892925114513e+00,1.000000000000000000e+00
2.763000000000000000e+03,1.158031653352988286e+02,4.624727346655841131e+01,-5.616663768149808555e-03,1.540409235328805551e+02,2.500106148016026930e-01,0.000000000000000000e+00,4.668803837193644668e+00,1.000000000000000000e+00
2.763000000000000000e+03,5.062282410945059041e+01,4.598043811404822634e+01,-2.396188143484932753e-03,7.057324948244972518e+01,3.448773241031818371e-01,0.000000000000000000e+00,4.318171770105171170e+00,1.000000000000000000e+00
2.763000000000000000e+03,3.407918466869640639e+01,5.314360034793730136e+01,-8.788145192792308838e-03,2.362387752357956003e+02,5.433203204571102063e-02,0.000000000000000000e+00,7.265604626222439855e+00,1.000000000000000000e+00
2.764000000000000000e+03,8.998399936167415092e+01,3.214743301591934710e+01,2.585114163020753482e-03,-7.546979808461533423e+01,2.936393907860709307e-01,0.000000000000000000e+00,9.837539871782812639e+00,1.000000000000000000e+00
2.765000000000000000e+03,1.334842380164179509e+01,2.567467618499232174e+01,-7.989729498455876502e-03,2.155455892910777038e+02,6.538617482834629957e-02,0.000000000000000000e+00,1.091768958070237971e+01,1.000000000000000000e+00
2.766000000000000000e+03,6.425710124330167616e+01,5.238084427662014519e+01,-6.507677740822898592e-03,1.771340540244972885e+02,1.478628776170454184e-01,0.000000000000000000e+00,1.322019547130989814e+01,1.000000000000000000e+00
2.766000000000000000e+03,5.157428185695021483e+01,2.532800911519384002e+01,-2.380887965676446293e-03,7.017670238721584042e+01,2.074771735903164771e-01,0.000000000000000000e+00,9.355809691927172267e+00,1.000000000000000000e+00
2.766000000000000000e+03,1.339993905346276115e+01,4.894241141359596270e+01,5.396215010751666263e-03,-1.483273746128369623e+02,2.702151889614827773e-01,0.000000000000000000e+00,6.745058892925114513e+00,1.000000000000000000e+00
2.767000000000000000e+03,8.854287208456058522e+01,4.187884313470870268e+01,-3.268058234115945454e-02,8.554784120449813827e+02,9.495906586313829223e-03,0.000000000000000000e+00,9.837539871782812639e+00,1.000000000000000000e+00
2.767000000000000000e+03,1.432159021383407946e+02,2.186673671658588347e+01,-6.016498198225832261e-02,1.567813848818777615e+03,1.036737094480155719e-02,0.000000000000000000e+00,2.596970114364662408e+01,1.000000000000000000e+00
2.767000000000000000e+03,3.297189054777324912e+01,2.578458637403742060e+01,-2.510650702577481991e-03,7.353986829494556332e+01,4.892775931517036048e-01,0.000000000000000000e+00,1.259700973243637989e+01,1.000000000000000000e+00
2.768000000000000000e+03,5.619874188403071003e+01,3.440745616550103136e+01,3.342108881000063151e-03,-9.508944305080564163e+01,2.282531786342189006e-01,0.000000000000000000e+00,8.633604194660389197e+00,1.000000000000000000e+00
2.768000000000000000e+03,6.338713894644023839e+01,3.918930403669052964e+01,-8.259537068790095971e-03,2.225384105267108055e+02,6.265600902479695478e-02,0.000000000000000000e+00,8.633604194660389197e+00,1.000000000000000000e+00
2.768000000000000000e+03,1.295352354187120056e+02,4.889104826700204143e+01,5.103573843445102093e-03,-1.407427565584700346e+02,1.714077223589354215e-01,0.000000000000000000e+00,3.530747993932854101e+00,1.000000000000000000e+00
2.768000000000000000e+03,4.255429899833138307e+01,3.554631671295925344e+01,-7.562051402784700747e-03,2.044611098388523089e+02,2.582427147086772123e-01,0.000000000000000000e+00,1.318984408101263917e+01,1.000000000000000000e+00
2.769000000000000000e+03,1.110338063161230480e+02,4.152291966375593546e+01,4.167785305661868452e-03,-1.164891674135597412e+02,1.552187786226888466e-01,0.000000000000000000e+00,1.574218460612265069e+01,1.000000000000000000e+00
2.769000000000000000e+03,6.204318219904747878e+01,1.564658520368036321e+01,6.599676716296113202e-03,-1.795184659538907681e+02,1.714999845375172471e-01,0.000000000000000000e+00,9.009591890961063498e+00,1.000000000000000000e+00
2.771000000000000000e+03,1.381419226987286208e+01,1.055483224514269125e+01,3.194794125098707801e-03,-9.127136725659042327e+01,2.347167047820469810e-01,0.000000000000000000e+00,9.310243650560559914e+00,1.000000000000000000e+00
2.771000000000000000e+03,8.883784458254601191e+01,2.035364597882053417e+01,3.184944788116557141e-03,-9.101609401603467120e+01,4.148494081302128711e-01,0.000000000000000000e+00,1.603143846452611854e+01,1.000000000000000000e+00
2.772000000000000000e+03,1.734075563324857683e+01,1.917132733751635243e+01,-8.119926580952277137e-03,2.189200124852472129e+02,4.694241902164686397e-02,0.000000000000000000e+00,9.310243650560559914e+00,1.000000000000000000e+00
2.772000000000000000e+03,3.299829879069921645e+01,4.467185854718380966e+01,3.801450215660411459e-03,-1.069945643023628463e+02,2.564550986639615449e-01,0.000000000000000000e+00,1.321335134386611543e+01,1.000000000000000000e+00
2.772000000000000000e+03,1.408938866832862971e+02,4.773242096651070199e+01,-8.171072588060322370e-03,2.202456049590978751e+02,1.435974150110481684e-01,0.000000000000000000e+00,1.033511291748301630e+01,1.000000000000000000e+00
2.772000000000000000e+03,7.412130875987597278e+01,3.074067234227070244e+01,3.829531329171259862e-03,-1.077223652555964577e+02,1.488490560627698800e-01,0.000000000000000000e+00,1.366022617278462903e+01,1.000000000000000000e+00
2.772000000000000000e+03,5.523790292551074543e+01,4.699982664071218608e+01,-2.356063905925367529e-03,6.953331713317372476e+01,4.238565611116708043e-01,0.000000000000000000e+00,1.128779478342638853e+01,1.000000000000000000e+00
2.773000000000000000e+03,9.757994671753873206e+01,4.969666042761831903e+01,-3.568037367475238031e-02,9.332264326584574974e+02,1.632065419502271020e-02,0.000000000000000000e+00,1.574218460612265069e+01,1.000000000000000000e+00
2.774000000000000000e+03,6.188429813060567852e+01,6.638394381186273563e+00,8.076786760215564839e-03,-2.178019228253633059e+02,1.276054225701347411e-01,0.000000000000000000e+00,9.009591890961063498e+00,1.000000000000000000e+00
2.775000000000000000e+03,1.318611182995236675e+02,4.737000915287442382e+00,2.468148634582530056e-03,-7.243830778919229374e+01,2.968808864437731954e-01,0.000000000000000000e+00,1.306323471924163293e+01,1.000000000000000000e+00
2.775000000000000000e+03,1.444790306114440739e+02,8.118774151133903771e+00,-6.415933225117476275e-03,1.747562371349154375e+02,2.011158099538115085e-01,0.000000000000000000e+00,1.306323471924163293e+01,1.000000000000000000e+00
2.775000000000000000e+03,3.765944564051649479e+01,1.189765807303144918e+01,-2.888789960370206650e-03,8.334040957940237604e+01,1.861593609227788493e-01,0.000000000000000000e+00,9.661326656526886936e+00,1.000000000000000000e+00
2.776000000000000000e+03,1.935888767542562050e+01,5.165858100789368024e+01,-7.345222110503380961e-03,1.988413695265479078e+02,1.031271399799754684e-01,0.000000000000000000e+00,1.218119886125239226e+01,1.000000000000000000e+00
2.776000000000000000e+03,1.440522564407401376e+02,3.789172691109340718e+01,-4.190938551460283643e-03,1.170892488297054399e+02,3.526999963181335351e-01,0.000000000000000000e+00,1.033511291748301630e+01,1.000000000000000000e+00
2.777000000000000000e+03,9.990934600900476426e+01,1.072236137811554180e+01,-7.436135843856101282e-03,2.011976543572962726e+02,5.567139731884496179e-02,0.000000000000000000e+00,1.816084673720098408e+01,1.000000000000000000e+00
2.777000000000000000e+03,5.552959907613107760e+01,1.378765044933767570e+01,-4.774259510679769621e-03,1.322076503844395461e+02,2.178482675272895852e-01,0.000000000000000000e+00,5.849376186283298473e+00,1.000000000000000000e+00
2.778000000000000000e+03,5.210066437532011463e+01,9.048704513137034056e+00,-3.131762113554107697e-03,8.963771558288922847e+01,4.613273397276107524e-01,0.000000000000000000e+00,5.268594295350635726e+00,1.000000000000000000e+00
2.779000000000000000e+03,1.120401922154126240e+01,3.091065565833806161e+01,3.886351667729498558e-03,-1.091950239715610138e+02,1.438091479092304947e-01,0.000000000000000000e+00,6.343067862994961281e+00,1.000000000000000000e+00
2.779000000000000000e+03,3.362760952614095089e+01,3.240247892313200140e+01,-3.910154752366357470e-03,1.098119477869899754e+02,2.483847824833056439e-01,0.000000000000000000e+00,1.251860313925911150e+01,1.000000000000000000e+00
2.779000000000000000e+03,1.307895835259768944e+02,3.876022958629478410e+01,3.842425345538781189e-03,-1.080565499167448280e+02,4.133036430246314064e-01,0.000000000000000000e+00,1.028280493607829982e+01,1.000000000000000000e+00
2.780000000000000000e+03,2.985637633834827298e+01,6.200874574452893917e+00,2.662174519339081079e-03,-7.746703372711691316e+01,2.056007837329202337e-01,0.000000000000000000e+00,9.661326656526886936e+00,1.000000000000000000e+00
2.780000000000000000e+03,5.714685189764374940e+01,4.187240675045176630e+01,4.304434637686926045e-03,-1.200308187824824557e+02,1.283004462946339963e-01,0.000000000000000000e+00,1.144979541023188574e+01,1.000000000000000000e+00
2.780000000000000000e+03,6.623387965423241042e+01,1.131172481586990131e+01,-3.173608142025649125e-03,9.072227298118691863e+01,2.278662824507757811e-01,0.000000000000000000e+00,6.407724733460749889e+00,1.000000000000000000e+00
2.780000000000000000e+03,6.894380374240121512e+01,2.470841070511962556e+01,2.550206824096976597e-03,-7.456507632086625392e+01,2.123084055412138849e-01,0.000000000000000000e+00,1.168596172495624153e+01,1.000000000000000000e+00
2.780000000000000000e+03,1.062069246261095969e+02,2.890612186332655753e+01,-4.163960980335611704e-03,1.163900492779185072e+02,2.430294457356043658e-01,0.000000000000000000e+00,1.818026744668442163e+01,1.000000000000000000e+00
2.780000000000000000e+03,8.211214007510545798e+01,4.018064703463880250e+01,2.075059819770424044e-03,-6.225030673235421830e+01,3.283285861375210279e-01,0.000000000000000000e+00,1.645186736387970328e+01,1.000000000000000000e+00
2.781000000000000000e+03,1.242890235298910113e+02,3.079287136096537836e+01,-6.336900822539480449e-02,1.650855190930774370e+03,7.302858370678899647e-03,0.000000000000000000e+00,1.028280493607829982e+01,1.000000000000000000e+00
2.781000000000000000e+03,8.201346311045426773e+01,7.631450591070485956e+00,3.757451563201198112e-03,-1.058542156054196823e+02,1.543328653853336396e-01,0.000000000000000000e+00,1.138731679948303288e+01,1.000000000000000000e+00
2.781000000000000000e+03,7.225578609444838207e+01,1.350160588229566550e+01,-4.944664650834844008e-03,1.366241783612540814e+02,1.302940005658594913e-01,0.000000000000000000e+00,6.407724733460749889e+00,1.000000000000000000e+00
2.781000000000000000e+03,3.514571148211264529e+01,4.482869278776281163e+01,3.036949690648067975e-03,-8.718038525862185395e+01,3.640816381713136707e-01,0.000000000000000000e+00,1.142260099451847211e+01,1.000000000000000000e+00
2.782000000000000000e+03,7.528407417249094458e+00,5.152709364276669390e+01,-6.996088561411181565e-03,1.897925926774046275e+02,5.612064980849695850e-02,0.000000000000000000e+00,1.081560013047371882e+01,1.000000000000000000e+00
2.782000000000000000e+03,9.586055586015733354e+01,4.921640949057059089e+01,2.962630165849333350e-03,-8.525418596558134254e+01,3.461324536431423793e-01,0.000000000000000000e+00,9.948719251243833384e+00,1.000000000000000000e+00
2.783000000000000000e+03,1.400000397856839811e+02,1.745593178810469936e+01,-5.126682763936646174e-03,1.413416891597519509e+02,1.855361872388842093e-01,0.000000000000000000e+00,2.060849312686223911e+01,1.000000000000000000e+00
2.783000000000000000e+03,5.345031486176898738e+01,1.414149642066963786e+01,3.173431943352400097e-03,-9.071770629752248283e+01,2.534099357797690022e-01,0.000000000000000000e+00,5.268594295350635726e+00,1.000000000000000000e+00
2.784000000000000000e+03,1.421239301052588075e+02,5.319275840571164338e+01,-4.632510748831481472e-03,1.285338329643072939e+02,9.720027140657283571e-02,0.000000000000000000e+00,8.691984638833167409e+00,1.000000000000000000e+00
2.784000000000000000e+03,6.299406753791861213e+00,1.879732064457544638e+01,-2.385189690220843820e-03,7.028819366489439346e+01,3.978853394362724671e-01,0.000000000000000000e+00,1.306859244962709177e+01,1.000000000000000000e+00
2.784000000000000000e+03,7.615684127105130763e+00,3.614117773214651663e+01,3.721001999088614180e-03,-1.049095227428720847e+02,2.000612241040959915e-01,0.000000000000000000e+00,6.343067862994961281e+00,1.000000000000000000e+00
2.785000000000000000e+03,3.415628850115775350e+01,3.344902426689926500e+01,-2.209851680004815133e-03,6.574381650107545738e+01,3.983261374604908367e-01,0.000000000000000000e+00,1.142260099451847211e+01,1.000000000000000000e+00
2.786000000000000000e+03,4.669058601709465250e+01,3.351594890056009035e+01,3.164633631045749105e-03,-9.048967331438761619e+01,1.887609771561572503e-01,0.000000000000000000e+00,1.201743162532490850e+01,1.000000000000000000e+00
2.786000000000000000e+03,8.587924948606328712e+01,3.900837761095311862e+01,3.941934098528214470e-03,-1.106355988299161908e+02,1.999641487017623787e-01,0.000000000000000000e+00,1.427691814744404297e+01,1.000000000000000000e+00
2.786000000000000000e+03,1.008686358620987136e+02,4.062012253431880993e+01,-6.989859974573464640e-03,1.896311613496890516e+02,5.994086237523166272e-02,0.000000000000000000e+00,9.948719251243833384e+00,1.000000000000000000e+00
2.786000000000000000e+03,1.136182912424913383e+02,3.946171580477611229e+01,-4.381620594301170908e-03,1.220313097095388883e+02,1.775551055698401104e-01,0.000000000000000000e+00,1.058722885629380706e+01,1.000000000000000000e+00
2.787000000000000000e+03,5.942417266235425188e+01,2.969193000976978780e+01,-6.306056626771014417e-03,1.719084763798539939e+02,5.463819624336785363e-02,0.000000000000000000e+00,5.515306670048317095e+00,1.000000000000000000e+00
2.787000000000000000e+03,1.570628232767908905e+01,3.805658602480391295e+01,-7.403977196004189396e-03,2.003641726453875549e+02,6.473614587522302788e-02,0.000000000000000000e+00,7.708755259364026280e+00,1.000000000000000000e+00
2.787000000000000000e+03,6.941885429435971844e+01,1.336694857353528931e+01,2.266697490401823993e-03,-6.721713539130735171e+01,3.122338040104649659e-01,0.000000000000000000e+00,1.140073651657799481e+01,1.000000000000000000e+00
2.787000000000000000e+03,7.346448561029995972e+01,2.478091392706260265e+01,-3.169839775900278305e-03,9.062460518545942989e+01,2.625106019217074982e-01,0.000000000000000000e+00,7.603834405608957958e+00,1.000000000000000000e+00
2.788000000000000000e+03,1.846573627841708287e+01,1.305685891840099089e+01,2.815745448213769191e-03,-8.144725582125812480e+01,1.880716364450327749e-01,0.000000000000000000e+00,1.345260104706302506e+01,1.000000000000000000e+00
2.789000000000000000e+03,7.138813986540473877e+01,3.926369004917457772e+01,-7.306345051312479119e-03,1.978337613087638829e+02,7.145617005716964343e-02,0.000000000000000000e+00,9.890549897975812854e+00,1.000000000000000000e+00
2.789000000000000000e+03,1.375464940384129875e+02,4.580373438249647933e+01,-4.284425355342342916e-03,1.195122220125117138e+02,2.007026232561330836e-01,0.000000000000000000e+00,6.956015499866186502e+00,1.000000000000000000e+00
2.789000000000000000e+03,1.092801233553932150e+02,4.911934047334192144e+01,-6.422872192901684686e-03,1.749360799807432159e+02,8.345787865788933946e-02,0.000000000000000000e+00,1.058722885629380706e+01,1.000000000000000000e+00
2.789000000000000000e+03,1.441132955459790992e+02,1.211568385987090402e+01,-2.633174381907483780e-03,7.671541368689067042e+01,2.532315832415369394e-01,0.000000000000000000e+00,2.797134589969073204e+01,1.000000000000000000e+00
2.789000000000000000e+03,8.505560877133321185e+01,1.476913452043258523e+01,4.468427695781458132e-03,-1.242811596373343406e+02,1.608018840894186452e-01,0.000000000000000000e+00,1.203607966301904320e+01,1.000000000000000000e+00
2.790000000000000000e+03,5.277059264626409174e+01,2.315003445664271098e+01,-4.303313302525507700e-03,1.200017562312748964e+02,1.967422522664539208e-01,0.000000000000000000e+00,9.330944456942082965e+00,1.000000000000000000e+00
2.790000000000000000e+03,8.013871413158142332e+00,3.855830504071973763e+01,-7.421338381245339531e-03,2.008141365388383122e+02,5.857903967934474654e-02,0.000000000000000000e+00,7.708755259364026280e+00,1.000000000000000000e+00
2.790000000000000000e+03,3.750645084039958022e+01,5.035724911214367694e+01,-3.367584268800418584e-02,8.812733802135105634e+02,3.051447968672493793e-02,0.000000000000000000e+00,3.661097394562030427e+00,1.000000000000000000e+00
2.790000000000000000e+03,7.754135450915649130e+01,5.366837112995421322e+00,-5.165172672667555330e-03,1.423392632856286752e+02,2.508788172274255546e-01,0.000000000000000000e+00,1.140073651657799481e+01,1.000000000000000000e+00
2.790000000000000000e+03,1.013151725980547724e+02,8.053493496724131617e+00,3.601067536313237206e-03,-1.018010841725940168e+02,3.567072821973686914e-01,0.000000000000000000e+00,1.461210206559082536e+01,1.000000000000000000e+00
2.790000000000000000e+03,6.659438774725788335e+01,2.803975620924614276e+01,1.884315779107656984e-03,-5.730663900477788530e+01,4.457953100412429537e-01,0.000000000000000000e+00,7.358101836133849716e+00,1.000000000000000000e+00
2.791000000000000000e+03,6.170941584030762783e+01,3.722769433936638706e+01,-7.898800544361659140e-03,2.131889099720493448e+02,1.099806508116554227e-01,0.000000000000000000e+00,4.927358182650041662e+00,1.000000000000000000e+00
2.792000000000000000e+03,5.485574172337067722e+01,3.278192133992220647e+01,-9.020597364377998251e-03,2.422634263592606771e+02,1.075365880947900532e-01,0.000000000000000000e+00,5.515306670048317095e+00,1.000000000000000000e+00
2.792000000000000000e+03,4.092620775869016114e+01,2.241100863400109588e+01,-7.103229576427702412e-03,1.925694531045851363e+02,7.083859743386744512e-02,0.000000000000000000e+00,1.186741810721779622e+01,1.000000000000000000e+00
2.792000000000000000e+03,2.051459937029334668e+01,4.955143940341799436e+01,4.371355881011665043e-03,-1.217652708249381845e+02,3.102003555574391891e-01,0.000000000000000000e+00,1.245999867488477086e+01,1.000000000000000000e+00
2.793000000000000000e+03,1.163210290779632849e+01,2.570311376978640538e+01,3.807398324274344388e-03,-1.071487262488784324e+02,2.244585423694773763e-01,0.000000000000000000e+00,1.333091223246065837e+01,1.000000000000000000e+00
2.793000000000000000e+03,7.825005475490425511e+01,2.669283875034577136e+01,-2.560897894673040340e-02,6.721979417257732621e+02,1.293443710761499332e-02,0.000000000000000000e+00,1.173323314497017655e+01,1.000000000000000000e+00
2.793000000000000000e+03,1.429811881773495372e+02,5.330782530201422276e+01,-3.107529011420372828e-02,8.138727537599030484e+02,1.433991715889804119e-02,0.000000000000000000e+00,9.265380775347548337e+00,1.000000000000000000e+00
2.793000000000000000e+03,5.120077017529350627e+01,4.359914325649091893e+01,2.770303559509008570e-03,-8.026950160210002139e+01,2.325699457529913916e-01,0.000000000000000000e+00,7.792558664275087921e+00,1.000000000000000000e+00
2.794000000000000000e+03,1.362720354107573257e+02,3.896546655791014757e+01,-4.011876062633989298e-03,1.124483413384191834e+02,1.794598326701793978e-01,0.000000000000000000e+00,6.911708781610757413e+00,1.000000000000000000e+00
2.795000000000000000e+03,1.053360938145615791e+02,2.210147268755044436e+01,-3.968741824699760327e-03,1.113303963725470709e+02,1.709331315208340030e-01,0.000000000000000000e+00,1.230812610857958411e+01,1.000000000000000000e+00
2.795000000000000000e+03,5.689578862156457717e+01,3.828023966338068362e+01,-6.567276033100711771e-03,1.786787112160338609e+02,2.146580430840239195e-01,0.000000000000000000e+00,4.927358182650041662e+00,1.000000000000000000e+00
2.795000000000000000e+03,1.374073750555327820e+02,4.578329041694291135e+01,4.338698485103716085e-03,-1.209188626558764525e+02,1.893464022305694217e-01,0.000000000000000000e+00,6.911708781610757413e+00,1.000000000000000000e+00
2.796000000000000000e+03,5.210855966091054370e+01,4.761771794141765213e+00,-7.551306755287005498e-03,2.041826321108248692e+02,1.335992210610252862e-01,0.000000000000000000e+00,1.700125966255832921e+01,1.000000000000000000e+00
2.797000000000000000e+03,1.104984062577993456e+02,4.948028835786336543e+01,-6.951174439190079338e-03,1.886285170094814418e+02,7.279204794145510693e-02,0.000000000000000000e+00,1.405992846275481511e+01,1.000000000000000000e+00
2.797000000000000000e+03,1.324561090727940496e+02,9.055423706657835581e+00,4.274131802260927419e-03,-1.192454356636754937e+02,4.350871179846746983e-01,0.000000000000000000e+00,7.852148540807657007e+00,1.000000000000000000e+00
2.797000000000000000e+03,2.466873293006323209e+01,1.496793452157332460e+01,-1.988198403483267679e-03,5.999904908373605394e+01,3.773056532522599538e-01,0.000000000000000000e+00,1.688780020691669392e+01,1.000000000000000000e+00
2.797000000000000000e+03,6.643215582318252643e+01,4.199381518634908161e+01,-6.243999642920250968e-03,1.703000952882730417e+02,6.704555812454215946e-02,0.000000000000000000e+00,8.337261419062647505e+00,1.000000000000000000e+00
2.797000000000000000e+03,1.403044359281633149e+02,8.810470082072699327e+00,-7.732422261623370617e-03,2.088767493190355538e+02,1.176995618628574602e-01,0.000000000000000000e+00,7.852148540807657007e+00,1.000000000000000000e+00
2.798000000000000000e+03,5.317126943249767379e+01,2.172978517388384390e+01,-8.336535640997858043e-03,2.245340448603986658e+02,1.775716950340626710e-01,0.000000000000000000e+00,8.016370388639829869e+00,1.000000000000000000e+00
2.798000000000000000e+03,1.846867928107790391e+01,3.714752045785273538e+01,-7.180630150663704948e-03,1.945755064502983487e+02,3.932181502744525048e-02,0.000000000000000000e+00,1.333091223246065837e+01,1.000000000000000000e+00
2.798000000000000000e+03,7.323732636650373706e+01,9.156075941041471822e+00,-6.302211529843302316e-03,1.718088198898012422e+02,1.049740364751062804e-01,0.000000000000000000e+00,8.249229479040744550e+00,1.000000000000000000e+00
2.798000000000000000e+03,1.166327371873294680e+02,2.698776134185626319e+01,3.700767200133131193e-03,-1.043850810763191959e+02,2.030691285791773604e-01,0.000000000000000000e+00,6.050547019940600180e+00,1.000000000000000000e+00
2.799000000000000000e+03,4.095331253659813342e+01,2.234096607318079819e+01,7.367823236147907559e-03,-1.994271411976707213e+02,1.631253325980818181e-01,0.000000000000000000e+00,9.021727951904377818e+00,1.000000000000000000e+00
2.799000000000000000e+03,8.703461371379950151e+01,4.763935016083934215e+01,-3.324453712671479599e-02,8.700948847980744176e+02,7.218954153343504210e-03,0.000000000000000000e+00,9.608181789927952465e+00,1.000000000000000000e+00
2.799000000000000000e+03,1.429754734884909624e+02,5.337570523705153391e+01,3.180005258577481286e-02,-8.326570095008157750e+02,1.478417078597549228e-02,0.000000000000000000e+00,9.415332334002682657e+00,1.000000000000000000e+00
2.800000000000000000e+03,8.821483448011836970e+01,2.020176387742557367e+01,2.816557889316690516e-03,-8.146831251507205707e+01,1.901869837275490527e-01,0.000000000000000000e+00,1.171270071504018517e+01,1.000000000000000000e+00
2.800000000000000000e+03,7.597304622827483911e+01,1.693846785071718131e+01,2.332747328057464473e-03,-6.892900250755002389e+01,4.066352569147662077e-01,0.000000000000000000e+00,8.249229479040744550e+00,1.000000000000000000e+00
2.801000000000000000e+03,1.013828151676875962e+02,8.342439278762839194e+00,2.941962879090548842e-03,-8.471853516248962990e+01,1.253322408619319539e-01,0.000000000000000000e+00,1.648948195411897544e+01,1.000000000000000000e+00
2.801000000000000000e+03,4.805678249744482144e+01,2.790264655245336201e+01,-2.700069892288147616e-02,7.082682750793875357e+02,1.609074811853394849e-02,0.000000000000000000e+00,8.016370388639829869e+00,1.000000000000000000e+00
2.801000000000000000e+03,1.111176324271152964e+02,2.947628273504842511e+01,-2.953145760477574478e-03,8.500837095301949375e+01,2.681125753908406573e-01,0.000000000000000000e+00,6.050547019940600180e+00,1.000000000000000000e+00
2.801000000000000000e+03,6.950428983406396810e+01,4.974442294245285723e+01,3.828644525692420555e-03,-1.076993812518823432e+02,1.668783606892662030e-01,0.000000000000000000e+00,8.337261419062647505e+00,1.000000000000000000e+00
2.802000000000000000e+03,1.241511219204277978e+02,4.612098137379615537e+01,-4.552011146045826379e-03,1.264474595867098827e+02,1.533993728298993497e-01,0.000000000000000000e+00,1.092564579141790126e+01,1.000000000000000000e+00
2.803000000000000000e+03,1.278201241520315818e+02,1.443579642333892821e+01,-8.663018939871237889e-03,2.329957768370561269e+02,6.369730623666103320e-02,0.000000000000000000e+00,1.095624405324990036e+01,1.000000000000000000e+00
2.803000000000000000e+03,5.061540332239913198e+01,4.289308093747001749e+01,2.249225027361436129e-03,-6.676428742104363323e+01,3.135498954060699228e-01,0.000000000000000000e+00,1.031437224934233932e+01,1.000000000000000000e+00
2.803000000000000000e+03,1.189696671529445098e+02,7.977569525676964979e+00,-4.695727784806760612e-03,1.301722800659735526e+02,3.571850069771509428e-01,0.000000000000000000e+00,1.095624405324990036e+01,1.000000000000000000e+00
2.803000000000000000e+03,1.417557151691917738e+02,2.237945569020509140e+01,-5.874026030265448728e-02,1.530888183598712430e+03,9.498609123947510113e-03,0.000000000000000000e+00,1.348635726399302825e+01,1.000000000000000000e+00
2.804000000000000000e+03,3.002128622640519495e+01,3.199436383022341346e+01,-7.670422802848172149e-03,2.072698591514101167e+02,7.202944352726414756e-02,0.000000000000000000e+00,9.589335592229501160e+00,1.000000000000000000e+00
2.804000000000000000e+03,4.697572900055372713e+01,5.254393819104612362e+01,-7.349803034274810659e-03,1.989600970366321917e+02,7.200099630606271450e-02,0.000000000000000000e+00,1.031437224934233932e+01,1.000000000000000000e+00
2.804000000000000000e+03,5.962302903254417252e+00,1.931771310174662659e+01,-7.479783450549198909e-03,2.023289047169135699e+02,7.221645903490625518e-02,0.000000000000000000e+00,9.105435378761965737e+00,1.000000000000000000e+00
2.805000000000000000e+03,3.753499205175160114e+01,5.867925324199134707e+00,2.992023919212699612e-02,-7.839363638871859621e+02,1.102411340191367106e-02,0.000000000000000000e+00,1.607471002650721914e+01,1.000000000000000000e+00
2.805000000000000000e+03,1.110445465964498801e+01,2.683218106368907030e+01,-6.825225322035612455e-03,1.853641917722169694e+02,6.165697815610082788e-02,0.000000000000000000e+00,8.358288415365203505e+00,1.000000000000000000e+00
2.805000000000000000e+03,1.006295803005320799e+01,3.512532702918232985e+01,4.133000625608589627e-03,-1.155876246990615641e+02,1.049573359485522772e-01,0.000000000000000000e+00,8.358288415365203505e+00,1.000000000000000000e+00
2.805000000000000000e+03,9.653310795318384407e+01,4.613138481450547346e+01,-7.393784179234684853e-03,2.000999919775409808e+02,7.601982670126039565e-02,0.000000000000000000e+00,1.154428888980213408e+01,1.000000000000000000e+00
2.805000000000000000e+03,1.241002584602450121e+01,5.012880528340647146e+01,7.312353607970293635e-03,-1.979894899361712817e+02,1.001678267898522545e-01,0.000000000000000000e+00,1.518595031790058769e+01,1.000000000000000000e+00
2.805000000000000000e+03,9.904374493557511983e+01,2.466517696471677112e+01,-2.568970177992019408e-03,7.505138135451086612e+01,4.350803730681074288e-01,0.000000000000000000e+00,7.227767795929634254e+00,1.000000000000000000e+00
2.805000000000000000e+03,8.500794820260254880e+01,4.679568797932547852e+01,4.095070059049518013e-03,-1.146045474970938471e+02,1.633792517955371393e-01,0.000000000000000000e+00,8.049143101584190774e+00,1.000000000000000000e+00
2.806000000000000000e+03,8.301762108635938375e+01,6.236290587971363486e+00,-5.931625555259051330e-02,1.545816718815078048e+03,1.544520134046656334e-02,0.000000000000000000e+00,9.919575134801377203e+00,1.000000000000000000e+00
2.806000000000000000e+03,1.425427182587060315e+02,8.916080987362102306e+00,-3.764358985967980638e-03,1.060332408734921188e+02,1.267831345538582566e-01,0.000000000000000000e+00,1.348635726399302825e+01,1.000000000000000000e+00
2.806000000000000000e+03,1.143875277145323111e+02,4.121772081146298916e+01,-9.946044433582637914e-03,2.662489872906021446e+02,1.422691135411678909e-01,0.000000000000000000e+00,8.957933181479520002e+00,1.000000000000000000e+00
2.807000000000000000e+03,2.337937544696732672e+01,1.356789377902412674e+01,-2.964942516040007525e-02,7.769174573768104892e+02,1.013925741054078067e-02,0.000000000000000000e+00,8.085140191945583865e+00,1.000000000000000000e+00
2.807000000000000000e+03,1.107550186979872819e+02,4.940609336823951026e+01,7.141107737316454256e-03,-1.935511720663677124e+02,1.931903966782460014e-01,0.000000000000000000e+00,8.957933181479520002e+00,1.000000000000000000e+00
2.808000000000000000e+03,9.570161471980034662e+01,1.825652711215946411e+01,-6.933312432237624667e-03,1.881655729142752591e+02,8.577481039622691927e-02,0.000000000000000000e+00,7.227767795929634254e+00,1.000000000000000000e+00
2.808000000000000000e+03,7.458303358827012630e+01,3.495727946981654100e+01,-6.119010264498649793e-03,1.670606443767494511e+02,1.821512400591407399e-01,0.000000000000000000e+00,1.317074083579663224e+01,1.000000000000000000e+00
2.808000000000000000e+03,4.655782464358959061e+01,1.917148854823643944e+01,7.860588109237683085e-03,-2.121985273542851758e+02,5.789884158819891269e-02,0.000000000000000000e+00,1.274203969187401064e+01,1.000000000000000000e+00
2.809000000000000000e+03,1.251303365921317692e+02,4.018002986551237399e+01,-2.517255001540247023e-03,7.371103725798127471e+01,3.524900922276611448e-01,0.000000000000000000e+00,1.079280987880068210e+01,1.000000000000000000e+00
2.810000000000000000e+03,4.689815025202598520e+01,5.253435491444676586e+01,7.054337286249988057e-03,-1.913022720370193213e+02,1.106194278083041382e-01,0.000000000000000000e+00,1.547080834496861712e+01,1.000000000000000000e+00
2.810000000000000000e+03,8.876954206239032885e+01,1.431795971881710727e+01,-4.661220529571120236e-03,1.292779275950762781e+02,2.258057637966086606e-01,0.000000000000000000e+00,7.972825373699789608e+00,1.000000000000000000e+00
2.810000000000000000e+03,6.236384125710293347e+01,5.213646977746302724e+01,3.029811706389093362e-03,-8.699538434169448919e+01,1.964406157681353182e-01,0.000000000000000000e+00,1.235312958072788625e+01,1.000000000000000000e+00
2.810000000000000000e+03,7.898683741065876518e+01,5.213749755108283068e+01,-4.981439752769020561e-03,1.375773084510782098e+02,2.809639554554910212e-01,0.000000000000000000e+00,6.370904453952705992e+00,1.000000000000000000e+00
2.811000000000000000e+03,2.094186910832862480e+01,2.127685316226840584e+01,3.430382565390696116e-03,-9.737730359522900869e+01,2.557916890099487528e-01,0.000000000000000000e+00,7.672469458534227904e+00,1.000000000000000000e+00
2.812000000000000000e+03,1.395817439941410214e+02,4.435147439621641752e+01,-6.525276121402318746e-03,1.775901655015625238e+02,9.619486845561298072e-02,0.000000000000000000e+00,1.388412307457614503e+01,1.000000000000000000e+00
2.812000000000000000e+03,1.077642544420857433e+02,1.971123664959235811e+01,2.970352989900332599e-03,-8.545434464888288062e+01,2.703730990486481467e-01,0.000000000000000000e+00,1.215003937886440433e+01,1.000000000000000000e+00
2.813000000000000000e+03,7.404475749035893273e+01,4.811701628352746241e+01,-9.831041013532500206e-03,2.632683505467892928e+02,2.741818074494483115e-01,0.000000000000000000e+00,6.370904453952705992e+00,1.000000000000000000e+00
2.813000000000000000e+03,6.039337626934910475e+01,8.478232180831181353e+00,3.777323105727560786e-03,-1.063692424610079428e+02,3.708618142137201090e-01,0.000000000000000000e+00,5.246096322119489841e+00,1.000000000000000000e+00
2.813000000000000000e+03,1.907785276453752132e+01,2.871944885612549925e+01,-1.739615235051988635e-03,5.355631785542425405e+01,4.102004169839226222e-01,0.000000000000000000e+00,7.672469458534227904e+00,1.000000000000000000e+00
2.813000000000000000e+03,3.819700562316174342e+01,2.878690745834871123e+01,-4.061477020553194532e-03,1.137338895215761880e+02,1.798492991348619174e-01,0.000000000000000000e+00,7.948846761732481170e+00,1.000000000000000000e+00
2.814000000000000000e+03,9.674517061387049921e+01,4.715782214093849234e+01,1.100905379654193612e-02,-2.937998615591430962e+02,2.828050012029756921e-01,0.000000000000000000e+00,3.717436648108317865e+00,1.000000000000000000e+00
2.814000000000000000e+03,9.814882433352684643e+01,5.060007307136086752e+01,-1.253420512663895592e-02,3.333284433385397278e+02,1.946902506032579527e-01,0.000000000000000000e+00,3.717436648108317865e+00,1.000000000000000000e+00
2.814000000000000000e+03,3.123929890645265317e+01,3.301723567662822489e+01,2.879040878456525215e-03,-8.308773473062230153e+01,2.493192821330272313e-01,0.000000000000000000e+00,8.142810300511163391e+00,1.000000000000000000e+00
2.815000000000000000e+03,1.654541064549558271e+01,4.337283327660793475e+01,-1.997293554544130739e-02,5.261240419732072269e+02,1.519746026501611613e-02,0.000000000000000000e+00,1.487060651287414714e+01,1.000000000000000000e+00
2.815000000000000000e+03,8.016880799908507527e+01,1.621339071253626685e+01,-7.687623366421157504e-03,2.077156600830483058e+02,6.672121173984502107e-02,0.000000000000000000e+00,4.060228732155857223e+00,1.000000000000000000e+00
2.815000000000000000e+03,1.211477718056541164e+02,2.363591419908986779e+01,6.390110457987336484e-03,-1.740869675731801465e+02,7.676299372446071523e-02,0.000000000000000000e+00,1.394710116434472269e+01,1.000000000000000000e+00
2.815000000000000000e+03,7.230391199510773959e+01,4.116237638777025154e+01,-4.056604814818047522e-02,1.059852413411546422e+03,9.896016041748501024e-03,0.000000000000000000e+00,7.169209099893392612e+00,1.000000000000000000e+00
2.815000000000000000e+03,1.042852906940613451e+02,5.117464165591530190e+01,-6.107593166456846273e-03,1.667647382035567034e+02,3.093613044317490290e-01,0.000000000000000000e+00,6.163306616770611868e+00,1.000000000000000000e+00
2.815000000000000000e+03,3.986290041307297116e+01,1.885522623891909433e+01,-7.666073785242228690e-03,2.071571421411671565e+02,3.049905452129004768e-01,0.000000000000000000e+00,6.461267353129989566e+00,1.000000000000000000e+00
2.815000000000000000e+03,1.125965023410716839e+02,3.596170423463313881e+01,-6.394132414515859425e-03,1.741912078766920331e+02,6.551202795089727804e-02,0.000000000000000000e+00,1.013224623769634647e+01,1.000000000000000000e+00
2.815000000000000000e+03,1.155769557659417899e+02,4.564567610590020763e+01,-5.372841173681429210e-03,1.477215759541095395e+02,1.278423188156342372e-01,0.000000000000000000e+00,1.013224623769634647e+01,1.000000000000000000e+00
2.816000000000000000e+03,1.265924031864289105e+02,4.925513618421553019e+01,3.301700514617697708e-03,-9.404214670479940708e+01,2.116001237491460518e-01,0.000000000000000000e+00,9.500009153347216184e+00,1.000000000000000000e+00
2.817000000000000000e+03,1.583949882332888315e+01,1.620462640592904791e+01,-6.218737231998659049e-02,1.620229776521943904e+03,7.307985968963315315e-03,0.000000000000000000e+00,1.035037088363059077e+01,1.000000000000000000e+00
2.817000000000000000e+03,4.921510840238723716e+01,2.425299307852777986e+01,-7.990744994710531970e-03,2.155719087296519092e+02,9.738714226766764792e-02,0.000000000000000000e+00,1.079813322432042888e+01,1.000000000000000000e+00
2.818000000000000000e+03,4.490454265181250548e+01,5.293799023646418078e+01,2.266833072735638041e-03,-6.722064938841980108e+01,4.011857991456221351e-01,0.000000000000000000e+00,1.304803640984657953e+01,1.000000000000000000e+00
2.819000000000000000e+03,3.866124283594480460e+01,1.250668350251462968e+01,-6.549236041151394738e-02,1.705887828597052248e+03,8.761549725004980083e-03,0.000000000000000000e+00,3.593631357595826525e+00,1.000000000000000000e+00
2.819000000000000000e+03,8.354812444691962980e+01,1.396268466713211254e+01,3.078592635233973716e-03,-8.825967916743950070e+01,3.250387615184896495e-01,0.000000000000000000e+00,4.060228732155857223e+00,1.000000000000000000e+00
2.820000000000000000e+03,2.788127721821005878e+01,2.671385077167886735e+01,-8.805930557398138070e-03,2.366997329292549068e+02,6.056308652860609154e-02,0.000000000000000000e+00,6.291531584283720946e+00,1.000000000000000000e+00
2.820000000000000000e+03,7.378517063888737937e+01,2.727412353357513553e+01,-3.552169645861084912e-02,9.291138667831888824e+02,2.127276831014124348e-02,0.000000000000000000e+00,1.277069444019855382e+01,1.000000000000000000e+00
2.820000000000000000e+03,5.909326753924435849e+01,3.937867046568837281e+01,3.111755754777838657e-03,-8.911919458540539551e+01,3.254693739171781175e-01,0.000000000000000000e+00,8.002967495140387300e+00,1.000000000000000000e+00
2.820000000000000000e+03,8.204154861946881283e+01,4.829080787208185654e+01,-2.509045963883116664e-03,7.349827698301275802e+01,4.262985995266064254e-01,0.000000000000000000e+00,8.273152810604416985e+00,1.000000000000000000e+00
2.821000000000000000e+03,1.403876817355134676e+02,4.924354449181016058e+00,-7.337986038146462019e-03,1.986538263809743512e+02,4.874602684315099133e-02,0.000000000000000000e+00,2.703269270044096473e+01,1.000000000000000000e+00
2.821000000000000000e+03,1.010459683946527178e+02,1.736425633460719808e+01,-6.551798868346489502e-03,1.782775770068393228e+02,6.624068004077798832e-02,0.000000000000000000e+00,7.517720889372444759e+00,1.000000000000000000e+00
2.821000000000000000e+03,3.303125439256713491e+01,4.752723427582910176e+01,4.117609468131969326e-03,-1.151887196101118178e+02,1.258806663400017234e-01,0.000000000000000000e+00,1.304803640984657953e+01,1.000000000000000000e+00
2.822000000000000000e+03,1.154207796763563181e+02,3.934571698668401041e+01,4.619814483666032437e-03,-1.282047735811617315e+02,1.415293315072655433e-01,0.000000000000000000e+00,9.931749274430138996e+00,1.000000000000000000e+00
2.822000000000000000e+03,1.421980599029787129e+02,3.769326773594610813e+01,-6.298286083601936647e-02,1.640847096416732484e+03,6.796137723731110469e-03,0.000000000000000000e+00,1.296688096643114996e+01,1.000000000000000000e+00
2.822000000000000000e+03,4.930012046853684637e+01,3.772469721435594892e+01,-6.197288415926041627e-02,1.614670713211526390e+03,8.199916876122093079e-03,0.000000000000000000e+00,9.931835533506898628e+00,1.000000000000000000e+00
2.822000000000000000e+03,1.305784090285945176e+01,2.617420797398884247e+01,-2.174908530869248003e-03,6.483816661507557910e+01,3.123308817955103844e-01,0.000000000000000000e+00,1.035037088363059077e+01,1.000000000000000000e+00
2.822000000000000000e+03,2.572982549347677050e+01,3.262609443649697027e+01,-4.582046852011174495e-03,1.272259192950180733e+02,2.531290586212563420e-01,0.000000000000000000e+00,6.291531584283720946e+00,1.000000000000000000e+00
2.824000000000000000e+03,1.301293410746077086e+02,4.338616943718741936e+01,-3.760289300508037891e-02,9.830539226076068644e+02,7.576941548084303868e-03,0.000000000000000000e+00,1.091718350866490184e+01,1.000000000000000000e+00
2.824000000000000000e+03,8.817086917103809185e+01,3.063973419076241811e+01,-8.828469336575705054e-03,2.372838887165180211e+02,4.577697902532029683e-02,0.000000000000000000e+00,1.477415504703046523e+01,1.000000000000000000e+00
2.824000000000000000e+03,1.386799728785179298e+02,5.017377516496978274e+01,-7.787791520112333915e-03,2.103117992180552847e+02,6.998437498043241778e-02,0.000000000000000000e+00,1.091718350866490184e+01,1.000000000000000000e+00
2.825000000000000000e+03,1.141539119700495917e+02,1.144783500246755814e+01,-8.664205202306513032e-03,2.330265221609851380e+02,3.101012741481101731e-02,0.000000000000000000e+00,4.183110331148902183e+00,1.000000000000000000e+00
2.825000000000000000e+03,1.598559551060284889e+01,4.406326776190478256e+01,-7.475666394917128248e-03,2.022221996529430896e+02,6.091815119921184518e-02,0.000000000000000000e+00,6.150811166548104225e+00,1.000000000000000000e+00
2.825000000000000000e+03,8.310961808191724742e+01,1.625185476444489296e+01,5.439706754718207950e-03,-1.494545853519841785e+02,9.567031697144989799e-02,0.000000000000000000e+00,1.053650499600218104e+01,1.000000000000000000e+00
2.825000000000000000e+03,9.003150986018944479e+01,5.043686863529286057e+01,-7.784284886435642592e-02,2.025985436742351567e+03,6.518631671776020653e-03,0.000000000000000000e+00,8.273152810604416985e+00,1.000000000000000000e+00
2.825000000000000000e+03,6.522407012917888380e+01,5.138797600655511388e+01,-9.246580745588654088e-03,2.481204206054655685e+02,9.594539605408525240e-02,0.000000000000000000e+00,6.783864757656287381e+00,1.000000000000000000e+00
2.825000000000000000e+03,1.063829581532366149e+02,2.265884486321614233e+01,4.154475209772565993e-03,-1.161441988825888245e+02,1.669019519684193931e-01,0.000000000000000000e+00,7.517720889372444759e+00,1.000000000000000000e+00
2.826000000000000000e+03,4.949367549482843742e+01,1.638606912787517089e+01,2.973521647772280063e-03,-8.553646932028465244e+01,3.396140293767520024e-01,0.000000000000000000e+00,1.967706002941795873e+01,1.000000000000000000e+00
2.826000000000000000e+03,8.049702441884687687e+01,4.418298650393806071e+01,-5.313792514856940409e-03,1.461911640577641265e+02,1.930045580954822260e-01,0.000000000000000000e+00,1.140251964892199688e+01,1.000000000000000000e+00
2.827000000000000000e+03,1.343550066293680345e+02,5.660534741877659926e+00,-2.160667971279828237e-02,5.684671122322577048e+02,3.914101580092255173e-02,0.000000000000000000e+00,1.972820562977438286e+01,1.000000000000000000e+00
2.827000000000000000e+03,1.169608140779009275e+01,1.104715307566617888e+01,-6.559873321750155084e-03,1.784868491527518302e+02,1.157966155771841255e-01,0.000000000000000000e+00,4.271464577022507925e+00,1.000000000000000000e+00
2.827000000000000000e+03,2.781489711945691568e+01,2.666117886212538934e+01,8.151650425305483408e-03,-2.197422250428645327e+02,9.152691325008699419e-02,0.000000000000000000e+00,6.318840201718044725e+00,1.000000000000000000e+00
2.827000000000000000e+03,5.877793688353167312e+01,4.927416730434652692e+01,-9.488967887186908201e-03,2.544025643900638443e+02,6.266475474536625789e-02,0.000000000000000000e+00,6.783864757656287381e+00,1.000000000000000000e+00
2.827000000000000000e+03,1.558382135338442431e+01,5.020094285375546406e+01,-7.426504843191651488e-03,2.009480399158506998e+02,9.991914564011161737e-02,0.000000000000000000e+00,6.150811166548104225e+00,1.000000000000000000e+00
2.828000000000000000e+03,7.296629028843914000e+01,1.910331733737715609e+01,3.584111906759537749e-03,-1.013616313942314235e+02,2.603389156360458312e-01,0.000000000000000000e+00,1.053650499600218104e+01,1.000000000000000000e+00
2.828000000000000000e+03,1.126623635327675430e+02,3.590263626659692875e+01,7.928037802085079536e-03,-2.139466756508505227e+02,9.638362709518599747e-02,0.000000000000000000e+00,1.364968655076841131e+01,1.000000000000000000e+00
2.830000000000000000e+03,1.004323154394700310e+02,1.230228322683848496e+01,-1.939911928277137342e-03,5.874756941325449588e+01,3.765585323579491162e-01,0.000000000000000000e+00,1.194439272776112304e+01,1.000000000000000000e+00
2.830000000000000000e+03,1.168093339328547842e+02,1.468003955076218858e+01,-4.767502223412094231e-03,1.320325162996466588e+02,1.933247036334011515e-01,0.000000000000000000e+00,4.183110331148902183e+00,1.000000000000000000e+00
2.830000000000000000e+03,5.382436864558991729e+00,4.432486132075703722e+01,-3.783028402546571075e-03,1.065171112576549177e+02,1.731416636722903357e-01,0.000000000000000000e+00,1.051331710766157457e+01,1.000000000000000000e+00
2.831000000000000000e+03,7.035887566283457772e+01,2.948312119248856433e+01,-4.235648318489133868e-02,1.106256567788030679e+03,9.752131669101826716e-03,0.000000000000000000e+00,1.070228662951998544e+01,1.000000000000000000e+00
2.831000000000000000e+03,1.354367267963907295e+02,2.840291954181610734e+01,2.048325729803998196e-03,-6.155741767886705418e+01,4.423371281643362352e-01,0.000000000000000000e+00,1.045617513431595214e+01,1.000000000000000000e+00
2.832000000000000000e+03,1.544893415119213387e+01,1.308713001649120855e+01,-7.269609863736997517e-03,1.968816657116885835e+02,7.303387952548423545e-02,0.000000000000000000e+00,4.271464577022507925e+00,1.000000000000000000e+00
2.832000000000000000e+03,1.396863374671290217e+02,4.806780735778929170e+01,-4.019395301874226396e-03,1.126432235493586376e+02,2.416641057499737677e-01,0.000000000000000000e+00,1.051451130860303529e+01,1.000000000000000000e+00
2.832000000000000000e+03,9.153412882181473265e+01,3.178381449608573917e+01,-5.398409513577368847e-03,1.483842513192326464e+02,2.398599269831980241e-01,0.000000000000000000e+00,1.370631781116019532e+01,1.000000000000000000e+00
2.833000000000000000e+03,6.545361550486911995e+01,5.142379406175767542e+01,8.145165812739853933e-03,-2.195741580890810951e+02,7.062707329303508086e-02,0.000000000000000000e+00,1.159726342534901455e+01,1.000000000000000000e+00
2.834000000000000000e+03,1.303154704584402452e+02,4.329897106743402446e+01,8.126882709391738263e-03,-2.191003000976703845e+02,1.133661001192589612e-01,0.000000000000000000e+00,1.046732733212290434e+01,1.000000000000000000e+00
2.834000000000000000e+03,2.286854586150747437e+01,4.675917456404528494e+00,1.826421538603176980e-03,-5.580614710264524803e+01,4.335969019743133313e-01,0.000000000000000000e+00,6.594904073060785521e+00,1.000000000000000000e+00
2.834000000000000000e+03,1.192469771183603626e+02,3.367308841705337130e+01,-4.311498430302746973e-03,1.202138968145288942e+02,2.659915352022745871e-01,0.000000000000000000e+00,6.766451858054463919e+00,1.000000000000000000e+00
2.834000000000000000e+03,9.352923863403573534e+01,4.534414947637684890e+01,5.050529201893431443e-03,-1.393679556386159959e+02,2.323234140286267735e-01,0.000000000000000000e+00,1.358436147700820662e+01,1.000000000000000000e+00
2.835000000000000000e+03,1.187797328858770953e+02,4.308183133871986570e+01,2.543765946445789277e-03,-7.439814288026803979e+01,3.338646827124369665e-01,0.000000000000000000e+00,9.420337602166826585e+00,1.000000000000000000e+00
2.835000000000000000e+03,1.474877520340215931e+01,4.909995741702213223e+01,-7.965331376141212769e-03,2.149132434024126610e+02,5.198260548970901063e-02,0.000000000000000000e+00,1.014870535288919839e+01,1.000000000000000000e+00
2.836000000000000000e+03,1.006519129111944295e+02,1.816382992207304881e+01,-8.087992299038145386e-03,2.180923458469938225e+02,4.333985025501618793e-02,0.000000000000000000e+00,1.327032485556216557e+01,1.000000000000000000e+00
2.836000000000000000e+03,1.117776616283473317e+02,5.591778716474309796e+00,2.945985535012537234e-03,-8.482279359274819797e+01,2.633097937400880051e-01,0.000000000000000000e+00,1.678805396802816574e+01,1.000000000000000000e+00
2.836000000000000000e+03,1.115748792225290487e+02,5.293904683223956198e+01,2.453775015911523454e-03,-7.206577507726356657e+01,2.083954480366984052e-01,0.000000000000000000e+00,1.220961152518557924e+01,1.000000000000000000e+00
2.837000000000000000e+03,7.396372703858605746e+01,1.970312347593135982e+01,-3.619429431820306298e-02,9.465461300431544487e+02,7.753573115757639300e-03,0.000000000000000000e+00,1.405147485228521731e+01,1.000000000000000000e+00
2.837000000000000000e+03,5.417505110027019555e+01,2.244324523923244996e+01,-4.031792036127685233e-03,1.129645197473589491e+02,1.237891288760423203e-01,0.000000000000000000e+00,1.171652035605306175e+01,1.000000000000000000e+00
2.837000000000000000e+03,2.320993715973740024e+01,1.126197938401852738e+01,3.339023157700718794e-03,-9.500946786186555926e+01,2.606670319480707265e-01,0.000000000000000000e+00,6.594904073060785521e+00,1.000000000000000000e+00
2.837000000000000000e+03,5.787326146461591492e+00,4.433669685941866589e+01,4.128176692709482551e-03,-1.154625989246759161e+02,2.061749579005663913e-01,0.000000000000000000e+00,1.014870535288919839e+01,1.000000000000000000e+00
2.838000000000000000e+03,5.979004752886463336e+01,4.130349185588880090e+01,-3.738011845398114645e-03,1.053503807007885058e+02,1.827895061293982604e-01,0.000000000000000000e+00,8.043225171365532944e+00,1.000000000000000000e+00
2.838000000000000000e+03,7.936554877416969589e+01,4.724646757410373255e+01,3.108959989615120434e-03,-8.904673447624136884e+01,2.853903783424006635e-01,0.000000000000000000e+00,6.583289370925164086e+00,1.000000000000000000e+00
2.838000000000000000e+03,8.715591237333735819e+01,2.454153143909203294e+01,3.834032518746686036e-03,-1.078390262299703579e+02,2.248426135524580483e-01,0.000000000000000000e+00,8.622219057263043496e+00,1.000000000000000000e+00
2.838000000000000000e+03,9.167008789656307499e+01,3.188761072105869587e+01,5.178916093590504692e-03,-1.426954626523150580e+02,2.701351631129850217e-01,0.000000000000000000e+00,8.288373420598999175e+00,1.000000000000000000e+00
2.839000000000000000e+03,4.561173765921505918e+01,3.043990155071978521e+01,4.844643838858247661e-03,-1.340318580007512139e+02,1.356329847753344753e-01,0.000000000000000000e+00,1.001616230839175081e+01,1.000000000000000000e+00
2.840000000000000000e+03,1.555243467954398717e+01,9.818153035070878332e+00,-4.480178982999523385e-03,1.245857272619666674e+02,1.529819177806361896e-01,0.000000000000000000e+00,4.304787193739239015e+00,1.000000000000000000e+00
2.840000000000000000e+03,8.921760069398868609e+01,1.142899318376895934e+01,6.568684534108988789e-03,-1.787152164769829596e+02,9.802561705380274937e-02,0.000000000000000000e+00,1.013137650018251001e+01,1.000000000000000000e+00
2.840000000000000000e+03,1.439650888092866694e+02,1.151329230913834500e+01,5.617881011299194136e-03,-1.540724718090590386e+02,1.138786372355311549e-01,0.000000000000000000e+00,4.897166489118728094e+00,1.000000000000000000e+00
2.840000000000000000e+03,5.268728301864675245e+01,3.752934195562285424e+01,3.640769457755009108e-03,-1.028300710131395022e+02,1.580430077828988145e-01,0.000000000000000000e+00,6.839066875312797222e+00,1.000000000000000000e+00
2.841000000000000000e+03,2.051134804839779946e+01,2.955490199542276031e+01,6.626027846362453691e-03,-1.802014295256043965e+02,1.048597648276968775e-01,0.000000000000000000e+00,1.184842586506312756e+01,1.000000000000000000e+00
2.841000000000000000e+03,5.090765438763935435e+01,5.248688397821178597e+01,-8.202286141951578569e-03,2.210545919056834805e+02,8.558954978832467031e-02,0.000000000000000000e+00,1.209485075409146759e+01,1.000000000000000000e+00
2.841000000000000000e+03,1.338295023355119611e+02,6.833048426522220886e+00,-3.859612163699312030e-03,1.085019945974001701e+02,1.843691397305584623e-01,0.000000000000000000e+00,1.116399551989029071e+01,1.000000000000000000e+00
2.841000000000000000e+03,8.575721395990242968e+01,4.882327291872569219e+01,6.795065540196909212e-03,-1.845825162890476463e+02,2.681927005325440705e-01,0.000000000000000000e+00,6.583289370925164086e+00,1.000000000000000000e+00
2.842000000000000000e+03,1.260615282670474926e+02,2.662341965936075994e+01,3.283053672399391994e-03,-9.355886139860824358e+01,2.344410319891453431e-01,0.000000000000000000e+00,1.914812552190744199e+01,1.000000000000000000e+00
2.842000000000000000e+03,9.994125551758351378e+01,3.242138983668148455e+01,-8.474817538550703105e-03,2.281180087518244761e+02,1.845580822184191838e-01,0.000000000000000000e+00,3.867060253498185052e+00,1.000000000000000000e+00
2.842000000000000000e+03,7.244972913934030601e+01,4.114248402589389286e+01,8.858476092385868597e-03,-2.380615981002163437e+02,6.288596920396394285e-02,0.000000000000000000e+00,7.701459770470155952e+00,1.000000000000000000e+00
2.843000000000000000e+03,4.644017037921582158e+01,4.622938728721559976e+00,-2.872174006767917731e-02,7.528738917781021200e+02,1.715427155692661465e-02,0.000000000000000000e+00,2.446655623506222454e+01,1.000000000000000000e+00
2.843000000000000000e+03,7.996091634180362462e+01,3.944114649156347951e+01,-5.019240344912004673e-03,1.385570170008773232e+02,1.777864238603460434e-01,0.000000000000000000e+00,7.701459770470155952e+00,1.000000000000000000e+00
2.843000000000000000e+03,9.647959580638894295e+01,4.514877209994626384e+01,3.760969478046632952e-03,-1.059453922525605947e+02,3.644597687600970026e-01,0.000000000000000000e+00,1.072256526876452831e+01,1.000000000000000000e+00
2.844000000000000000e+03,1.930484704571932397e+01,7.708509885731218425e+00,3.742058577248272115e-03,-1.054552631263692177e+02,3.133934003626975828e-01,0.000000000000000000e+00,4.304787193739239015e+00,1.000000000000000000e+00
2.844000000000000000e+03,8.162541222907617566e+01,1.813745531019553781e+01,-8.068670316497524378e-03,2.175915623824779175e+02,8.971377117534828916e-02,0.000000000000000000e+00,7.410155055670825774e+00,1.000000000000000000e+00
2.844000000000000000e+03,1.419882502391512276e+02,1.599373301176708395e+01,-8.098488861238080025e-03,2.183643937475102064e+02,6.403992805858937931e-02,0.000000000000000000e+00,4.897166489118728094e+00,1.000000000000000000e+00
2.844000000000000000e+03,2.726601679928113242e+01,1.982044538266120881e+01,-7.347079830013848734e-03,1.988895175471040488e+02,7.471865667547050727e-02,0.000000000000000000e+00,1.184842586506312756e+01,1.000000000000000000e+00
2.844000000000000000e+03,1.021934845402435030e+02,2.927788551289354402e+01,5.086472838795942294e-03,-1.402995359760631970e+02,2.900210262059894628e-01,0.000000000000000000e+00,3.867060253498185052e+00,1.000000000000000000e+00
2.845000000000000000e+03,1.050829505423191534e+02,5.154843562474680851e+01,-7.886928993691651180e-03,2.128812253821681395e+02,6.297760220167869516e-02,0.000000000000000000e+00,1.072256526876452831e+01,1.000000000000000000e+00
2.845000000000000000e+03,7.421663030890221080e+01,1.828010315766358929e+01,-1.326399424855687764e-02,3.522429788460499935e+02,8.825358077133438339e-02,0.000000000000000000e+00,7.410155055670825774e+00,1.000000000000000000e+00
2.845000000000000000e+03,5.939011408589153262e+01,2.616919927035883120e+01,-6.464207667425956108e-03,1.760074049390468076e+02,1.505921609901610392e-01,0.000000000000000000e+00,1.319017763889400641e+01,1.000000000000000000e+00
2.845000000000000000e+03,4.545644425783055453e+01,3.568558078165311542e+01,-8.488310619571790006e-02,2.208453485767372513e+03,4.209296750670832310e-03,0.000000000000000000e+00,7.462203726216552369e+00,1.000000000000000000e+00
2.845000000000000000e+03,5.752541088333008190e+01,4.236311423925139508e+01,-7.542664483624117455e-03,2.039586433593843537e+02,8.597783622861210340e-02,0.000000000000000000e+00,6.839066875312797222e+00,1.000000000000000000e+00

# Refeyn DiscoverMP; 2023.1.1; Refeyn Ltd; www.refeyn.com; email: support@refeyn.com
# Time created: 2023-10-17 16:31:53
# Time changed: 2023-10-17 16:31:53
# Version commit: 352bfcb325f611893d28855497615baa119bce37
